Date,Open,High,Low,Close,Volume,OpenInterest,5 day sma,200 day sma,rsi,macd,signal,histogram
2019-10-08,225.82,228.06,224.33,224.39,49356153,0.0,,,,,,
2019-10-09,227.03,227.79,225.64,227.0,33424472,0.0,,,,,,
2019-10-10,227.93,230.44,227.3,230.09,51957764,0.0,,,,,,
2019-10-11,232.95,237.64,232.3075,236.22,75801862,0.0,,,,,,
2019-10-14,234.9,238.1342,234.6701,235.89,43035391,0.0,230.71800000000002,,,,,
2019-10-15,236.39,237.65,234.88,235.32,37286507,0.0,232.904,,,,,
2019-10-16,233.37,235.24,233.2,234.39,32693993,0.0,234.38199999999998,,,,,
2019-10-17,235.09,236.15,233.52,235.29,30936663,0.0,235.42199999999997,,,,,
2019-10-18,234.59,237.58,234.29,236.28,45791251,0.0,235.43399999999997,,,,,
2019-10-21,238.3659,240.99,238.32,240.53,17427391,0.0,236.362,,,,,
2019-10-22,241.16,242.2,239.6218,239.97,19060536,0.0,237.292,,,,,
2019-10-23,242.1,243.24,241.22,243.14,17199153,0.0,239.042,,,,,
2019-10-24,244.51,244.8,241.805,243.6,15641517,0.0,240.704,,,,,
2019-10-25,243.16,246.73,242.88,246.58,15414721,0.0,242.76399999999998,,,,,
2019-10-28,247.42,249.25,246.72,249.04,22187260,0.0,244.46599999999998,,91.87903499830101,,,
2019-10-29,248.97,249.75,242.57,243.29,32725739,0.0,245.12999999999997,,75.90749098447384,,,
2019-10-30,244.76,245.3,241.21,243.29,25443913,0.0,245.15999999999994,,75.90749098447384,,,
2019-10-31,247.24,249.17,237.26,248.84,29688327,0.0,246.20799999999994,,79.83201879188685,,,
2019-11-01,249.54,255.93,249.16,255.84,33985331,0.0,248.05999999999995,,83.48586973634909,,,
2019-11-04,257.33,257.845,255.38,257.48,23618001,0.0,249.74799999999996,,84.20774639550403,,,
2019-11-05,257.05,258.19,256.32,257.15,17738372,0.0,252.51999999999998,,83.41757801816551,,,
2019-11-06,256.84,257.49,255.365,257.24,15328064,0.0,255.31,,83.4631537385798,,,
2019-11-07,258.74,260.35,258.11,259.5,22267200,0.0,257.442,,84.60722509183229,,,
2019-11-08,258.69,260.44,256.85,260.14,15896858,0.0,258.302,,84.92528272036489,,,
2019-11-11,258.3,262.47,258.28,262.2,19401290,0.0,259.246,,85.93283460847744,,,
2019-11-12,261.55,262.79,260.92,261.98,19425255,0.0,260.212,,85.2773056833598,10.251758126646195,,
2019-11-13,261.13,264.78,261.07,264.47,24029891,0.0,261.658,,86.52977981883313,10.244049556647155,,
2019-11-14,263.75,264.88,262.1,262.69,20368211,0.0,262.296,,81.21111889783862,9.97927447124448,,
2019-11-15,263.68,265.78,263.01,265.75,23136341,0.0,263.418,,83.13075321178425,9.90220824226816,,
2019-11-18,265.8,267.43,264.23,267.12,18045658,0.0,264.402,,83.9227321941395,9.838270789454555,,
2019-11-19,267.9,268.0,265.3926,266.29,14685205,0.0,265.264,,81.42850151941305,9.609849471273463,,
2019-11-20,265.54,266.08299999999997,260.4,263.22,22181038,0.0,265.014,,72.80891333010936,9.076472661060109,,
2019-11-21,263.71,264.005,261.18,262.01,25411879,0.0,264.878,,69.6782319177022,8.458625044385144,,
2019-11-22,262.59,263.18,260.84,261.84,14301792,0.0,264.09599999999995,,69.2278474672986,7.864600557880436,9.469456546762189,-1.6048559888817522
2019-11-25,262.71,266.44,262.52,266.42,15137109,0.0,263.95599999999996,,74.08742087916382,7.6749278056857975,9.11055079854691,-1.4356229928611128
2019-11-26,266.94,267.16,262.5,264.1,14856696,0.0,263.5179999999999,,68.21113722811025,7.253789007747741,8.739198440387076,-1.4854094326393348
2019-11-27,265.58,267.98,265.31,267.8999,14459464,0.0,264.4539799999999,,72.11266068112201,7.144298621810549,8.42021847667177,-1.2759198548612218
2019-11-29,266.6,268.0,265.9,267.18,8827719,0.0,265.48797999999994,,70.35103192169707,6.919671127166737,8.120109006770765,-1.2004378796040278
2019-12-02,267.27,268.25,263.45,264.09,20260941,0.0,265.9379799999999,,63.21297375186778,6.4183285472929015,7.779752914875193,-1.3614243675822912
2019-12-03,258.31,259.53,256.29,259.52,25772086,0.0,264.55797999999993,,54.41869656451215,5.587837026909767,7.341369737282108,-1.7535327103723404
2019-12-04,261.07,263.31,260.68,261.74,14623003,0.0,264.08597999999995,,57.51106500081351,5.05058199496392,6.8832121888184705,-1.8326301938545502
2019-12-05,263.79,265.89,262.73,265.58,15381351,0.0,263.62199999999996,,62.27822321695109,4.878423984237543,6.482254547902285,-1.6038305636647419
2019-12-06,267.48,271.0,267.3,270.7,23057888,0.0,264.3259999999999,,67.51215486415508,5.096380825016126,6.205079803325054,-1.1086989783089276
2019-12-09,270.0,270.8,264.91,266.92,27858494,0.0,264.89199999999994,,60.80439648715192,4.907527856110278,5.945569413882099,-1.0380415577718214
2019-12-10,268.6,270.07,265.86,268.62,20404044,0.0,266.712,,62.60394292830802,4.839252420573132,5.724306015220305,-0.8850535946471734
2019-12-11,268.81,271.1,268.5,270.74,17110774,0.0,268.512,,64.77583402464587,4.89972890360724,5.559390592897692,-0.6596616892904521
2019-12-12,267.79,272.5599,267.32099999999997,271.46,30907462,0.0,269.688,,65.5084993526279,4.948709294547314,5.437254333227617,-0.48854503868030363
2019-12-13,271.46,275.3,270.93,275.26,29835265,0.0,270.6,,69.15506896156018,5.2338226003317345,5.396567986648441,-0.16274538631670676
2019-12-16,276.99,280.79,276.98,279.86,26824132,0.0,273.188,,72.89134766519436,5.764508835914,5.470156156501553,0.29435267941244714
2019-12-17,279.57,281.77,278.8,280.42,24453671,0.0,275.54800000000006,,73.31512287440293,6.15926860640252,5.6079786464817465,0.5512899599207737
2019-12-18,279.8,281.9,279.12,279.71,22974624,0.0,277.34200000000004,,71.7829632743353,6.341724055002942,5.754727728185986,0.5869963268169558
2019-12-19,279.61,281.18,278.95,280.03,17776673,0.0,279.05600000000004,,72.06630797435291,6.43793018647051,5.891368219842891,0.5465619666276185
2019-12-20,282.23,282.65,278.56,279.28,34326205,0.0,279.86,,70.2849068097242,6.3801095750963555,5.9891164908935846,0.3909930842027709
2019-12-23,280.53,284.25,280.3735,283.97,18929964,0.0,280.6820000000001,,74.52553999914132,6.63623177900439,6.118539548515746,0.5176922304886444
2019-12-24,284.69,284.89,282.9197,284.2762,9678447,0.0,281.45324000000005,,74.77860941708299,6.785696961222868,6.251971031057171,0.5337259301656969
2019-12-26,284.78,289.98,284.7,289.91,20772521,0.0,283.49324000000007,,78.92669936268913,7.274889375083831,6.456554699862504,0.818334675221327
2019-12-27,291.12,293.97,288.12,289.83,32927275,0.0,285.45324000000005,,78.72869014499554,7.568873296199001,6.679018419129804,0.8898548770691974
2019-12-30,289.46,292.69,285.22,291.647,33920736,0.0,287.92664,,79.95850892283059,7.85789348173148,6.914793431650139,0.9431000500813411
2019-12-31,289.93,293.68,289.52,293.37,21437960,0.0,289.80664,,81.07583186781474,8.132232447812669,7.1582812348826454,0.9739512129300234
2020-01-02,296.24,300.6,295.19,300.58,30589026,0.0,293.0674,,84.8756308861856,8.829652065707421,7.492555401047602,1.3370966646598195
2020-01-03,297.15,300.58,296.5,297.38,31609363,0.0,294.5614,,77.44326814643017,9.02016997641465,7.798078316121012,1.2220916602936374
2020-01-06,293.79,299.96,292.75,299.78,27487207,0.0,296.5514,,78.9332704783146,9.258095177379971,8.090081688372806,1.1680134890071656
2020-01-07,299.84,300.9,297.48,298.27,23877417,0.0,297.87600000000003,,75.55179719971609,9.2185426120123,8.315773873100705,0.902768738911595
2020-01-08,297.16,304.4399,297.156,303.15,29547763,0.0,299.83200000000005,,78.72401562383101,9.471787267498996,8.546976551980363,0.9248107155186336
2020-01-09,307.25,310.43,306.2,309.71,39240341,0.0,301.6580000000001,,82.08848882134629,10.085562570031357,8.854693755590562,1.2308688144407949
2020-01-10,310.6,312.67,308.25,310.37,32981826,0.0,304.25600000000003,,82.39021039008026,10.504155042727234,9.184586013017897,1.3195690297093368
2020-01-13,311.66,317.07,311.15,316.97,28105058,0.0,307.6940000000001,,85.09424787028053,11.238902364153034,9.595449283244925,1.6434530809081096
2020-01-14,316.7,317.57,312.17,312.69,37279469,0.0,310.5780000000001,,76.85281310300527,11.345055936618792,9.9453706139197,1.3996853226990922
2020-01-15,311.85,315.5,309.55,311.5,28107488,0.0,312.24800000000005,,74.68692955329246,11.204007528304317,10.197097996796623,1.0069095315076932
2020-01-16,313.59,315.7,312.09,315.33,24013095,0.0,313.372,,76.93951024083307,11.271345584145593,10.41194751426642,0.8593980698791732
2020-01-17,316.27,318.74,315.0,318.67,30204740,0.0,315.03200000000004,,78.71810950773609,11.46209368391709,10.621976748196554,0.8401169357205358
2020-01-21,317.19,319.02,316.0,316.55,44685529,0.0,314.94800000000004,,74.77585164622207,11.31180124147113,10.75994164685147,0.5518595946196605
2020-01-22,318.75,319.99,317.31,317.7,44852758,0.0,315.95000000000005,,75.49283666361328,11.156879228256003,10.839329163132376,0.31755006512362627
2020-01-23,317.86,319.56,315.65,319.2899,41293070,0.0,317.50798000000003,,76.48788003238127,11.035187289375187,10.878500788380938,0.1566865009942493
2020-01-24,320.25,323.33,317.5188,318.33,67508467,0.0,318.10798000000005,,74.52060004764088,10.737514262737761,10.850303483252302,-0.1127892205145411
2020-01-27,310.06,311.77,304.88,308.96,35107297,0.0,316.16598000000005,,58.66016452558793,9.634465432606078,10.60713587312306,-0.9726704405169819
2020-01-28,312.6,318.4,312.19,317.76,30754951,0.0,316.40798000000007,,65.98276778829612,9.362453210336412,10.35819934056573,-0.9957461302293176
2020-01-29,324.45,327.85,321.38,324.32,47978319,0.0,317.73198,,70.21782278955801,9.565948441203943,10.199749160693372,-0.6338007194894288
2020-01-30,320.65,324.09,318.75,323.8762,29370141,0.0,318.64924,,69.58664152561015,9.580965520189011,10.0759924325925,-0.49502691240348895
2020-01-31,320.95,322.68,308.29,309.33,46153891,0.0,316.84924,,52.82568449935196,8.323165618878818,9.725427069849763,-1.4022614509709452
2020-02-03,304.3,313.49,302.22,308.71,40308612,0.0,316.79924,,52.24802800813733,7.1934002760417,9.219021711088152,-2.0256214350464514
2020-02-04,315.31,319.64,313.6345,318.86,30865583,0.0,317.01924,,59.96613926888153,7.035967027083416,8.782410774287206,-1.7464437472037897
2020-02-05,323.52,324.4,318.95,321.58,26442843,0.0,316.47124,,61.75030520342144,7.049419985568136,8.435812616543393,-1.3863926309752568
2020-02-06,322.57,325.22,320.2648,325.21,23365266,0.0,316.73800000000006,,64.05278297937357,7.2691974318388475,8.202489579602485,-0.9332921477636376
2020-02-07,322.37,323.4,318.0,320.04,27107613,0.0,318.88000000000005,,58.63875135575164,6.946126229551339,7.951216909592256,-1.005090680040917
2020-02-10,314.18,321.54,313.85,321.54,23748626,0.0,321.446,,59.70299473187377,6.733507752208652,7.707675078115536,-0.9741673259068842
2020-02-11,323.6,323.9,318.71,319.61,21422946,0.0,321.596,,57.6476729311416,6.3362310790517995,7.433386278302789,-1.0971551992509898
2020-02-12,321.62,327.21,321.47,327.2,24425223,0.0,322.72,,63.036843334083855,6.558236750179049,7.258356372678041,-0.7001196224989927
2020-02-13,324.19,326.22,323.35,324.91,21088852,0.0,322.66,,60.53406234378063,6.474757013880662,7.101636500918566,-0.626879487037904
2020-02-14,324.74,325.98,322.85,324.94,17502899,0.0,323.64000000000004,,60.556156533198376,6.337959419756544,6.948901084686162,-0.6109416649296184
2020-02-18,315.36,319.75,314.61,319.0,34217504,0.0,323.13200000000006,,54.098290083795625,5.684708205901416,6.696062508929214,-1.0113543030277983
2020-02-19,320.0,324.57,320.0,323.62,19929550,0.0,323.934,,57.86222869989529,5.476665708369296,6.452183148817231,-0.975517440447935
2020-02-20,322.55,324.65,318.21,320.3,22805445,0.0,322.554,,54.409449614097895,4.986413999950969,6.159029319043979,-1.1726153190930102
2020-02-21,318.62,320.45,310.5,313.03,29739870,0.0,320.178,,47.69747866859765,3.9655454078859407,5.720332536812371,-1.7547871289264307
2020-02-24,297.26,304.18,289.23,298.17,49427633,0.0,314.82399999999996,,37.51138036930457,1.9351150818192195,4.963289045813741,-3.0281739639945213
2020-02-25,300.95,302.53,286.13,288.08,52521891,0.0,308.64,,32.44480357244579,-0.48263078711426033,3.874105079228141,-4.356735866342401
2020-02-26,286.53,297.88,286.5,292.69,46094168,0.0,302.454,,36.65460012847144,-2.0036267723229457,2.6985587089179237,-4.702185481240869
2020-02-27,281.1,286.0,272.96,273.04,72477356,0.0,293.002,,28.501593406630676,-4.7399783074884,1.210851305636659,-5.950829613125059
2020-02-28,257.26,278.41,256.37,274.64,96710951,0.0,285.324,,29.869444137465052,-6.702191295923058,-0.37175721467528433,-6.330434081247773
2020-03-02,282.28,301.44,277.72,298.82,78891672,0.0,285.454,,46.520760248068335,-6.234270517107802,-1.544259875161788,-4.690010641946015
2020-03-03,303.67,304.0,285.8,289.31,74214898,0.0,285.7,,42.26985925543302,-6.555252579094599,-2.5464584159483503,-4.0087941631462485
2020-03-04,296.44,303.4,293.13,302.76,49969205,0.0,287.714,,49.32284296162178,-5.659096045561853,-3.168985941871051,-2.4901101036908018
2020-03-05,295.52,299.55,291.41,292.92,42089988,0.0,291.69,,44.992085284472786,-5.677445245266256,-3.6706778025500926,-2.0067674427161633
2020-03-06,282.0,290.82,281.23,288.98,51462221,0.0,294.558,,43.35074672609999,-5.941423162467515,-4.124826874533578,-1.8165962879339377
2020-03-09,263.75,278.09,263.0,266.09,130952816,0.0,288.012,,35.294944320984555,-7.906517847881901,-4.8811650692032424,-3.0253527786786583
2020-03-10,277.14,286.44,269.37,285.69,65679929,0.0,287.288,,44.76070112314508,-7.792486415111114,-5.463429338384817,-2.329057076726297
2020-03-11,277.39,281.22,271.86,275.3,58216000,0.0,281.796,,41.31066624405769,-8.44317419382213,-6.0593783094722795,-2.3837958843498512
2020-03-12,255.94,270.0,248.0,248.0,96606887,0.0,272.812,,33.91398068964199,-11.034531579492409,-7.054408963476305,-3.9801226160161036
2020-03-13,264.89,279.92,252.95,278.06,83319113,0.0,270.628,,45.48786554322314,-10.541098971917847,-7.751746965164615,-2.7893520067532327
2020-03-16,241.95,259.08,240.0,241.47,74222204,0.0,265.704,,36.99473814434916,-12.953240387955816,-8.792045649722855,-4.161194738232961
2020-03-17,247.51,257.61,238.4,252.85,151273870,0.0,259.13599999999997,,40.70299151272591,-13.787673230857934,-9.791171165949871,-3.9965020649080625
2020-03-18,239.77,250.0,237.12,249.0,62337123,0.0,253.87599999999998,,39.8485000876748,-14.59142918206777,-10.751222769173452,-3.840206412894318
2020-03-19,247.385,252.84,242.61,244.78,61569852,0.0,253.23199999999997,,38.884895799864246,-15.391506589060441,-11.67927953315085,-3.7122270559095902
2020-03-20,247.18,251.83,228.0,228.74,83656772,0.0,243.368,,35.38259808756332,-17.122490237398722,-12.767921674000425,-4.354568563398297
2020-03-23,228.08,228.4997,212.61,223.43,77575565,0.0,239.76,,34.28179284867123,-18.707135657180572,-13.955764470636456,-4.751371186544116
2020-03-24,236.36,247.69,234.3,246.88,64013339,0.0,238.56599999999997,,42.75234090195817,-17.864824967184205,-14.737576569946008,-3.1272483972381977
2020-03-25,250.82,258.25,244.3,245.465,67944382,0.0,237.85899999999998,,42.3972319806224,-17.114184683373026,-15.212898192631412,-1.9012864907416134
2020-03-26,246.52,258.68,246.36,258.48,54641901,0.0,240.599,,46.77627643869934,-15.29280913698679,-15.228880381502488,-0.06392875548430155
2020-03-27,252.75,255.87,247.05,247.62,45641532,0.0,244.37499999999994,,43.785160266788004,-14.557853262900835,-15.094674957782159,0.5368216948813238
2020-03-30,250.74,255.52,249.4,254.79,37524398,0.0,250.64699999999993,,46.22984540517617,-13.244165859979915,-14.72457313822171,1.4804072782417954
2020-03-31,255.6,262.49,252.0,254.3,41083385,0.0,252.13099999999994,,46.08235349022615,-12.103081246751543,-14.200274759927678,2.0971935131761352
2020-04-01,246.5,248.72,239.13,240.76,39826068,0.0,251.18999999999997,,42.08661516114627,-12.151256193689392,-13.790471046680022,1.63921485299063
2020-04-02,240.34,245.15,236.9,244.93,75974814,0.0,248.47999999999996,,43.705552442277316,-11.717874671276661,-13.37595177159935,1.6580771003226893
2020-04-03,242.8,245.7,238.9741,241.43,29119767,0.0,247.24200000000002,,42.628425134155556,-11.523995989371855,-13.00556061515385,1.4815646257819957
2020-04-06,250.9,263.11,249.38,262.285,43802547,0.0,248.74100000000004,,50.462556437179046,-9.57712242389806,-12.319872976902692,2.7427505530046314
2020-04-07,270.8,271.7,259.0,259.385,47214898,0.0,249.75800000000004,,49.45133884616264,-8.173992166915468,-11.490696814905249,3.3167046479897806
2020-04-08,262.74,267.37,261.23,266.04,36519701,0.0,254.81400000000002,,51.836554552127474,-6.450639490739178,-10.482685350072035,4.032045859332857
2020-04-09,268.7,270.07,264.7,267.96,37508554,0.0,259.42,,52.53246370186449,-4.873760448256462,-9.360900369708922,4.48713992145246
2020-04-13,268.31,273.7,265.83,273.23,30530102,0.0,265.78000000000003,,54.47675907328134,-3.162373614992134,-8.121195018765565,4.958821403773431
2020-04-14,280.0,288.25,278.05,287.07,88126631,0.0,270.73699999999997,,59.20288376105726,-0.6814594451697644,-6.633247904046406,5.951788458876641
2020-04-15,282.4,286.33,280.63,284.45,54896950,0.0,275.75,,57.97581541689894,1.061039798368256,-5.094390363563474,6.15543016193173
2020-04-16,287.38,288.1975,282.3502,286.72,103289014,0.0,279.886,,58.77310441869526,2.595236757853911,-3.5564649392799974,6.151701697133909
2020-04-17,284.69,286.945,276.86,282.74,189543675,0.0,282.842,,56.74050601261407,3.4501746975323613,-2.1551370119175255,5.605311709449887
2020-04-20,277.95,281.68,276.85,276.85,86952157,0.0,283.566,,53.77647859842353,3.610822089616306,-1.0019451916107593,4.6127672812270655
2020-04-21,276.28,277.25,265.43,268.36,120805673,0.0,279.824,,49.74284272055182,3.0182715040453445,-0.19790185247953862,3.216173356524883
2020-04-22,273.61,277.58,272.2,276.09,95665531,0.0,278.152,,53.18585014375099,3.1362643899479394,0.468931396005957,2.6673329939419825
2020-04-23,275.87,281.75,274.87,274.87,55290604,0.0,275.78200000000004,,52.573678199639296,3.095646116624323,0.9942743401296303,2.101371776494693
2020-04-24,277.2,283.01,277.0,282.95,84909438,0.0,275.824,,56.17173342074975,3.673103069244064,1.5300400859525172,2.143062983291547
2020-04-27,281.8,284.54,279.95,283.25,52652760,0.0,277.104,,56.304284057231186,4.107599507117129,2.0455519701854397,2.0620475369316895
2020-04-28,285.08,285.83,278.2,278.57,24567863,0.0,279.146,,53.58186706229588,4.027873360070487,2.442016248162449,1.5858571119080378
2020-04-29,284.73,289.67,283.89,287.83,57520384,0.0,281.494,,57.91760905137868,4.658197622526018,2.885252523035163,1.7729450994908547
2020-04-30,289.96,294.53,288.35,293.99,34380486,0.0,285.31800000000004,,60.55697942400618,5.590352556102005,3.4262725296485317,2.164080026453473
2020-05-01,286.25,299.0,285.85,289.07,112571771,0.0,286.54200000000003,,57.45731734791414,5.864487019090575,3.9139154275369403,1.9505715915536346
2020-05-04,289.17,293.69,286.3172,293.17,31026388,0.0,288.526,,59.3257322638241,6.339498498422415,4.399032041714035,1.9404664567083802
2020-05-05,295.06,301.0,294.46,297.78,68730265,0.0,292.36800000000005,,61.37957530491042,7.007162779968212,4.92065818936487,2.086504590603342
2020-05-06,300.46,303.24,298.87,300.5,33168366,0.0,294.90200000000004,,62.580184892538824,7.667387926136939,5.470004136719284,2.197383789417655
2020-05-07,303.22,305.17,301.97,303.75,52106578,0.0,296.85400000000004,,64.01948474391857,8.356539958877306,6.047311301150889,2.3092286577264174
2020-05-08,305.64,310.29,304.29,310.1484,30509246,0.0,301.06968000000006,,66.73244387044393,9.311656338273508,6.700180308575414,2.6114760296980943
2020-05-11,308.1,317.05,307.24,315.005,34252219,0.0,305.4366800000001,,68.66382292460948,10.34127223280592,7.428398693421515,2.912873539384405
2020-05-12,317.83,319.688,310.91,311.51,72568708,0.0,308.18268000000006,,65.70743994317479,10.751298677436068,8.092978690224427,2.658319987211641
2020-05-13,312.15,315.95,303.21,307.68,46896514,0.0,309.6186800000001,,62.530138765249795,10.644495479611464,8.603282048101835,2.041213431509629
2020-05-14,304.51,309.79,301.53,309.7,36192573,0.0,310.8086800000001,,63.53174293376,10.60065256986718,9.002756152454904,1.5978964174122758
2020-05-15,300.35,307.9,300.21,307.74,38430814,0.0,310.3270000000001,,61.80538927322209,10.289144277960816,9.260033777556085,1.0291105004047303
2020-05-18,313.17,316.5,310.3241,314.89,58756477,0.0,310.3040000000001,,65.48944045192943,10.498200239823746,9.507667070009617,0.9905331698141282
2020-05-19,315.03,318.52,313.01,313.01,23453139,0.0,310.6040000000001,,63.748320060324396,10.392381403792513,9.684609936766197,0.7077714670263155
2020-05-20,316.68,319.52,316.2,319.16,49657449,0.0,312.9000000000001,,66.85291414173261,10.681641502015339,9.884016249816026,0.7976252521993121
2020-05-21,318.66,320.89,315.87,317.04,46099960,0.0,314.36800000000005,,64.7929950058678,10.617424866696922,10.030697973192206,0.5867268935047161
2020-05-22,315.77,319.23,315.35,318.89,37592751,0.0,316.59800000000007,,65.78378662733459,10.593694740829847,10.143297326719734,0.45039741411011214
2020-05-26,323.5,324.24,316.5,316.84,27609402,0.0,316.9880000000001,,63.6463485000773,10.29084413234898,10.172806687845585,0.11803744450339515
2020-05-27,316.14,318.71,313.09,318.08,24944652,0.0,318.00200000000007,,64.39984133082399,10.035210816503877,10.145287513577244,-0.11007669707336731
2020-05-28,316.77,323.44,315.63,318.15,28935286,0.0,317.80000000000007,,64.44464330619829,9.726150972847392,10.061460205431276,-0.33530923258388334
2020-05-29,319.25,321.15,316.47,318.76,56248101,0.0,318.14400000000006,,64.85966198396574,9.421831711032894,9.9335345065516,-0.5117027955187066
2020-06-01,317.75,322.35,317.21,321.76,37704502,0.0,318.718,,66.90560330640267,9.315349876721939,9.80989758058567,-0.4945477038637307
2020-06-02,320.745,323.44,318.93,323.42,37968664,0.0,320.03400000000005,,68.01529196330502,9.258187757227972,9.69955561591413,-0.44136785868615824
2020-06-03,324.66,326.1,322.3,325.09,45506089,0.0,321.43600000000004,,69.1364968048696,9.241115580903852,9.607867608912075,-0.36675202800822326
2020-06-04,324.39,325.62,320.78,322.25,38930216,0.0,322.25600000000003,,64.96575219494964,8.895875379158099,9.46546916296128,-0.5695937838031817
2020-06-05,323.35,331.75,323.23,331.54,29572650,0.0,324.812,,71.10611724335142,9.26509316549226,9.425393963467476,-0.16030079797521601
2020-06-08,330.25,333.5,327.32,333.4402,20899464,0.0,327.14804000000004,,72.18016650993576,9.600364158597472,9.460388002493476,0.13997615610399627
2020-06-09,332.14,345.61,332.01,344.32,66753163,0.0,331.32804,,77.36762572027672,10.621539276744329,9.692618257343646,0.9289210194006827
2020-06-10,347.9,354.77,346.09,352.78,76721048,0.0,336.86604,,80.42431486111079,11.975433864731201,10.149181378821158,1.826252485910043
2020-06-11,349.31,351.06,335.59,336.08,44058913,0.0,339.63204,,62.484298094351715,11.567511574809487,10.432847418018826,1.1346641567906612
2020-06-12,344.72,347.8,337.63,337.655,26008570,0.0,340.85504000000003,,63.31542573999389,11.241731871026843,10.59462430862043,0.6471075624064131
2020-06-15,333.25,344.8,332.58,342.99,62285020,0.0,342.765,,66.05842208832014,11.283964503436152,10.732492347583575,0.5514721558525775
2020-06-16,351.46,353.2,344.72,352.26,36742302,0.0,344.353,,70.22452874120424,11.92794773961515,10.971583425989891,0.956364313625258
2020-06-17,355.15,355.4,351.09,351.2438,50065784,0.0,344.04576000000003,,69.22147695277249,12.215497594289673,11.220366259649849,0.9951313346398241
2020-06-18,351.41,353.45,349.22,351.59,21375772,0.0,347.14776,,69.38192886864768,12.32919508619375,11.44213202495863,0.8870630612351196
2020-06-19,354.635,356.56,345.15,349.55,90845598,0.0,349.5267600000001,,67.16017107443099,12.115035627301552,11.576712745427216,0.5383228818743362
2020-06-22,351.34,359.46,351.15,358.93,30845663,0.0,352.71476000000007,,71.65474087055546,12.557445901647554,11.772859376671283,0.7845865249762713
2020-06-23,364.0,372.37,362.2701,366.37,50255788,0.0,355.5367600000001,,74.62165710173105,13.354463114862767,12.08918012430958,1.265282990553187
2020-06-24,365.0,368.79,358.52,360.06,44983139,0.0,357.3000000000001,,68.11020093371225,13.323357363223863,12.336015572092439,0.9873417911314242
2020-06-25,360.7,365.0,357.57,364.88,32015338,0.0,359.95800000000014,,70.24600257462762,13.531655052245014,12.575143468122956,0.9565115841220582
2020-06-26,364.41,365.32,353.02,353.69,40859277,0.0,360.7860000000001,,60.17062386779138,12.647994779515216,12.58971373040141,0.058281049113805494
2020-06-29,353.25,362.1736,351.28,362.0,29154717,0.0,361.40000000000003,,64.2692433286316,12.474437645273667,12.566658513375863,-0.09222086810219565
2020-06-30,360.08,365.98,360.0,364.6,28884259,0.0,361.0460000000001,,65.46661839208612,12.403708407389047,12.5340684921785,-0.13036008478945327
2020-07-01,365.12,367.36,363.91,364.01,25429807,0.0,361.8360000000001,,64.93484190534765,12.159875432893784,12.459229880321558,-0.29935444742777406
2020-07-02,367.85,370.47,363.65,364.12,25332853,0.0,361.6840000000001,,64.99193750709122,11.839039051931536,12.335191714643553,-0.4961526627120172
2020-07-06,370.0,375.78,369.87,373.81,26084791,0.0,365.7080000000001,,69.67606012547995,12.225745146027407,12.313302400920325,-0.08755725489291777
2020-07-07,375.41,378.62,372.23,372.64,24610596,0.0,367.83600000000007,,68.48454510060083,12.296061941731807,12.309854309082622,-0.013792367350815127
2020-07-08,376.72,381.5,376.36,381.44,26025692,0.0,371.20400000000006,,72.31881057440086,12.913021688318054,12.43048778492971,0.4825339033883438
2020-07-09,385.05,393.91,378.69,382.6599,29212120,0.0,374.93398000000013,,72.81261198554787,13.34655172694471,12.61370057333271,0.7328511536119997
2020-07-10,381.34,383.92,378.8207,383.52,20333748,0.0,378.8139800000001,,73.17594215063659,13.602726523852255,12.811505763436621,0.7912207604156336
2020-07-13,389.06,399.82,381.03,381.91,43528308,0.0,380.4339800000001,,71.25630614275757,13.519983398650481,12.953201290479393,0.566782108171088
2020-07-14,379.36,389.02,375.51,388.21,37043531,0.0,383.5479800000001,,74.11755256363635,13.803646381484953,13.123290308680506,0.6803560728044467
2020-07-15,395.96,396.99,385.96,390.91,35722109,0.0,385.44198000000006,,75.25444100406204,14.083967563119018,13.315425759568209,0.7685418035508089
2020-07-16,386.25,389.62,383.62,385.72,24614253,0.0,386.054,,68.98200021692162,13.729074271657112,13.39815546198599,0.33091880967112175
2020-07-17,387.95,388.59,383.36,385.15,20185278,0.0,386.38,,68.30860191961264,13.249097199752214,13.368343809539235,-0.11924660978702128
2020-07-20,385.665,394.0,384.25,393.43,19422805,0.0,388.68399999999997,,72.50712506584028,13.382572745128641,13.371189596657118,0.011383148471523441
2020-07-21,396.69,397.0,386.97,388.0,23389568,0.0,388.642,,66.30349684536078,12.901477257943384,13.277247128914372,-0.3757698709709878
2020-07-22,386.77,391.9,386.41,389.09,18899399,0.0,388.278,,66.9154271496082,12.46447677928893,13.114693058989285,-0.6502162797003557
2020-07-23,387.9935,388.31,376.65,378.3863,20149594,0.0,386.81126,296.100814,56.134854269692525,11.126195757217374,12.716993598634904,-1.5907978414175297
