Date,Open,High,Low,Close,Volume,OpenInterest,5 day sma,200 day sma,rsi,macd,signal,histogram
2019-10-10,274.06,276.71,273.165,275.1,2291166,0.0,,,,,,
2019-10-11,278.37,281.27,277.63,278.01,3367887,0.0,,,,,,
2019-10-14,278.11,279.415,277.15,277.78,2129214,0.0,,,,,,
2019-10-15,278.17,281.51,278.02,279.4,3003595,0.0,,,,,,
2019-10-16,270.85,272.81,267.51,272.79,7652534,0.0,276.616,,,,,
2019-10-17,272.61,274.12,267.15,269.31,6168556,0.0,275.45799999999997,,,,,
2019-10-18,269.36,269.68,262.1034,265.45,8068809,0.0,272.946,,,,,
2019-10-21,264.36,267.43,262.57,266.84,2365642,0.0,270.758,,,,,
2019-10-22,268.49,269.28,260.6401,261.09,3133225,0.0,267.096,,,,,
2019-10-23,261.0,265.52,259.57,261.41,2615511,0.0,264.82000000000005,,,,,
2019-10-24,264.04,271.46,263.25,269.71,3246090,0.0,264.90000000000003,,,,,
2019-10-25,267.8,271.61,267.02,270.98,1515221,0.0,266.00600000000003,,,,,
2019-10-28,271.58,272.29,268.3751,271.35,2002911,0.0,266.908,,,,,
2019-10-29,271.68,273.72,271.06,271.46,1483643,0.0,268.9820000000001,,,,,
2019-10-30,273.25,278.65,272.61,278.35,2119891,0.0,272.37,,53.76942704708884,,,
2019-10-31,278.27,279.32,275.31,277.97,2315434,0.0,274.02200000000005,,53.26380910296067,,,
2019-11-01,279.14,281.83,277.2675,277.76,2413757,0.0,275.37800000000004,,52.967383324026336,,,
2019-11-04,280.56,281.21,276.05,277.62,2173646,0.0,276.63200000000006,,52.75659143245083,,,
2019-11-05,292.2,292.88,283.6,289.32,5717319,0.0,280.20400000000006,,65.21536605016769,,,
2019-11-06,289.11,289.48,285.61,287.36,2370563,0.0,282.00600000000003,,62.25358230175879,,,
2019-11-07,288.3,293.48,286.995,290.81,2664860,0.0,284.574,,65.24557940791155,,,
2019-11-08,290.02,292.46,288.48,292.46,1350964,0.0,287.514,,66.60880256147148,,,
2019-11-11,291.95,292.339,289.7,290.29,1615456,0.0,290.04800000000006,,63.10315350715414,,,
2019-11-12,290.79,294.16,290.27,291.74,1856211,0.0,290.53200000000004,,64.44955565591215,,,
2019-11-13,291.86,293.7,290.26,293.45,1540853,0.0,291.7500000000001,,66.02414993662663,,,
2019-11-14,293.54,295.08,292.15,294.56,1311946,0.0,292.5000000000001,,67.0445316711099,9.138044988605714,,
2019-11-15,296.12,297.49,293.56,297.48,1859993,0.0,293.5040000000001,,69.6285874911769,9.272744181680139,,
2019-11-18,297.55,298.56,296.0,297.13,1427932,0.0,294.8720000000001,,68.93090430711688,9.24468521122077,,
2019-11-19,298.75,300.74,296.39,300.61,1591957,0.0,296.64600000000013,,71.9413658262066,9.394955986943785,,
2019-11-20,299.41,302.05,297.05,300.1,1567729,0.0,297.97600000000017,,70.85776941064492,9.364940714510908,,
2019-11-21,298.99,300.35,296.62,298.81,1276985,0.0,298.82600000000014,,68.06511199892756,9.131795521413778,,
2019-11-22,299.59,299.92,295.8,299.4,1293612,0.0,299.21000000000015,,68.67323677081559,8.89213138982592,,
2019-11-25,300.48,305.45,300.48,305.32,1862267,0.0,300.8480000000001,,74.01928400187114,9.07527622815644,,
2019-11-26,305.0,309.06,304.89,307.9,2024537,0.0,302.30600000000015,,75.94587494268453,9.32115578835095,9.203970001189823,0.1171857871611266
2019-11-27,308.5,309.17,305.74,309.13,1258129,0.0,304.1120000000002,,76.82808188736115,9.505692129946624,9.264314426941183,0.24137770300544048
2019-11-29,308.59,310.0,308.0,309.61,963202,0.0,306.2720000000002,,77.17982107977551,9.580235507208783,9.327498642994703,0.25273686421408037
2019-12-02,309.22,309.9,299.51,302.75,2460770,0.0,306.9420000000002,,62.56324626234734,8.982225497859133,9.25844401396759,-0.2762185161084574
2019-12-03,298.24,304.46,297.32,303.81,1434129,0.0,306.6400000000002,,63.70699648133753,8.495895997680805,9.105934410710233,-0.6100384130294287
2019-12-04,305.0,305.33,301.28,302.51,1332513,0.0,305.5620000000002,,61.23605542530351,7.914345580188581,8.867616644605903,-0.9532710644173221
2019-12-05,303.13,304.24,301.0,303.02,1443958,0.0,304.34000000000015,,61.86102061673717,7.409206699473202,8.575934655579363,-1.1667279561061612
2019-12-06,306.2,306.745,303.16,306.32,1434821,0.0,303.68200000000013,,65.7130147182201,7.1922550784058785,8.299198740144666,-1.1069436617387876
2019-12-09,308.91,310.91,306.7,307.05,2337339,0.0,304.54200000000014,,66.51860405114718,6.998549334510869,8.039068859017908,-1.0405195245070384
2019-12-10,306.62,309.03,304.1,304.17,1844447,0.0,304.61400000000015,,60.48108782663112,6.537286437333762,7.738712374681079,-1.2014259373473166
2019-12-11,305.15,305.38,301.48,303.72,2318305,0.0,304.85600000000017,,59.57126523234764,6.065501700943344,7.4040702399335325,-1.338568538990189
2019-12-12,303.0,306.5838,300.72,305.73,2241439,0.0,305.3980000000002,,62.29932849152202,5.787089138803367,7.0806740197075,-1.2935848809041328
2019-12-13,314.0,321.7299,313.74,316.89,5772593,0.0,307.5120000000002,,73.13763365271424,6.393266315032065,6.9431924787724135,-0.5499261637403485
2019-12-16,319.27,325.25,319.27,323.87,3047098,0.0,310.87600000000026,,77.49536265754983,7.352142834128301,7.024982549843592,0.32716028428470967
2019-12-17,325.04,325.08,321.75,322.85,1693308,0.0,314.61200000000025,,75.56618215158625,7.938246741293369,7.207635388133548,0.7306113531598211
2019-12-18,322.1,326.82,322.0066,324.38,1679306,0.0,318.74400000000026,,76.51076899286122,8.429031890880935,7.451914688683026,0.9771172021979098
2019-12-19,324.38,327.96,324.26,327.65,1822921,0.0,323.12800000000027,,78.43005867371338,8.978347527841208,7.757201256514662,1.2211462713265462
2019-12-20,328.37,330.0,325.62,327.6,2974614,0.0,325.27000000000027,,78.32467404724294,9.302417072151002,8.066244419641931,1.2361726525090706
2019-12-23,328.83,329.88,327.26,328.97,1606352,0.0,326.29000000000025,,79.15129983650831,9.559595010602777,8.3649145378341,1.1946804727686775
2019-12-24,329.0,331.54,328.68,329.64,893824,0.0,327.64800000000025,,79.56181069536729,9.705593737189133,8.633050377705107,1.0725433594840261
2019-12-26,329.63,331.28,329.63,331.2,854495,0.0,329.0120000000003,,80.52340773495703,9.833819591498184,8.873204220463723,0.9606153710344607
2019-12-27,332.88,332.88,329.7701,330.79,996031,0.0,329.6400000000002,,79.46519833829167,9.789508570327314,9.056465090436442,0.7330434798908723
2019-12-30,330.35,330.465,325.165,328.45,1691090,0.0,329.81000000000023,,73.52626238767301,9.456563940403385,9.13648486042983,0.32007907997355467
2019-12-31,327.42,329.94,326.25,329.76,1176729,0.0,329.9680000000002,,74.66768550114932,9.192444199689135,9.147676728281692,0.04476747140744308
2020-01-02,330.0,334.48,329.17,334.48,1775052,0.0,330.93600000000026,,78.29830291302201,9.25727979656898,9.169597341939149,0.0876824546298316
2020-01-03,329.92,332.98,328.69,331.71,1351875,0.0,331.03800000000024,,71.79516084665443,8.981612189605073,9.132000311472334,-0.1503881218672607
2020-01-06,328.29,333.91,328.19,333.71,1459776,0.0,331.62200000000024,,73.50616339426804,8.822822899936966,9.070164829165261,-0.2473419292282948
2020-01-07,334.15,334.79,332.305,333.51,2314669,0.0,332.63400000000024,,73.02906554828104,8.581915930539708,8.972515049440151,-0.3905991189004432
2020-01-08,333.81,339.23,333.4,337.92,1843860,0.0,334.26600000000025,,76.6308656263021,8.647166413997184,8.907445322351558,-0.2602789083543744
2020-01-09,340.14,341.8099,338.19,340.45,1325795,0.0,335.46000000000026,,78.41202253867131,8.801568742472455,8.886270006375737,-0.08470126390328225
2020-01-10,342.05,343.36,339.62,339.81,1252309,0.0,337.08000000000027,,76.81702083559783,8.771182318998967,8.863252468900383,-0.09207014990141538
2020-01-13,341.79,345.73,341.22,345.73,1425577,0.0,339.48400000000026,,80.72310796268877,9.119669510647952,8.914535877249897,0.2051336333980558
2020-01-14,347.01,347.27,343.15,344.63,1721016,0.0,341.7080000000002,,78.09026333695931,9.201023640735912,8.9718334299471,0.2291902107888113
2020-01-15,346.42,347.5,342.46,342.94,1820598,0.0,342.71200000000016,,74.09194774516504,9.025092846465952,8.982485313250871,0.04260753321508126
2020-01-16,345.98,345.99,342.76,345.39,1323900,0.0,343.70000000000016,,76.00964857464082,8.979846864101034,8.981957623420904,-0.00211075931986926
2020-01-17,349.0,349.95,346.3825,349.74,1971376,0.0,345.68600000000015,,78.98407036125569,9.189071842429371,9.023380467222598,0.16569137520677302
2020-01-21,346.37,352.37,345.62,350.0,3156952,0.0,346.54000000000013,,79.15046186888105,9.269016519553475,9.072507677688773,0.19650884186470208
2020-01-22,352.6,354.28,349.96,350.05,2573027,0.0,347.62400000000014,,79.18459285222137,9.230010024199998,9.104008146991017,0.12600187720898148
2020-01-23,351.02,352.16,347.85,351.81,2674001,0.0,349.39800000000014,,80.40082769236837,9.234662940670034,9.13013910572682,0.1045238349432136
2020-01-24,354.0,355.69,349.2,351.37,2887929,0.0,350.59400000000016,,79.15562795457483,9.097970348836952,9.123705354348846,-0.025735005511894116
2020-01-27,341.04,349.9,340.4,346.89,2351604,0.0,350.0240000000001,,67.6647999542179,8.529815522200408,9.004927387919158,-0.4751118657187501
2020-01-28,349.0,355.66,347.12,354.63,1883507,0.0,350.9500000000001,,74.54112458228158,8.604909996804736,8.924923909696275,-0.3200139128915396
2020-01-29,356.6965,356.6965,351.36,351.65,1311908,0.0,351.2700000000001,,68.50110453277128,8.327962249024097,8.80553157756184,-0.4775693285377436
2020-01-30,349.6935,356.82,349.6935,356.66,1592255,0.0,352.2400000000001,,72.53098100989989,8.415732962312404,8.727571854511954,-0.31183889219954963
2020-01-31,355.84,355.84,348.296,351.14,2174264,0.0,352.19400000000013,,62.97164966923237,7.94825152158603,8.57170778792677,-0.6234562663407388
2020-02-03,353.1,358.67,352.29,358.09,1996196,0.0,354.4340000000002,,68.58554053070179,8.045828723050136,8.466531974951444,-0.4207032519013083
2020-02-04,363.43,367.444,360.45,366.77,2478294,0.0,356.8620000000002,,73.90641442139028,8.723009394020096,8.517827458765176,0.20518193525492023
2020-02-05,373.99,374.475,362.31,365.7,2070747,0.0,359.67200000000014,,72.28113852366533,9.068800410945016,8.628022049201144,0.4407783617438721
2020-02-06,366.16,368.25,363.01,367.47,1981899,0.0,361.8340000000002,,73.3261124401898,9.377567727214512,8.777931184803819,0.5996365424106926
2020-02-07,366.0,369.34,364.38,366.06,1779856,0.0,364.8180000000002,,71.02892807191752,9.40013394107558,8.902371736058171,0.4977622050174091
2020-02-10,365.44,370.81,365.22,370.15,1958627,0.0,367.23000000000025,,73.61143689282957,9.63695779591177,9.049288948028892,0.5876688478828775
2020-02-11,373.03,373.7,367.25,369.28,1768345,0.0,367.73200000000026,,72.13836423836973,9.643278960858481,9.168086950594809,0.4751920102636724
2020-02-12,370.64,374.425,367.1538,374.3,1831368,0.0,369.4520000000003,,75.21979816327965,9.938792364040523,9.322228033283952,0.6165643307565709
2020-02-13,372.56,377.71,372.39,374.84,1600434,0.0,370.9260000000003,,75.53326884273471,10.100134291159975,9.477809284859157,0.6223250063008177
2020-02-14,376.28,379.83,375.85,379.67,1433048,0.0,373.64800000000025,,78.19075369326092,10.496739683733153,9.681595364633957,0.8151443190991969
2020-02-18,380.2,382.59,378.59,378.89,1809595,0.0,375.3960000000002,,76.74113028191813,10.625627217131182,9.870401735133402,0.7552254819977797
2020-02-19,383.83,385.0,381.48,383.27,2223083,0.0,378.1940000000002,,79.0859144165739,10.954919418885936,10.08730527188391,0.8676141470020262
2020-02-20,384.0,386.745,373.48,378.92,3436680,0.0,379.11800000000017,,71.38854034079294,10.741060951099598,10.218056407727047,0.5230045433725508
2020-02-21,378.02,378.34,368.75,372.93,2455055,0.0,378.7360000000002,,62.3844099956242,9.97326800965908,10.169098728113454,-0.19583071845437416
2020-02-24,355.39,363.46,349.0,357.41,3321003,0.0,374.2840000000002,,46.14452280276566,8.02000267936063,9.73927951836289,-1.7192768390022604
2020-02-25,361.0,363.97,346.28,347.87,3440994,0.0,368.0800000000002,,39.361544757260816,5.637244911413234,8.91887259697296,-3.2816276855597266
2020-02-26,349.4,360.07,348.6,351.25,3151611,0.0,361.6760000000002,,42.58188803862969,3.975799424714637,7.9302579625212966,-3.9544585378066595
2020-02-27,340.0,352.2396,337.27,337.27,3295489,0.0,353.3460000000002,,34.435947564804664,1.5135751895552403,6.646921407928085,-5.133346218372845
2020-02-28,324.42,345.46,324.0,345.46,5500842,0.0,347.8520000000002,,41.49680317162116,0.22056674104504737,5.361650474551478,-5.141083733506431
2020-03-02,349.81,360.75,342.61,360.58,4414915,0.0,348.4860000000002,,51.81406407153468,0.4111661988671358,4.37155361941461,-3.960387420547474
2020-03-03,361.76,364.95,344.04,348.34,3621019,0.0,348.5800000000002,,44.90948510858835,-0.4205996526839044,3.413122964994907,-3.8337226176788115
2020-03-04,354.38,364.27,350.08,364.03,3197961,0.0,351.13600000000025,,53.46914959397013,0.1841490351628181,2.7673281790284894,-2.5831791438656713
2020-03-05,355.06,360.45,347.19,350.99,2635628,0.0,353.8800000000002,,46.941244378294755,-0.3843714975516832,2.1369882437124548,-2.521359741264138
2020-03-06,340.45,344.1599,326.6,336.77,4365072,0.0,352.14200000000017,,41.05494050227737,-1.959772239734832,1.3176361470229976,-3.2774083867578296
2020-03-09,311.68,322.44,305.33,305.7,9471068,0.0,341.16600000000017,,31.701120084459163,-5.650245502246037,-0.07594018283080928,-5.5743053194152274
2020-03-10,318.98,332.94,309.31,332.53,5414277,0.0,338.0040000000002,,43.642157575053695,-6.336966770569688,-1.3281455003785851,-5.0088212701911035
2020-03-11,324.32,326.357,309.0,315.46,4196316,0.0,328.2900000000002,,38.97346736088832,-8.16448951047488,-2.695414302397844,-5.469075208077036
2020-03-12,290.41,310.13,283.0001,285.01,6452297,0.0,315.09400000000016,,32.32951520758853,-11.932326534497747,-4.542796748817825,-7.3895297856799225
2020-03-13,312.88,336.0,298.0001,335.5,8153357,0.0,314.8400000000002,,48.12180389208993,-10.72066236204273,-5.7783698714628065,-4.942292490579924
2020-03-16,288.3558,307.11,283.25,286.2,6574157,0.0,310.94000000000017,,38.63968150515985,-13.58194356753188,-7.339084610676621,-6.242858956855259
2020-03-17,291.2,312.95,278.35,311.8,11207906,0.0,306.7940000000002,,44.72988438172298,-13.626742875906245,-8.596616263722547,-5.0301266121836985
2020-03-18,289.0,296.87,255.1314,295.48,6254383,0.0,302.7980000000002,,41.87638236406613,-14.808431873910024,-9.838979385760043,-4.969452488149981
2020-03-19,291.77,318.705,281.1,307.5,5604943,0.0,307.29600000000016,,44.675780694062766,-14.60663913019323,-10.79251133464668,-3.8141277955465505
2020-03-20,312.92,324.8,293.77,294.98,7026482,0.0,299.1920000000002,,42.38587418637498,-15.280828414971324,-11.69017475071161,-3.5906536642597153
2020-03-23,296.67,312.49,287.78,307.75,5383345,0.0,303.5020000000002,,45.45672061935155,-14.6162094396268,-12.27538168849465,-2.340827751132151
2020-03-24,322.96,326.99,301.59,310.58,5857942,0.0,303.25800000000015,,46.14183159282444,-13.703175092110484,-12.560940369217818,-1.1422347228926668
2020-03-25,308.0,317.65,298.13,305.79,4237660,0.0,305.32000000000016,,45.10902993441381,-13.213781513946856,-12.691508598163626,-0.5222729157832298
2020-03-26,308.8,324.43,305.69,322.67,3822119,0.0,308.35400000000016,,49.40673324886405,-11.33321638559704,-12.41985015565031,1.08663377005327
2020-03-27,311.7,314.2872,300.63,305.69,3978018,0.0,310.4960000000002,,45.543820396774194,-11.085215599732123,-12.152923244466674,1.0677076447345506
2020-03-30,308.89,322.97,308.01,318.89,3818049,0.0,312.72400000000016,,48.88932271872637,-9.711594293430721,-11.664657454259485,1.9530631608287639
2020-03-31,316.41,326.3344,312.68,318.39,4228880,0.0,314.2860000000002,,48.76710844595657,-8.564607864921868,-11.044647536391963,2.480039671470095
2020-04-01,307.0,309.6105,298.32,301.21,3429773,0.0,313.3700000000002,,44.63805061284564,-8.93885373586312,-10.623488776286194,1.6846350404230748
2020-04-02,297.76,306.5,293.18,304.18,6337896,0.0,309.67200000000014,,45.497184541849286,-8.893275956847162,-10.277446212398388,1.3841702555512256
2020-04-03,302.06,303.47,289.71,293.51,3482932,0.0,307.23600000000016,,42.92024436817589,-9.60738708773954,-10.14343438746662,0.5360472997270804
2020-04-06,306.56,320.4,299.955,318.985,4534971,0.0,307.2550000000002,,50.176148947829326,-8.025196240572598,-9.719786758087817,1.6945905175152198
2020-04-07,327.41,328.32,306.3,308.93,4951118,0.0,305.36300000000017,,47.60394742983918,-7.496241061275839,-9.275077618725422,1.7788365574495835
2020-04-08,313.88,317.72,308.2,317.2,3543589,0.0,308.5610000000002,,49.879722066570274,-6.336675139476029,-8.687397122875543,2.3507219833995148
2020-04-09,318.65,320.78,310.79,318.72,2926578,0.0,311.46900000000016,,50.30693971830738,-5.234716937046244,-7.996861085709684,2.76214414866344
2020-04-13,315.94,320.9,313.75,320.87,1648956,0.0,316.9410000000002,,50.94389412087493,-4.140194505660645,-7.225527769699877,3.0853332640392317
2020-04-14,328.77,342.095,328.47,340.77,6845740,0.0,321.29800000000023,,56.501482257049695,-1.6480165949662933,-6.110025534753161,4.462008939786868
2020-04-15,335.34,339.2242,329.645,332.49,4801104,0.0,326.0100000000002,,53.771813699225426,-0.3371875584397799,-4.955457939490485,4.6182703810507055
2020-04-16,339.71,345.515,336.035,342.73,10243375,0.0,331.1160000000002,,56.566476666915044,1.5105239380803255,-3.6622615639763234,5.172785502056649
2020-04-17,350.091,350.38,340.5,344.15,11350686,0.0,336.20200000000017,,56.95508979035898,3.0542235557176127,-2.3189645400375363,5.3731880957551486
2020-04-20,340.79,348.5,338.75,344.89,6503526,0.0,341.0060000000002,,57.17015342398851,4.2879001956816865,-0.9975915928936918,5.285491788575378
2020-04-21,340.9,342.76300000000003,325.21,329.02,9441698,0.0,338.65600000000023,,51.25566805548498,3.9396081022554768,-0.010151653863858079,3.949759756119335
2020-04-22,337.41,339.08,332.8006,337.37,6683400,0.0,339.6320000000002,,53.95481223891542,4.287930728747654,0.8494648226584443,3.4384659060892093
2020-04-23,338.9,341.75,334.8,335.37,3328816,0.0,338.1600000000002,,53.195009152683134,4.352423604446699,1.5500565790160952,2.8023670254306037
2020-04-24,338.0,344.7,333.5011,344.24,5173011,0.0,338.1780000000002,,56.14466665906533,5.060930289345379,2.2522313210819522,2.8086989682634265
2020-04-27,348.8,349.96,345.12,348.48,3891356,0.0,338.8960000000003,,57.522710835414735,5.896587318376078,2.9811025205407775,2.9154847978353002
2020-04-28,353.09,353.45,332.57,333.45,3492297,0.0,339.78200000000027,,51.36162465341058,5.285132428660802,3.4419085021647824,1.8432239264960195
2020-04-29,339.53,351.25,335.44,349.16,8456359,0.0,342.1400000000003,,56.59476023382446,5.999062273713889,3.953339256474604,2.0457230172392853
2020-04-30,348.01,356.23,346.55,353.34,2931162,0.0,345.7340000000004,,57.89290459483285,6.823490929824288,4.527369591144541,2.2961213386797477
2020-05-01,347.24,350.3099,340.26,344.2,4379422,0.0,345.72600000000034,,54.08396609248946,6.662533427576591,4.954402358430951,1.7081310691456402
2020-05-04,340.74,350.596,340.0,349.16,1857747,0.0,345.86200000000036,,55.78407785567286,6.85617033119928,5.334755952984617,1.5214143782146632
2020-05-05,353.38,359.7,352.39,356.13,4118438,0.0,350.39800000000037,,58.13019568779053,7.485758556758981,5.76495647373949,1.7208020830194908
2020-05-06,357.92,366.79,357.1301,362.48,1956812,0.0,353.0620000000004,,60.20204207638636,8.40027060177863,6.292019299347318,2.108251302431311
2020-05-07,368.82,369.5,365.501,366.8,4397116,0.0,355.7540000000004,,61.59438450040374,9.365654447856286,6.9067463290491125,2.458908118807174
2020-05-08,370.0,371.0999,365.41,367.52,2166775,0.0,360.41800000000035,,61.834044108388085,10.072714105633906,7.539939884366071,2.532774221267835
2020-05-11,365.84,373.63,364.5,371.3,1995047,0.0,364.84600000000034,,63.134698442661886,10.813427921777304,8.194637491848319,2.6187904299289855
2020-05-12,371.46,372.72,364.55,365.34,3664548,0.0,366.6880000000003,,59.681176140343,10.795087715943453,8.714727536667345,2.0803601792761075
2020-05-13,366.45,367.43,352.71,358.66,3050400,0.0,365.92400000000026,,55.98477594041832,10.12482017329927,8.996746063993731,1.1280741093055386
2020-05-14,354.0,357.0,348.01,355.28,2351508,0.0,363.6200000000003,,54.157007427652395,9.21466958948065,9.040330769091115,0.17433882038953463
2020-05-15,351.57,365.48,351.53,365.42,2302883,0.0,363.2000000000003,,58.53102465854373,9.205467056979103,9.073358026668714,0.13210903031038868
2020-05-18,371.59,375.49,367.21,367.79,3980486,0.0,362.4980000000003,,59.5035907429978,9.282411317190395,9.11516868477305,0.16724263241734505
2020-05-19,369.88,376.0,368.89,372.2,2445152,0.0,363.8700000000003,,61.321372729028674,9.588707688385114,9.209876485495462,0.37883120288965166
2020-05-20,377.21,384.4,377.06,383.65,4373714,0.0,368.8680000000003,,65.63456399737207,10.632800769083133,9.494461342212997,1.138339426870136
2020-05-21,382.0,385.12,380.6,382.26,3980396,0.0,374.26400000000024,,64.69144067421324,11.218767703885533,9.839322614547505,1.3794450893380272
2020-05-22,381.39,386.52,380.95,385.3,2883510,0.0,378.24000000000024,,65.84729847849545,11.792516525125166,10.229961396663038,1.5625551284621277
2020-05-26,391.0,391.27,374.8103,376.63,3011141,0.0,380.00800000000027,,59.831610499352514,11.416023248032218,10.467173766936874,0.9488494810953441
2020-05-27,373.24,375.7,361.44,375.17,3239516,0.0,380.60200000000026,,58.85648590428679,10.874485515289507,10.548636116607401,0.32584939868210583
2020-05-28,372.5,386.9,372.5,379.67,2450326,0.0,379.8060000000002,,60.968002670933245,10.68525241396361,10.575959376078643,0.10929303788496725
2020-05-29,382.62,389.05,377.075,387.21,4353697,0.0,380.7960000000002,,64.27622028849893,11.016705084845455,10.664108517832005,0.35259656701344966
2020-06-01,387.08,389.99,382.895,389.67,3545355,0.0,381.6700000000002,,65.30930224067814,11.347083045395664,10.800703423344737,0.5463796220509263
2020-06-02,389.92,390.91,382.03,390.62,4195668,0.0,384.4680000000002,,65.72156259264467,11.552398164967542,10.951042371669299,0.601355793298243
2020-06-03,390.82,391.14,387.46,389.98,4155430,0.0,387.4300000000002,,65.15976599777072,11.53055219694022,11.066944336723484,0.4636078602167366
2020-06-04,389.5,395.7201,382.28,385.83,4264418,0.0,388.66200000000015,,61.48928108377292,11.050979974731433,11.063751464325076,-0.012771489593642826
2020-06-05,384.64,396.17,382.0,393.26,2268194,0.0,389.8720000000001,,65.26215428601853,11.14201621118059,11.079404413696178,0.06261179748441137
2020-06-08,391.0,398.1,385.84,397.61,2152323,0.0,391.46000000000015,,67.28307023764486,11.433374901148682,11.15019851118668,0.28317638996200145
2020-06-09,397.03,402.31,394.15,397.6,3905974,0.0,392.8560000000001,,67.27338112395111,11.530554787577785,11.2262697664649,0.304285021112884
2020-06-10,399.59,409.98,399.49,407.0,5334678,0.0,396.2600000000001,,71.4371978027974,12.22514809133196,11.426045431438313,0.7991026598936468
2020-06-11,400.0,404.2,387.37,388.22,3072711,0.0,396.7380000000001,,56.0844714058142,11.131907539101348,11.36721785297092,-0.23531031386957224
2020-06-12,409.3,411.72,395.41,398.59,4707818,0.0,397.80400000000014,,61.060870375365404,10.975757162976493,11.288925714972036,-0.3131685519955436
2020-06-15,398.8,406.11,397.0,401.3,6623754,0.0,398.5420000000001,,62.264310760655775,10.944519607175266,11.220044493412683,-0.27552488623741667
2020-06-16,407.83,414.68,405.475,411.87,2795010,0.0,401.3960000000001,,66.60015058724026,11.638512751693668,11.30373814506888,0.3347746066247872
2020-06-17,414.0,417.46,411.36,413.29,3707396,0.0,402.6540000000001,,67.14628985678348,12.16288330364739,11.475567176784583,0.6873161268628074
2020-06-18,413.5,420.84,413.0,420.58,1742351,0.0,409.1260000000001,,69.87012082820455,13.016645037472813,11.783782748922231,1.2328622885505816
2020-06-19,423.76,429.09,419.65,428.08,5704709,0.0,415.02400000000006,,72.40493203760856,14.135499443888989,12.254126087915584,1.8813733559734054
2020-06-22,428.96,438.95,428.54,438.57,2841314,0.0,422.47800000000007,,75.50850800213738,15.687815580609481,12.940863986454364,2.7469515941551172
2020-06-23,440.07,446.15,436.01,440.56,2655999,0.0,428.21600000000007,,76.058609161074,16.883985595639956,13.729488308291483,3.154497287348473
2020-06-24,440.0,442.67,427.47,432.29,2885914,0.0,432.0160000000001,,69.11134549409377,16.969030643363055,14.3773967753058,2.591633868057256
2020-06-25,430.01,437.99,427.5801,437.17,1966896,0.0,435.3340000000001,,70.80591455523128,17.231569861455455,14.948231392535732,2.283338468919723
2020-06-26,436.0,438.18,424.7129,426.76,2687934,0.0,435.07000000000005,,62.88098826713847,16.410464464103768,15.24067800684934,1.1697864572544283
2020-06-29,427.11,428.48,416.032,424.49,2339887,0.0,432.254,,61.27057455892219,15.39905180846813,15.272352767173098,0.12669904129503173
2020-06-30,426.68,436.91,423.86,435.29,2166677,0.0,431.2,,65.76314179842703,15.292685177317992,15.276419249202078,0.016265928115913653
2020-07-01,434.8,442.045,433.621,440.1,2307112,0.0,432.762,,67.56756771411071,15.418777586789304,15.304890916719526,0.11388667006977826
2020-07-02,445.0,448.16,441.36,442.93,2205658,0.0,433.91399999999993,,68.61562419959054,15.567610356753619,15.357434804726346,0.21017555202727323
2020-07-06,448.0,455.53,444.69,452.59,2317630,0.0,439.0799999999999,,71.94793417592071,16.277406853372327,15.541429214455542,0.7359776389167845
2020-07-07,452.59,459.44,448.72,449.0,2343331,0.0,443.98199999999997,,69.01516143130098,16.36163593928876,15.705470559422185,0.6561653798665752
2020-07-08,453.76,458.2424,452.0,457.68,1717607,0.0,448.4599999999999,,71.9882650854421,16.933591651168683,15.951094777771486,0.9824968733971975
2020-07-09,460.44,463.8,451.88,461.14,1985461,0.0,452.66799999999995,,73.09644810341908,17.464741093226507,16.25382404086249,1.2109170523640174
2020-07-10,460.83,467.21,455.48,466.33,2456174,0.0,457.34799999999996,,74.71249306716724,18.0958725239758,16.622233737485153,1.4736387864906462
2020-07-13,469.77,470.61,440.64,442.42,2882692,0.0,455.31399999999996,,57.558957710942366,16.476777519303823,16.593142493848887,-0.11636497454506411
2020-07-14,435.74,437.21,416.29,433.7,5340757,0.0,452.2539999999999,,52.79794817792039,14.324873712004717,16.139488737480054,-1.8146150254753373
2020-07-15,434.91,439.63,428.7341,433.02,2338009,0.0,447.32199999999995,,52.433719691421175,12.421417752303057,15.395874540444655,-2.974456788141598
2020-07-16,428.43,430.59,418.505,426.29,2441633,0.0,440.352,,48.84247219216297,10.251685387838222,14.367036709923369,-4.1153513220851465
2020-07-17,428.12,433.5,423.7,432.47,2044667,0.0,433.5799999999999,,52.087662163210545,8.927915753139644,13.279212518566624,-4.35129676542698
2020-07-20,434.06,456.89,433.0,455.27,3268355,0.0,436.1499999999999,,61.73244310306822,9.607835090590811,12.544937032971463,-2.937101942380652
2020-07-21,456.07,456.9899,441.75,444.55,1816434,0.0,438.32,,56.022257403736795,9.175887732860588,11.871127172949288,-2.6952394400887005
2020-07-22,447.55,449.3712,441.76,445.03,1176444,0.0,440.72200000000004,,56.21754202425319,8.771189515461003,11.251139641451633,-2.47995012599063
2020-07-23,445.04,448.81,430.3001,431.5,2027772,0.0,441.764,,49.53978694692653,7.27484544752167,10.455880802665641,-3.1810353551439707
2020-07-24,426.9,435.0,425.81,430.31,1465377,0.0,441.332,,48.988614325604665,5.92466310999049,9.549637264130611,-3.624974154140121
2020-07-27,431.77,438.36,431.01,437.09,1348968,0.0,437.696,347.25362499999994,52.248398587325376,5.340165117793788,8.707742834863247,-3.3675777170694587
