Date,Open,High,Low,Close,Volume,OpenInterest,5 day sma,200 day sma,rsi,macd,signal,histogram
2019-10-10,51.65,52.27,51.435,52.08,1973612,0.0,,,,,,
2019-10-11,52.29,52.9,52.29,52.43,3097904,0.0,,,,,,
2019-10-14,52.25,52.7,52.2,52.52,2210816,0.0,,,,,,
2019-10-15,52.6,53.03,52.57,52.84,2281155,0.0,,,,,,
2019-10-16,52.88,52.93,52.59,52.69,2080807,0.0,52.512,,,,,
2019-10-17,52.93,53.1,52.65,52.65,1489880,0.0,52.626,,,,,
2019-10-18,52.65,52.86,52.54,52.69,2242349,0.0,52.678,,,,,
2019-10-21,53.0,53.21,52.845,52.895,2085300,0.0,52.753,,,,,
2019-10-22,52.87,52.96,52.35,52.42,1965777,0.0,52.669000000000004,,,,,
2019-10-23,52.42,52.8,52.25,52.475,1934597,0.0,52.62600000000001,,,,,
2019-10-24,52.5,52.65,52.27,52.54,1755962,0.0,52.60400000000002,,,,,
2019-10-25,52.6,53.64,52.6,53.26,2284550,0.0,52.71800000000002,,,,,
2019-10-28,53.57,53.84,53.43,53.51,1844240,0.0,52.84100000000002,,,,,
2019-10-29,53.34,53.885,53.26,53.58,1858266,0.0,53.073000000000015,,,,,
2019-10-30,53.5,53.59,53.13,53.36,1607864,0.0,53.250000000000014,,70.98360655737699,,,
2019-10-31,52.98,53.21,52.88,53.17,1735559,0.0,53.37600000000001,,66.52091704088869,,,
2019-11-01,53.49,53.61,53.195,53.61,1893482,0.0,53.44600000000001,,71.05867006145186,,,
2019-11-04,53.87,53.93,53.39,53.45,1685520,0.0,53.43400000000001,,67.47708238859778,,,
2019-11-05,53.4,53.405,52.59,52.95,2966068,0.0,53.308000000000014,,57.69114610840794,,,
2019-11-06,52.95,53.72,52.84,53.69,2092341,0.0,53.37400000000001,,65.6346670116967,,,
2019-11-07,53.8,54.28,53.7,54.16,2193812,0.0,53.57200000000002,,69.5456181671642,,,
2019-11-08,54.08,54.23,53.87,54.13,1547631,0.0,53.67600000000001,,69.00579011534758,,,
2019-11-11,53.71,54.33,53.66,54.04,1229422,0.0,53.79400000000002,,67.31760422421809,,,
2019-11-12,54.06,54.17,53.87,53.97,1608326,0.0,53.99800000000001,,65.96586105665651,,,
2019-11-13,53.66,54.2,53.48,54.14,1339176,0.0,54.08800000000001,,67.66405264564546,,,
2019-11-14,54.16,54.29,54.005,54.18,1713122,0.0,54.092000000000006,,68.06778790251138,0.5654838667241933,,
2019-11-15,54.41,54.48,53.88,54.4,2000442,0.0,54.146,,70.26667032001103,0.5735071684028199,,
2019-11-18,54.26,54.55,54.14,54.39,2196160,0.0,54.215999999999994,,70.03061004243057,0.5724598159470204,,
2019-11-19,54.26,54.52,54.04,54.08,1851451,0.0,54.237999999999985,,62.96837157014645,0.5403861373455001,,
2019-11-20,53.98,54.27,53.84,54.13,1497019,0.0,54.23599999999999,,63.60586954605732,0.513087544283394,,
2019-11-21,54.22,54.22,53.75,53.87,1488186,0.0,54.17399999999999,,58.013180151882594,0.4651118654537214,,
2019-11-22,53.92,54.06,53.74,53.99,1425267,0.0,54.092,,59.77131399867097,0.4317963123483821,,
2019-11-25,54.12,54.35,54.055,54.28,1491274,0.0,54.07000000000001,,63.72455373665891,0.423907530714871,,
2019-11-26,54.29,54.74,54.04,54.72,1803533,0.0,54.198000000000015,,68.74334532600483,0.44799572139271504,0.5037484402902908,-0.055752718897575715
2019-11-27,54.97,54.99,54.525,54.82,1698855,0.0,54.33600000000001,,69.76710527733516,0.46974007908741555,0.49694676804971577,-0.02720668896230022
2019-11-29,54.83,55.07,54.755,54.87,900903,0.0,54.536000000000016,,70.29106441828763,0.4854116974626095,0.49463975393229453,-0.009228056469685053
2019-12-02,54.72,54.83,52.64,52.68,4497471,0.0,54.274000000000015,,38.67504012979398,0.3174574190105517,0.459203286947946,-0.1417458679373943
2019-12-03,52.07,52.24,51.29,51.74,4092899,0.0,53.766000000000005,,32.01814486596339,0.10726580576167066,0.38881579071069094,-0.2815499849490203
2019-12-04,51.66,52.52,51.66,52.33,2648581,0.0,53.28800000000001,,39.103215055798834,-0.01157110838787645,0.3087384108909775,-0.3203095192788539
2019-12-05,52.41,52.82,52.34,52.73,2415877,0.0,52.87000000000002,,43.40935787961297,-0.07263625641515858,0.23246347742975026,-0.30509973384490885
2019-12-06,53.3,53.33,52.98,52.98,2015562,0.0,52.49200000000002,,45.98040530496857,-0.09970853756000508,0.1660290744317992,-0.2657376119918043
2019-12-09,52.77,53.12,52.68,53.05,1606714,0.0,52.56600000000002,,46.710451300139624,-0.11419868902607533,0.1099835217402243,-0.22418221076629963
2019-12-10,53.04,53.33,52.925,53.165,1980295,0.0,52.85100000000002,,47.9548614766224,-0.11507617306330786,0.06497158277951788,-0.18004775584282573
2019-12-11,53.29,53.29,52.61,53.05,2523747,0.0,52.995000000000026,,46.778469104417965,-0.12362604035101299,0.02725205815341171,-0.15087809850442468
2019-12-12,53.13,54.04,52.985,53.89,2367111,0.0,53.22700000000002,,55.38730031640003,-0.06190726354962095,0.009420193812805178,-0.07132745736242613
2019-12-13,53.73,53.98,52.91,53.18,2918101,0.0,53.26700000000002,,48.27881346684005,-0.06948477729725511,-0.006360800409206879,-0.06312397688804823
2019-12-16,53.22,53.3,52.43,53.08,3211101,0.0,53.27300000000001,,47.35692830094954,-0.08260693448076495,-0.021610027223518496,-0.06099690725724645
2019-12-17,53.2,53.645,53.09,53.09,1919726,0.0,53.258,,47.46496069084218,-0.09114871649655498,-0.03551776507812579,-0.05563095141842919
2019-12-18,53.33,53.33,52.89,52.9,1796079,0.0,53.227999999999994,,45.55220099604244,-0.11195895919842513,-0.05080600390218566,-0.06115295529623947
2019-12-19,52.78,53.03,52.665,52.99,1690656,0.0,53.048,,46.648941588485165,-0.11980790764919647,-0.06460638465158783,-0.05520152299760864
2019-12-20,53.55,53.63,52.95,53.14,4609807,0.0,53.04,,48.51049598255516,-0.11262622443940984,-0.07421035260915224,-0.0384158718302576
2019-12-23,53.2,53.22,52.44,52.53,1918031,0.0,52.93000000000001,,42.08016426938081,-0.15437702848370805,-0.0902436877840634,-0.06413334069964464
2019-12-24,52.65,52.8813,52.575,52.77,856453,0.0,52.86600000000001,,45.16022591683314,-0.16618319087188382,-0.1054315884016275,-0.06075160247025632
2019-12-26,52.8,52.89,52.55,52.62,1302557,0.0,52.81000000000002,,43.599667725044895,-0.18550501962760535,-0.12144627464682307,-0.06405874498078228
2019-12-27,52.8,52.93,52.54,52.61,1446538,0.0,52.734000000000016,,43.49176700595654,-0.19932690803020847,-0.13702240132350016,-0.06230450670670831
2019-12-30,52.71,52.96,52.7,52.74,1262694,0.0,52.65400000000002,,45.38406095359425,-0.19751412078974084,-0.1491207452167483,-0.04839337557299253
2019-12-31,52.75,53.1,52.66,52.89,1413605,0.0,52.72600000000002,,47.5659027569051,-0.18187716074903904,-0.15567202832320648,-0.026205132425832556
2020-01-02,53.04,53.37,52.82,53.37,1786652,0.0,52.846000000000025,,53.910968124393335,-0.12926270874280021,-0.15039016440712524,0.02112745566432503
2020-01-03,52.82,53.22,52.77,52.96,1690710,0.0,52.91400000000002,,48.51101522589873,-0.1192740331397033,-0.14416693815364084,0.02489290501393754
2020-01-06,52.65,52.92,52.615,52.82,1826126,0.0,52.95600000000002,,46.78766680112366,-0.12125699062286088,-0.13958494864748486,0.018327958024623975
2020-01-07,52.75,52.855,52.25,52.32,3341901,0.0,52.872000000000014,,41.16334639321947,-0.16131478362964202,-0.1439309156439163,-0.01738386798572572
2020-01-08,52.44,52.95,52.375,52.51,2202607,0.0,52.796000000000014,,43.92201386618671,-0.17570405412065782,-0.1502855433392646,-0.025418510781393205
2020-01-09,52.6,52.76,52.35,52.5,2431393,0.0,52.622000000000014,,43.8055980234434,-0.1857730944868763,-0.15738305356878696,-0.028390040918089332
2020-01-10,52.68,53.03,52.05,52.06,2246523,0.0,52.44200000000002,,38.91777768269516,-0.22664458657452258,-0.1712353601699341,-0.05540922640458848
2020-01-13,52.28,52.51,52.11,52.51,2016737,0.0,52.38000000000002,,45.602852443914884,-0.22018613067083237,-0.18102551427011376,-0.039160616400718606
2020-01-14,52.45,52.5,52.12,52.19,2443088,0.0,52.35400000000002,,42.076294131462085,-0.2381439087443482,-0.19244919316496065,-0.04569471557938756
2020-01-15,52.16,52.57,52.12,52.31,2824623,0.0,52.31400000000002,,43.83048045643188,-0.2399268527193854,-0.2019447250758456,-0.03798212764353981
2020-01-16,52.55,52.92,52.47,52.8,2092199,0.0,52.374000000000024,,50.431683188059935,-0.19950121791100628,-0.20145602364287776,0.001954805731871484
2020-01-17,52.89,53.46,52.79,53.42,2964228,0.0,52.64600000000003,,57.27388744353008,-0.11609650439548602,-0.18438411979339944,0.06828761539791342
2020-01-21,53.2,53.39,52.83,52.85,3747905,0.0,52.714000000000034,,50.38762457010458,-0.09489797951130186,-0.16648689173697992,0.07158891222567806
2020-01-22,53.02,53.06,52.47,52.52,4047665,0.0,52.78000000000003,,46.87379404991036,-0.10353277648794545,-0.15389606868717304,0.05036329219922758
2020-01-23,52.24,52.67,51.92,52.56,4234448,0.0,52.83000000000003,,47.35304274248491,-0.10592718692277003,-0.14430229233429245,0.03837510541152242
2020-01-24,52.73,52.8,52.01,52.39,4668616,0.0,52.748000000000026,,45.47544436983526,-0.1201572556460988,-0.13947328499665373,0.01931602935055493
2020-01-27,51.72,52.1,51.65,51.84,2103282,0.0,52.43200000000003,,39.95555438455667,-0.1738115003080054,-0.14634092805892407,-0.027470572249081338
2020-01-28,52.07,52.69,52.0,52.37,1837093,0.0,52.33600000000003,,46.67292207489093,-0.17158834156382596,-0.15139041075990445,-0.020197930803921516
2020-01-29,52.56,52.775,52.35,52.38,1212287,0.0,52.30800000000003,,46.79386953995594,-0.1670934070313308,-0.15453101001418973,-0.01256239701714107
2020-01-30,51.94,53.119,51.94,53.03,2066957,0.0,52.40200000000003,,54.08364901247952,-0.10981568445423306,-0.1455879449021984,0.03577226044796533
2020-01-31,52.72,52.8022,51.5215,51.54,3011537,0.0,52.23200000000004,,40.414357876125784,-0.18254891395133654,-0.15298013871202604,-0.029568775239310507
2020-02-03,51.85,52.45,51.85,52.0,3039165,0.0,52.26400000000003,,45.0332352298696,-0.20075815171743017,-0.16253574131310689,-0.03822241040432328
2020-02-04,52.5,52.815,52.17,52.18,3079249,0.0,52.226000000000035,,46.7719747198193,-0.19837783199892556,-0.16970415945027062,-0.028673672548654938
2020-02-05,52.65,53.28,52.42,53.28,3953463,0.0,52.40600000000004,,55.94363337037162,-0.10650290535907914,-0.15706390863203235,0.05056100327295321
2020-02-06,53.24,53.38,52.455,52.74,2872916,0.0,52.34800000000005,,51.272938519753545,-0.07638433998189242,-0.14092799490200436,0.06454365492011194
2020-02-07,52.71,53.285,52.67,52.92,1817801,0.0,52.624000000000045,,52.6908191908714,-0.037557722207957056,-0.12025394036319491,0.08269621815523785
2020-02-10,52.83,52.91,52.44,52.74,1412741,0.0,52.77200000000005,,51.08982927944311,-0.021068973556488402,-0.10041694700185361,0.0793479734453652
2020-02-11,52.89,53.35,52.83,52.92,1677898,0.0,52.92000000000005,,52.639552447613184,0.006448638333480972,-0.0790438299347867,0.08549246826826767
2020-02-12,53.02,53.09,52.38,52.39,2016163,0.0,52.742000000000054,,47.83363425991,-0.014344670166778428,-0.06610399798118505,0.05175932781440662
2020-02-13,52.41,52.655,52.12,52.47,1929295,0.0,52.68800000000006,,48.59651309455662,-0.024090485428615693,-0.057701295470671175,0.03361081004205548
2020-02-14,52.5,52.82,52.4,52.81,1551792,0.0,52.666000000000054,,51.82124886979077,-0.004329053107497316,-0.04702684699803641,0.04269779389053909
2020-02-18,52.4,52.5,51.74,51.89,1540729,0.0,52.49600000000005,,43.81205550910411,-0.062187428888876184,-0.050058963376204364,-0.01212846551267182
2020-02-19,51.92,51.95,51.56,51.56,1654058,0.0,52.224000000000046,,41.34373577210474,-0.1331341628613103,-0.06667400327322556,-0.06646015958808474
2020-02-20,51.48,51.65,51.14,51.48,2147075,0.0,52.04200000000005,,40.74444590689771,-0.193583778790007,-0.09205595837658186,-0.10152782041342513
2020-02-21,51.28,51.72,51.12,51.54,2108682,0.0,51.856000000000066,,41.430166439044136,-0.2339521812550558,-0.12043520295227665,-0.11351697830277914
2020-02-24,50.54,50.7,49.1901,49.23,3322788,0.0,51.140000000000065,,27.997070975127386,-0.4471872295538333,-0.185785608272588,-0.2614016212812453
2020-02-25,49.3,49.42,47.51,47.69,2919488,0.0,50.30000000000007,,22.710445927758315,-0.732004578169068,-0.295029402251884,-0.43697517591718404
2020-02-26,48.05,48.3,46.1,46.54,3879903,0.0,49.29600000000007,,19.71641869597353,-1.0385480327460286,-0.44373312835071294,-0.5948149043953157
2020-02-27,45.77,46.385,44.38,44.38,4853405,0.0,47.876000000000076,,15.565579022595628,-1.4391897930812974,-0.6428244612968299,-0.7963653317844674
2020-02-28,43.31,43.865,41.915,42.91,6981837,0.0,46.15000000000008,,13.48490483390708,-1.8539468441350664,-0.8850489378644772,-0.9688979062705891
2020-03-02,43.12,45.3,42.92,45.29,5039123,0.0,45.36200000000007,,29.837545032699808,-1.9679138004406127,-1.1016219103797043,-0.8662918900609085
2020-03-03,45.03,45.65,43.08,43.31,6081816,0.0,44.48600000000007,,25.516489626445434,-2.192726500674979,-1.3198428284387593,-0.8728836722362199
2020-03-04,44.19,44.62,43.12,44.55,6836354,0.0,44.08800000000007,,32.144080145435126,-2.2449560920189953,-1.5048654811548068,-0.7400906108641885
2020-03-05,43.21,43.21,41.19,41.56,4464708,0.0,43.52400000000007,,26.110840571944024,-2.4988116853281994,-1.7036547219894853,-0.7951569633387141
2020-03-06,39.72,40.96,39.27,40.78,5349164,0.0,43.09800000000006,,24.802979764576662,-2.7314471309655772,-1.9092132037847038,-0.8222339271808734
2020-03-09,38.0,40.145,36.75,37.54,6732888,0.0,41.548000000000066,,20.262781446306576,-3.1410453048300084,-2.155579623993765,-0.9854656808362434
2020-03-10,39.04,39.27,37.21,39.22,5848609,0.0,40.73000000000006,,27.657373068231138,-3.2921430729023626,-2.3828923137754847,-0.9092507591268779
2020-03-11,37.91,38.09,36.33,36.94,4813908,0.0,39.20800000000006,,24.3561692143128,-3.554887557028543,-2.6172913624260965,-0.9375961946024467
2020-03-12,33.41,34.69,31.41,31.4101,4883602,0.0,37.17802000000006,,18.567467187789603,-4.161361582403437,-2.926105406421565,-1.2352561759818719
2020-03-13,33.54,34.85,31.16,34.71,4534437,0.0,35.96402000000006,,29.357148517514986,-4.325856484535855,-3.206055622044423,-1.1198008624914317
2020-03-16,30.1,32.5201,28.82,28.99,4736788,0.0,34.25402000000007,,23.53584328340561,-4.86173304336284,-3.5371911063081067,-1.3245419370547329
2020-03-17,29.51,30.35,27.01,30.15,6150773,0.0,32.44002000000007,,26.709786357209026,-5.133639372433976,-3.8564807595332806,-1.277158612900695
2020-03-18,27.86,28.59,23.07,25.27,5734578,0.0,30.10602000000007,,22.481920873962054,-5.677456133131493,-4.220675834252923,-1.45678029887857
2020-03-19,25.17,28.45,24.19,26.9,6509572,0.0,29.20400000000007,,26.6578839368332,-5.908794550964231,-4.558299577595184,-1.350494973369047
2020-03-20,27.32,29.35,26.23,26.72,6057358,0.0,27.60600000000007,,26.4881864327903,-6.0370648834432785,-4.854052638764803,-1.1830122446784754
2020-03-23,26.43,26.99,25.13,25.69,5511687,0.0,26.946000000000065,,25.488323528737453,-6.1509283646340585,-5.113427783938654,-1.0375005806954043
2020-03-24,27.5,29.22,26.68,29.1,5157323,0.0,26.736000000000065,,34.32681501805412,-5.898018803007076,-5.270345987752339,-0.6276728152547371
2020-03-25,29.45,38.23,29.19,36.73,12210126,0.0,29.02800000000006,,48.92547495621193,-5.023995427908929,-5.221075875783658,0.197080447874729
2020-03-26,37.2,41.22,34.78,35.69,9529230,0.0,30.786000000000058,,47.37947787926792,-4.364928733140765,-5.04984644725508,0.6849177141143148
2020-03-27,34.18,37.155,33.74,35.4,5022423,0.0,32.52200000000006,,46.93411746122781,-3.821957063642735,-4.804268570532611,0.982311506889876
2020-03-30,35.63,36.75,34.5,36.26,3713124,0.0,34.63600000000006,,48.48071152388613,-3.284392854621288,-4.500293427350346,1.2159005727290584
2020-03-31,35.74,36.0,34.06,34.25,4908959,0.0,35.66600000000006,,45.1673569445102,-2.986137216731308,-4.197462185226539,1.211324968495231
2020-04-01,32.06,33.15,31.05,31.9,4152610,0.0,34.70000000000006,,41.5886188566034,-2.905895480871841,-3.9391488443555995,1.0332533634837584
2020-04-02,31.63,33.12,31.105,31.84,3789518,0.0,33.930000000000064,,41.49821172479411,-2.8146987307725837,-3.714258821638997,0.8995600908664132
2020-04-03,31.31,32.66,31.3,32.4,3908760,0.0,33.33000000000006,,42.74913791189974,-2.6664995820535395,-3.5047069737219054,0.8382073916683659
2020-04-06,34.53,36.11,34.08,35.19,4207530,0.0,33.116000000000064,,48.641333335967715,-2.297437575711797,-3.263253094119884,0.9658155184080872
2020-04-07,37.19,38.23,35.65,35.71,3744155,0.0,33.408000000000065,,49.680804918489734,-1.940623324866138,-2.998727140269135,1.0581038154029971
2020-04-08,36.12,38.09,35.75,37.77,3574312,0.0,34.582000000000065,,53.68036791598052,-1.4746221502734826,-2.693906142270005,1.2192839919965222
2020-04-09,38.5,39.82,37.53,38.07,6113656,0.0,35.82800000000007,,54.2506665677529,-1.0687850801479186,-2.3688819298455877,1.300096849697669
2020-04-13,38.15,38.15,36.53,37.29,2472924,0.0,36.80600000000006,,52.442740552731436,-0.8008638989367469,-2.0552783236638197,1.2544144247270728
2020-04-14,38.03,38.45,37.39,37.78,2683735,0.0,37.32400000000006,,53.491306797846526,-0.5427391683703036,-1.7527704926051164,1.2100313242348129
2020-04-15,36.19,36.53,35.33,35.76,3219749,0.0,37.33400000000006,,48.722111298022234,-0.4954592322470788,-1.501308240533509,1.0058490082864302
2020-04-16,35.71,35.7399,34.76,35.04,2373858,0.0,36.78800000000005,,47.109835568544234,-0.5102061856292011,-1.3030878295526473,0.7928816439234463
2020-04-17,36.23,36.86,35.57,36.47,3353937,0.0,36.46800000000006,,50.605878122457106,-0.4018716769043209,-1.122844599022982,0.7209729221186612
2020-04-20,35.51,36.535,35.02,36.14,2624017,0.0,36.23800000000006,,49.78799913224182,-0.33873926491868644,-0.966023532202123,0.6272842672834366
2020-04-21,34.93,35.53,34.43,34.6,2673658,0.0,35.60200000000006,,46.04785008389065,-0.4082652753012326,-0.854471880821945,0.44620660552071245
2020-04-22,35.45,35.74,35.0,35.58,1649847,0.0,35.56600000000007,,48.689414726710915,-0.3799079868510731,-0.7595591020277707,0.3796511151766976
2020-04-23,35.78,35.99,34.99,35.04,2593318,0.0,35.56600000000007,,47.3147358021378,-0.3964382253946752,-0.6869349267011516,0.2904967013064764
2020-04-24,35.57,36.56,35.23,36.29,2710116,0.0,35.530000000000065,,50.77905279355453,-0.30515635273916075,-0.6105792119087535,0.3054228591695928
2020-04-27,36.34,37.56,36.34,37.26,2203375,0.0,35.75400000000006,,53.34290261961454,-0.15278273339093573,-0.5190199162051901,0.3662371828142543
2020-04-28,38.53,39.13,37.67,37.78,2118806,0.0,36.390000000000065,,54.70500309181083,0.009820902661267894,-0.4132517524318985,0.4230726550931664
2020-04-29,39.1,39.48,38.31,39.22,2529229,0.0,37.118000000000066,,58.332697102213125,0.25197678956643443,-0.2802060440322319,0.5321828335986664
2020-04-30,37.15,38.9,36.84,37.22,3496597,0.0,37.554000000000066,,52.09237818357378,0.27928437287314267,-0.16830796065115702,0.4475923335242997
2020-05-01,36.29,36.63,35.97,36.62,2980196,0.0,37.62000000000007,,50.352101632421025,0.24963322733995597,-0.08471972305293443,0.33435295039289037
2020-05-04,36.05,36.1,35.145,35.76,2665736,0.0,37.320000000000064,,47.882900768954656,0.15495346115481112,-0.03678508621138532,0.19173854736619644
2020-05-05,35.86,36.644,35.86,35.91,3016093,0.0,36.94600000000007,,48.35858032023226,0.09097411772024344,-0.011233245425059567,0.10220736314530302
2020-05-06,35.53,35.97,34.28,34.29,3479782,0.0,35.960000000000065,,43.7177036497143,-0.08941965981647115,-0.026870528303341884,-0.06254913151312927
2020-05-07,34.87,36.46,34.84,35.88,2614335,0.0,35.692000000000064,,48.90099608901176,-0.1028971817063038,-0.042075858983934275,-0.06082132272236952
2020-05-08,36.65,36.87,35.46,36.25,2235270,0.0,35.618000000000066,,50.053722678551,-0.08276820675724395,-0.05021432853859621,-0.03255387821864773
2020-05-11,35.68,35.94,34.98,35.4,2259307,0.0,35.54600000000006,,47.407866849897715,-0.13386068271729812,-0.0669435993743366,-0.06691708334296152
2020-05-12,35.53,35.61,33.64,33.65,3080025,0.0,35.094000000000065,,42.43447751758016,-0.3119660620852329,-0.11594809191651587,-0.19601797016871705
2020-05-13,33.3,33.33,31.82,32.0,3845679,0.0,34.63600000000007,,38.349477402572106,-0.5795760765520157,-0.20867368884361587,-0.37090238770839984
2020-05-14,31.43,32.79,30.32,32.77,4617401,0.0,34.014000000000074,,41.1944806601196,-0.7212126853046072,-0.31118148813581414,-0.4100311971687931
2020-05-15,32.34,33.14,31.87,32.97,5787292,0.0,33.358000000000075,,41.943887940437705,-0.8080081743807952,-0.41054682538481035,-0.39746134899598484
2020-05-18,34.74,35.125,34.42,34.75,3309470,0.0,33.22800000000007,,48.26325536037325,-0.7248079658293136,-0.47339905347371103,-0.2514089123556026
2020-05-19,34.17,34.44,33.31,33.63,2805275,0.0,33.22400000000007,,44.947987569781404,-0.7407074267553142,-0.5268607281300317,-0.2138466986252825
2020-05-20,34.05,35.0985,33.93,34.805,4395234,0.0,33.78500000000007,,48.912765977001904,-0.6509909653525412,-0.5516867755745336,-0.09930418977800759
2020-05-21,34.61,34.96,34.49,34.85,3022992,0.0,34.201000000000064,,49.064062641456154,-0.5696918464147345,-0.5552877897425738,-0.014404056672160714
2020-05-22,34.94,34.94,34.375,34.7,2463720,0.0,34.54700000000007,,48.547942013444754,-0.5114695527008948,-0.546524142334238,0.03505458963334318
2020-05-26,36.25,36.655,35.58,36.23,3419967,0.0,34.84300000000006,,53.87743634841562,-0.33797380061511717,-0.5048140739904138,0.1668402733752966
2020-05-27,37.97,37.97,36.66,37.18,3606173,0.0,35.55300000000007,,56.865082014287005,-0.12240905125315038,-0.4283330694429611,0.30592401818981074
2020-05-28,37.46,37.59,36.2,36.64,3601189,0.0,35.92000000000006,,54.696239794361254,0.004798761509107408,-0.34170670325254743,0.34650546476165484
2020-05-29,36.09,36.74,35.65,36.46,5015865,0.0,36.24200000000006,,53.957489859715494,0.09004934117744057,-0.25535549436654986,0.34540483554399043
2020-06-01,36.46,37.24,36.25,36.98,3173806,0.0,36.69800000000006,,55.814175874094666,0.1972963840380757,-0.16482511868562477,0.3621215027237005
2020-06-02,37.34,37.69,37.0,37.24,2326683,0.0,36.90000000000006,,56.75322410137134,0.2998141938686203,-0.07189725617477576,0.37171145004339606
2020-06-03,38.22,38.66,38.0,38.2,2891533,0.0,37.10400000000006,,60.123064138245674,0.4532989258570126,0.033141980231581915,0.42015694562543066
2020-06-04,38.0,39.33,37.59,39.33,3081648,0.0,37.64200000000007,,63.70782688451429,0.6585271469207683,0.1582190135694192,0.500308133351349
2020-06-05,41.62,41.81,40.375,40.535,3343663,0.0,38.457000000000065,,67.10389508120835,0.9079392614645059,0.30816306314843656,0.5997761983160693
2020-06-08,41.28,42.185,41.08,42.09,3247036,0.0,39.47900000000006,,70.88954502007086,1.2170463111900602,0.4899397127567613,0.727106598433299
2020-06-09,40.81,41.25,40.16,40.28,2664581,0.0,40.08700000000006,,61.95261276851787,1.3009672611324135,0.6521452224318918,0.6488220387005217
2020-06-10,39.9,40.03,38.83,39.1,2837820,0.0,40.26700000000007,,56.915038878337526,1.257760401273778,0.773268258200269,0.48449214307350896
2020-06-11,37.0,37.78,35.64,35.71,4546547,0.0,39.54300000000006,,45.47480249266457,0.939148070600794,0.8064442206803741,0.13270384992041984
2020-06-12,37.18,37.27,36.07,36.11,863239,0.0,38.658000000000065,,46.83279315283498,0.7107293149954472,0.7873012395433888,-0.0765719245479416
2020-06-15,35.43,37.38,35.11,37.12,2687285,0.0,37.664000000000065,,50.20512459312404,0.6042390726836118,0.7506888061714334,-0.14644973348782164
2020-06-16,38.79,38.79,36.8,37.38,2997310,0.0,37.08400000000007,,51.065597798317185,0.5346613720383502,0.7074833193448168,-0.1728219473064666
2020-06-17,37.57,37.82,36.75,36.79,2399035,0.0,36.622000000000064,,48.996499600450385,0.426990394358576,0.6513847343475687,-0.22439433998899272
2020-06-18,36.37,37.39,36.12,37.12,2298799,0.0,36.90400000000007,,50.211641788485466,0.3640915896879946,0.5939261054156539,-0.22983451572765934
2020-06-19,37.88,37.95,36.17,36.63,4445946,0.0,37.00800000000006,,48.368917714619016,0.27157438842543513,0.5294557620176101,-0.257881373592175
2020-06-22,36.38,36.86,35.99,36.46,2167763,0.0,36.87600000000006,,47.71466535933367,0.18243328329464248,0.4600512662730166,-0.27761798297837414
2020-06-23,37.07,37.29,36.35,36.4,2042338,0.0,36.680000000000064,,47.47060865778643,0.10572804955063475,0.3891866229285402,-0.2834585733779055
2020-06-24,35.96,36.07,34.9808,35.17,3323220,0.0,36.356000000000066,,42.65404183235203,-0.053693179730856855,0.30061066239666084,-0.3543038421275177
2020-06-25,34.88,35.87,34.64,35.82,2441998,0.0,36.09600000000007,,45.78464502735383,-0.1261321123048944,0.2152621074563498,-0.3413942197612442
2020-06-26,35.36,35.53,34.3,34.67,2711271,0.0,35.704000000000065,,41.47104964798058,-0.2731867505061487,0.1175723358638501,-0.3907590863699988
2020-06-29,35.18,35.64,34.68,35.43,2006152,0.0,35.49800000000006,,45.14898949525078,-0.32466047843583823,0.029125773003912434,-0.3537862514397507
2020-06-30,35.25,36.21,35.2118,36.02,2241854,0.0,35.42200000000007,,47.8868080582275,-0.3142235361763568,-0.03954408883214141,-0.2746794473442154
2020-07-01,35.96,36.28,34.98,35.39,2579504,0.0,35.466000000000065,,45.28742162723505,-0.3527219599197693,-0.102179663049667,-0.2505422968701023
2020-07-02,36.22,36.72,35.14,35.26,2330001,0.0,35.35400000000006,,44.747646777295344,-0.38923528952022224,-0.15959078834377805,-0.2296445011764442
2020-07-06,36.23,36.63,35.685,36.03,2281240,0.0,35.62600000000007,,48.65151158580467,-0.35198236781663894,-0.19806910423835022,-0.15391326357828872
2020-07-07,35.63,35.87,34.58,34.635,2925779,0.0,35.46700000000006,,42.75733927736701,-0.430066462005378,-0.2444685757917558,-0.18559788621362222
2020-07-08,34.83,35.53,34.67,35.4,2618886,0.0,35.34300000000006,,46.579478676519116,-0.42531677554920577,-0.2806382157432458,-0.14467855980595995
2020-07-09,35.25,35.365,33.8195,33.97,3332070,0.0,35.05900000000006,,41.06037102422075,-0.5308226704846888,-0.33067510669153444,-0.20014756379315435
2020-07-10,34.13,34.88,34.01,34.87,2401189,0.0,34.981000000000066,,45.441890160786926,-0.5356398511836034,-0.3716680555899482,-0.16397179559365516
2020-07-13,35.09,35.47,34.69,34.89,2788691,0.0,34.75300000000006,,45.538779691659606,-0.531714396162144,-0.40367732370438736,-0.12803707245775664
2020-07-14,34.88,35.67,34.59,35.66,2579171,0.0,34.95800000000006,,49.27381852257546,-0.4611549724711139,-0.4151728534577327,-0.04598211901338123
2020-07-15,36.42,36.64,35.83,36.28,3052402,0.0,35.13400000000006,,52.12114431869847,-0.35115935593288583,-0.4023701539527633,0.05121079801987749
2020-07-16,36.02,36.91,35.91,36.36,1915005,0.0,35.612000000000066,,52.491703375171646,-0.2545968716829137,-0.3728154974987934,0.11821862581587972
2020-07-17,36.33,36.405,35.73,36.22,2484210,0.0,35.88200000000006,,51.73706619294866,-0.1872092059977959,-0.3356942391985939,0.14848503320079803
2020-07-20,35.95,36.15,35.54,35.98,2201320,0.0,36.10000000000006,,50.3994208883441,-0.1514244627288619,-0.2988402839046475,0.1474158211757856
2020-07-21,36.12,36.94,36.12,36.52,2130282,0.0,36.27200000000006,,53.323598450355924,-0.07858542497993426,-0.25478931211970485,0.1762038871397706
2020-07-22,36.12,36.86,36.0,36.67,1888459,0.0,36.350000000000065,,54.13251570040239,-0.008656430447530283,-0.20556273578526996,0.19690630533773967
2020-07-23,36.53,37.2,36.46,37.0,2000523,0.0,36.478000000000065,,55.94153602300978,0.07255467843623364,-0.14993925294096924,0.22249393137720289
2020-07-24,37.17,37.25,36.69,36.75,1664823,0.0,36.58400000000007,,54.197604731866335,0.11541176171057543,-0.09686905001066032,0.21228081172123575
2020-07-27,36.58,36.68,36.025,36.43,2058951,0.0,36.67400000000007,43.95255050000001,51.964562623536175,0.12214694932766434,-0.053065850142995384,0.17521279947065974
