Date,Open,High,Low,Close,Volume,OpenInterest,5 day sma,200 day sma,rsi,macd,signal,histogram
2019-10-10,89.41,90.62,89.25,89.34,1208638,0.0,,,,,,
2019-10-11,90.2,90.97,89.43,89.54,1699929,0.0,,,,,,
2019-10-14,89.26,90.0,89.13,89.83,1060532,0.0,,,,,,
2019-10-15,89.64,91.63,89.64,91.32,1552832,0.0,,,,,,
2019-10-16,90.88,90.99,89.51,90.92,1824393,0.0,90.19,,,,,
2019-10-17,91.55,92.3314,90.8,91.35,2012948,0.0,90.59199999999998,,,,,
2019-10-18,91.43,91.74,90.06,91.52,2503983,0.0,90.98799999999997,,,,,
2019-10-21,91.36,91.93,90.28,91.89,1012204,0.0,91.39999999999999,,,,,
2019-10-22,91.9,92.6,89.04,89.08,1333936,0.0,90.95199999999998,,,,,
2019-10-23,88.91,90.32,88.81,90.21,764138,0.0,90.80999999999997,,,,,
2019-10-24,90.55,90.91,88.78,89.6,1431832,0.0,90.45999999999997,,,,,
2019-10-25,89.61,90.27,89.09,89.14,1379157,0.0,89.98399999999997,,,,,
2019-10-28,89.8,90.0,89.04,89.49,3073595,0.0,89.50399999999998,,,,,
2019-10-29,91.0,91.0,85.625,87.89,3649461,0.0,89.26599999999998,,,,,
2019-10-30,87.66,87.87,86.0,87.41,1932497,0.0,88.70599999999999,,41.05653382761811,,,
2019-10-31,86.87,87.36,86.12,86.5,1659665,0.0,88.08599999999998,,37.63806287170768,,,
2019-11-01,86.78,87.81,86.25,87.47,1136089,0.0,87.752,,43.07858208099113,,,
2019-11-04,87.98,88.2999,87.18,87.52,1337480,0.0,87.35799999999999,,43.35291710356911,,,
2019-11-05,87.66,88.31,87.01,87.8,1347925,0.0,87.33999999999999,,44.952890546633576,,,
2019-11-06,87.8,87.95,86.705,87.41,1397409,0.0,87.33999999999999,,43.12578556385075,,,
2019-11-07,87.58,88.14,85.58,85.74,1191059,0.0,87.18799999999999,,36.318548042850125,,,
2019-11-08,85.12,85.75299999999999,83.91,84.53,1396216,0.0,86.59999999999998,,32.33589597771808,,,
2019-11-11,84.27,85.92,84.0,85.19,835940,0.0,86.13399999999997,,36.4307128063074,,,
2019-11-12,85.19,85.77,84.47,84.72,1092769,0.0,85.51799999999997,,34.81493962244471,,,
2019-11-13,84.7,85.73,84.65,85.6,827090,0.0,85.15599999999998,,40.1658915483478,,,
2019-11-14,85.9,86.34,85.24,85.65,1189529,0.0,85.13799999999996,,40.46493056580995,-1.94618427181166,,
2019-11-15,85.97,87.92,85.465,87.71,1619727,0.0,85.77399999999997,,51.2706064902285,-1.696475448929391,,
2019-11-18,87.67,88.86,87.51,88.41,1076495,0.0,86.41799999999998,,54.30559861948249,-1.4256611238913734,,
2019-11-19,88.75,89.07,87.93,88.53,888592,0.0,87.17999999999998,,54.825034897701364,-1.1876651584183833,,
2019-11-20,87.5,88.43,86.31,86.85,956305,0.0,87.42999999999998,,46.80345492162534,-1.121683531242482,,
2019-11-21,87.0,87.58,86.25,87.58,1119895,0.0,87.81599999999999,,50.21225638223951,-0.9989721876574578,,
2019-11-22,87.58,88.295,87.09,87.97,1134264,0.0,87.868,,51.98254410054222,-0.8603354120548516,,
2019-11-25,88.29,88.62,87.48,87.73,739138,0.0,87.732,,50.785816872442076,-0.7610577626561792,,
2019-11-26,87.74,88.73,87.66,88.7,945863,0.0,87.766,,55.268108228688675,-0.5972241881967477,-1.1772510094287252,0.5800268212319775
2019-11-27,88.83,88.83,86.8,87.29,1168002,0.0,87.854,,48.3715574996939,-0.5745372089114795,-1.0567082493252762,0.48217104041379666
2019-11-29,87.05,87.52,86.61,87.18,353495,0.0,87.77400000000002,,47.86970471292211,-0.5589900062359874,-0.9571646007074185,0.3981745944714311
2019-12-02,85.945,86.25,84.76,85.61,1164300,0.0,87.30199999999999,,41.2858642369888,-0.6656810581997803,-0.8988678922058909,0.23318683400611062
2019-12-03,85.09,86.05,84.84,85.92,990761,0.0,86.93999999999998,,42.95422049512924,-0.7169554600722847,-0.8624854057791698,0.14552994570688504
2019-12-04,86.07,86.62,85.7,86.43,880512,0.0,86.48599999999998,,45.68842913826988,-0.7082735189744085,-0.8316430284182175,0.12336950944380898
2019-12-05,86.43,86.5,84.29,84.33,1666868,0.0,85.89399999999998,,37.67991647996862,-0.8609213027983174,-0.8374986832942375,-0.023422619504079867
2019-12-06,84.87,85.56,84.5833,85.26,1274216,0.0,85.50999999999998,,42.487800209681886,-0.8965180416597889,-0.8493025549673479,-0.04721548669244102
2019-12-09,84.95,85.51,84.07,84.11,670229,0.0,85.20999999999998,,38.52941611755625,-1.0059283864468824,-0.8806277212632548,-0.1253006651836276
2019-12-10,83.97,84.75,83.465,84.1,848446,0.0,84.84599999999998,,38.49583043165561,-1.0809828914915158,-0.9206987553089071,-0.16028413618260873
2019-12-11,84.32,84.45,83.26,83.84,732076,0.0,84.32799999999996,,37.57863717787264,-1.148208126025139,-0.9662006294521536,-0.18200749657298554
2019-12-12,83.8,84.68,82.8784,83.34,913394,0.0,84.12999999999997,,35.81157465407519,-1.2276785163175816,-1.0184962068252392,-0.2091823094923424
2019-12-13,83.24,84.69,83.02,84.69,806367,0.0,84.01599999999996,,43.53232085283282,-1.168258696560187,-1.0484487047722288,-0.11980999178795826
2019-12-16,85.24,85.77,85.01,85.54,929516,0.0,84.30199999999996,,47.790481872033844,-1.0405849494960222,-1.0468759537169876,0.006291004220965402
2019-12-17,85.91,85.91,84.26,84.29,1546837,0.0,84.33999999999996,,42.69196294302421,-1.0284122422577582,-1.0431832114251418,0.01477096916738363
2019-12-18,84.44,85.38,84.05,84.85,981255,0.0,84.54199999999996,,45.49728951064676,-0.9624830586123068,-1.0270431808625748,0.06456012225026808
2019-12-19,84.76,85.0,83.95,84.51,907360,0.0,84.77599999999995,,44.086226546801875,-0.9269831790198708,-1.0070311804940342,0.08004800147416335
2019-12-20,85.3,87.0,83.91,86.83,2019791,0.0,85.20399999999995,,54.464103383867965,-0.7035347470996243,-0.9463318938151523,0.242797146715528
2019-12-23,86.74,86.9,85.72,85.9201,674090,0.0,85.28001999999995,,50.50485116412226,-0.5930354372236621,-0.8756726024968543,0.28263716527319216
2019-12-24,86.16,86.16,85.63,85.71,236132,0.0,85.56401999999994,,49.60809893350253,-0.5164637792043436,-0.8038308378383522,0.2873670586340086
2019-12-26,85.59,86.58,85.59,86.36,337773,0.0,85.86601999999993,,52.42266513514757,-0.39873426048031035,-0.722811522366744,0.3240772618864336
2019-12-27,86.07,86.69,85.869,86.52,533613,0.0,86.26801999999994,,53.1168242913524,-0.289188520619831,-0.6360869220173614,0.34689840139753036
2019-12-30,86.44,86.59,85.26,85.85,467467,0.0,86.07201999999994,,49.83771018369452,-0.2535137840269073,-0.5595722944192706,0.3060585103923633
2019-12-31,85.73,86.46,85.3529,86.36,474816,0.0,86.15999999999994,,52.25396004277591,-0.1819906851689126,-0.484055972569199,0.30206528740028643
2020-01-02,87.3,87.83,86.53,87.64,970528,0.0,86.54599999999995,,57.75409766421205,-0.021771839224115297,-0.3915991459001823,0.369827306676067
2020-01-03,86.44,87.5,86.4,87.25,741888,0.0,86.72399999999996,,55.650584426516794,0.07289274764686127,-0.2987007671907736,0.37159351483763486
2020-01-06,86.65,87.58,86.61,87.57,738215,0.0,86.93399999999997,,57.03339761844634,0.17175653795722212,-0.20460930616117448,0.3763658441183966
2020-01-07,88.96,91.15,88.41,90.23,2270088,0.0,87.80999999999997,,66.40926509323603,0.4594503162578576,-0.07179738167736809,0.5312476979352256
2020-01-08,90.54,91.97,90.04,91.44,1450613,0.0,88.82599999999995,,69.65326502352791,0.7761397400972925,0.09779004267756403,0.6783496974197285
2020-01-09,92.0,93.22,91.83,93.19,1222497,0.0,89.93599999999995,,73.6211140766606,1.1550144768364703,0.3092349295093453,0.845779547327125
2020-01-10,93.59,93.96,92.73,93.54,1058992,0.0,91.19399999999993,,74.34363912043295,1.4666113278220223,0.5407102091718807,0.9259011186501416
2020-01-13,94.0,95.36,93.83,94.7,927376,0.0,92.61999999999995,,76.62848997478756,1.7865620079067526,0.789880568918855,0.9966814389878975
2020-01-14,94.58,94.59,93.245,93.94,935910,0.0,93.36199999999994,,72.09818519788895,1.956249156031177,1.0231542863413194,0.9330948696898576
2020-01-15,94.14,95.81,93.99,95.1,997632,0.0,94.09399999999995,,74.56946401545251,2.1594371022137864,1.2504108495158128,0.9090262526979735
2020-01-16,95.61,95.85,94.89,95.82,1042744,0.0,94.61999999999995,,75.9908909161735,2.3514568651521444,1.470620052643079,0.8808368125090653
2020-01-17,96.0,96.0,94.7,95.31,780744,0.0,94.97399999999995,,72.88333043865084,2.4344187094468452,1.6633797840038322,0.771038925443013
2020-01-21,94.92,95.48,94.5549,94.96,2132657,0.0,95.02599999999994,,70.74518381284294,2.4437544141284775,1.8194547100287612,0.6242997040997162
2020-01-22,95.51,96.15,95.29,95.58,1324651,0.0,95.35399999999994,,72.29566105081165,2.4726783489744406,1.9500994378178973,0.5225789111565433
2020-01-23,95.32,96.89,94.98,96.44,1345079,0.0,95.62199999999993,,74.32809986833341,2.535764869449494,2.0672325241442167,0.46853234530527743
2020-01-24,97.2,97.75,95.17,95.53,1772189,0.0,95.56399999999994,,68.59377835795718,2.4837014325630093,2.1505263058279755,0.3331751267350338
2020-01-27,94.06,94.72,93.81,94.23,648826,0.0,95.34799999999993,,61.31614017399603,2.310902997024442,2.182601644067269,0.12830135295717326
2020-01-28,94.73,95.43,94.49,94.85,660194,0.0,95.32599999999992,,63.31519615579437,2.1986432199269927,2.1858099592392137,0.012833260687779013
2020-01-29,95.2,95.88,94.75,94.83,746011,0.0,95.17599999999992,,63.20173501505693,2.084039198327261,2.1654558070568233,-0.08141660872956225
2020-01-30,94.49,95.27,93.4,94.6,717304,0.0,94.80799999999991,,61.829534155404524,1.9521524099134808,2.1227951276281547,-0.17064271771467387
2020-01-31,94.49,94.49,92.97,93.35,764234,0.0,94.37199999999991,,54.85846774841358,1.7268604542056636,2.0436081929436565,-0.3167477387379929
2020-02-03,94.1,94.28,93.33,93.67,640449,0.0,94.2599999999999,,56.21931823954725,1.5561974068083089,1.946126035716587,-0.3899286289082782
2020-02-04,94.8,95.29,94.21,95.23,897502,0.0,94.3359999999999,,62.20159969004686,1.5291970431003108,1.862740237193332,-0.33354319409302113
2020-02-05,95.74,96.04,94.91,95.95,751461,0.0,94.55999999999992,,64.60548046490239,1.5480520624960405,1.7998026022538738,-0.25175053975783324
2020-02-06,96.32,97.2,96.0,96.98,678154,0.0,95.0359999999999,,67.76391055031091,1.6273481368089904,1.765311709164897,-0.13796357235590673
2020-02-07,96.43,97.4003,95.77,96.09,1108416,0.0,95.5839999999999,,62.568405190630656,1.599932261848366,1.732235819701591,-0.132303557853225
2020-02-10,95.66,96.17,95.18,95.77,990503,0.0,96.00399999999989,,60.764458804802864,1.5346926759179809,1.6927271909448691,-0.15803451502688826
2020-02-11,96.21,96.87,95.76,96.29,1354941,0.0,96.2159999999999,,62.64901316768678,1.5075711464748878,1.655695982050873,-0.14812483557598521
2020-02-12,99.95,103.29,97.0,97.36,4204921,0.0,96.4979999999999,,66.24211382968736,1.5544979123360037,1.6354563681078993,-0.08095845577189564
2020-02-13,96.7,100.49,96.53,99.67,1657317,0.0,97.0359999999999,,72.41226999737154,1.7578223253344731,1.659929559553214,0.09789276578125916
2020-02-14,99.77,100.38,98.9,99.66,930315,0.0,97.74999999999989,,72.35061960144986,1.8962921950588054,1.7072020866543323,0.18909010840447316
2020-02-18,99.29,101.24,98.77,101.0,1380420,0.0,98.79599999999989,,75.37594914891915,2.0900644041584115,1.7837745501551483,0.30628985400326325
2020-02-19,101.2,102.985,101.19,102.61,1106708,0.0,100.05999999999989,,78.42979627942825,2.34649488816342,1.8963186177568025,0.45017627040661745
2020-02-20,101.9,103.34,100.82,101.47,1322802,0.0,100.88199999999988,,71.65355024556456,2.429721109099944,2.002999116025431,0.426721993074513
2020-02-21,101.4,102.0,99.34,100.55,987021,0.0,101.05799999999986,,66.64895367114721,2.39384739491517,2.081168771803379,0.31267862311179107
2020-02-24,97.1,98.54,95.89,97.12,1373141,0.0,100.54999999999988,,52.052064877179916,2.0648426627770675,2.0779035499981164,-0.013060887221048922
2020-02-25,97.62,98.32,93.525,93.78,1086056,0.0,99.10599999999988,,42.330113827523434,1.5171057055432016,1.9657439811071336,-0.448638275563932
2020-02-26,94.57,95.58,92.48,92.53,1244019,0.0,97.08999999999988,,39.366697430983734,0.9709630102113351,1.766787786927974,-0.7958247767166389
2020-02-27,90.7,92.42,89.0,89.31,1444136,0.0,94.65799999999986,,32.96460843944875,0.27514223170103946,1.4684586758825873,-1.1933164441815478
2020-02-28,86.61,87.8,84.28,86.53,2659832,0.0,91.85399999999984,,28.634870982916482,-0.4949184036753991,1.07578325997099,-1.570701663646389
2020-03-02,87.31,90.92,86.6,90.92,1490141,0.0,90.61399999999985,,41.664964077717556,-0.7424027373329949,0.712146060510193,-1.454548797843188
2020-03-03,90.53,93.09,89.15,90.32,2233553,0.0,89.92199999999984,,40.57456188554097,-0.9757035373515492,0.3745761409378445,-1.3502796782893938
2020-03-04,91.96,95.0,91.27,94.91,1263155,0.0,90.39799999999984,,51.11457633166149,-0.7812160896469749,0.14341769482088063,-0.9246337844678555
2020-03-05,92.13,93.86,91.77,92.98,1676859,0.0,91.13199999999985,,47.31449955133253,-0.7738972506801787,-0.04004529427933125,-0.7338519564008474
2020-03-06,89.78,91.19,88.03,90.58,1890061,0.0,91.94199999999985,,43.030381597381634,-0.950796767151445,-0.222195588853754,-0.728601178297691
2020-03-09,83.8,86.685,82.46,82.55,3377104,0.0,90.26799999999983,,32.44504749735029,-1.719127764191299,-0.5215820239212631,-1.1975457402700358
2020-03-10,84.79,86.82,82.435,86.2,1729294,0.0,89.44399999999983,,39.70558034313415,-2.0103372033058093,-0.8193330597981724,-1.1910041435076368
2020-03-11,84.22,87.84,84.11,86.95,2187819,0.0,87.85199999999983,,41.10624329555271,-2.1557538612638467,-1.0866172200913073,-1.0691366411725394
2020-03-12,81.62,88.8,79.81,80.05,2891422,0.0,85.26599999999982,,33.415375026837395,-2.795544646145345,-1.4284027053021149,-1.36714194084323
2020-03-13,84.38,86.93,81.1558,85.59,2476697,0.0,84.26799999999983,,42.687187931696926,-2.8230098520080986,-1.707324134643312,-1.1156857173647867
2020-03-16,76.75,87.37,75.1801,83.23,2484107,0.0,84.40399999999984,,40.12399226004436,-3.000619231507315,-1.9659831540161128,-1.0346360774912022
2020-03-17,85.31,90.9,82.33,88.43,5970878,0.0,84.84999999999984,,47.59129362549463,-2.6907619734909645,-2.110938917911083,-0.5798230555798813
2020-03-18,82.47,97.645,82.47,97.11,3546947,0.0,86.88199999999985,,57.18899677073799,-1.7249107089654245,-2.0337332761219518,0.30882256715652723
2020-03-19,93.7,98.255,88.44,88.8,2538921,0.0,88.63199999999985,,48.10600101428339,-1.6114385135796994,-1.9492743236135013,0.3378358100338019
2020-03-20,90.02,90.03,81.95,82.365,2800548,0.0,87.98699999999982,,42.4796162448113,-2.0175051580657737,-1.9629204905039557,-0.05458466756181801
2020-03-23,84.16,88.21,81.8,85.67,2971548,0.0,88.47499999999982,,45.97452893703063,-2.049010305078312,-1.980138453418827,-0.06887185165948484
2020-03-24,87.29,90.25,85.33,89.98,2026064,0.0,88.78499999999983,,50.22210868029207,-1.7065256162126161,-1.925415885977585,0.21889026976496884
2020-03-25,90.12,93.78,88.48,89.39,2106570,0.0,87.24099999999983,,49.64667854492129,-1.4658150979706903,-1.8334957283762061,0.3676806304055158
2020-03-26,90.02,94.86,86.74,94.57,2545636,0.0,88.39499999999984,,54.56841115535273,-0.8473004173199286,-1.6362566661649507,0.7889562488450221
2020-03-27,93.03,93.1,88.93,90.61,2092507,0.0,90.04399999999983,,50.50427591934176,-0.6689507339916076,-1.4427954797302822,0.7738447457386746
2020-03-30,92.09,94.5,90.32,94.19,1785509,0.0,91.74799999999983,,53.85058151137611,-0.23601066034132145,-1.20143851585249,0.9654278555111686
2020-03-31,92.89,95.1,91.29,91.48,1294285,0.0,92.04799999999982,,51.0376476923815,-0.11030535294760568,-0.9832118832715132,0.8729065303239075
2020-04-01,89.24,92.89,88.75,91.6,2127669,0.0,92.48999999999982,,51.159307623866106,-0.000988598118354389,-0.7867672262408815,0.7857786281225271
2020-04-02,91.44,95.96,90.7501,93.0,3605894,0.0,92.17599999999983,,52.6378975366612,0.1963506097748393,-0.5901436590377374,0.7864942688125767
2020-04-03,94.21,96.69,93.48,95.35,1832405,0.0,93.12399999999982,,55.095331904852884,0.5361878739672363,-0.36487735243674263,0.9010652264039789
2020-04-06,98.13,98.4,95.4,97.66,1919370,0.0,93.81799999999981,,57.43335694115268,0.9806052419360043,-0.09578083356219322,1.0763860754981975
2020-04-07,98.26,99.43,94.65,95.13,2016788,0.0,94.54799999999982,,54.11035010113208,1.1157971371601434,0.1465347605822741,0.9692623765778693
2020-04-08,96.27,97.77,95.42,97.37,1238851,0.0,95.70199999999981,,56.509584981179266,1.38769053498919,0.39476591546365725,0.9929246195255327
2020-04-09,97.04,97.81,94.94,95.37,1840301,0.0,96.17599999999982,,53.8047231592404,1.425354131180157,0.6008835586069572,0.8244705725731998
2020-04-13,95.0,95.365,93.12,95.19,1477925,0.0,96.1439999999998,,53.55626091266067,1.4242603204331346,0.7655589109721928,0.6587014094609418
2020-04-14,98.13,101.25,97.01,100.5,3676015,0.0,96.7119999999998,,59.49811451579719,1.8307622029483497,0.9785995693674241,0.8521626335809256
2020-04-15,100.5,100.88,98.86,100.4,2913558,0.0,97.7659999999998,,59.34413507519644,2.1204059889309406,1.2069608532801275,0.9134451356508131
2020-04-16,100.63,107.22,100.31,105.84,10283521,0.0,99.45999999999981,,64.69666229414457,2.7571308242286108,1.516994847469824,1.2401359767587867
2020-04-17,106.89,107.04,102.8,105.34,9961635,0.0,101.45399999999981,,63.864418756420605,3.1846829792426945,1.8505324738243982,1.3341505054182963
2020-04-20,106.88,108.25,105.13,106.18,6201430,0.0,103.65199999999982,,64.68629384997217,3.55037560235354,2.190501099530227,1.3598745028233132
2020-04-21,106.23,107.391,101.74,103.36,3976871,0.0,104.22399999999982,,59.77135225092459,3.571469530974838,2.4666947858191492,1.1047747451556886
2020-04-22,104.86,105.93,102.58,104.48,4986440,0.0,105.03999999999982,,61.037562455724036,3.636640335097198,2.700683895674759,0.9359564394224389
2020-04-23,104.81,104.81,101.56,102.21,4123981,0.0,104.31399999999982,,57.11378950112392,3.465174266132152,2.8535819697662377,0.6115922963659144
2020-04-24,101.1,102.83,99.74,102.78,5463807,0.0,103.80199999999982,,57.846568980226074,3.336815673454325,2.9502287105038554,0.38658696295046946
2020-04-27,104.39,104.39,101.335,103.13,3971122,0.0,103.19199999999982,,58.31753212424329,3.2261436629693634,3.005411700996957,0.2207319619724064
2020-04-28,104.78,104.78,101.71,101.93,2671258,0.0,102.90599999999984,,56.007091061911595,3.0069431571709515,3.005717992231756,0.0012251649391954444
2020-04-29,98.06,98.51,92.79,97.87,20195746,0.0,101.58399999999983,,48.94215385723264,2.477063066791345,2.899987007143674,-0.42292394035232883
2020-04-30,96.84,97.95,94.61,97.69,2780417,0.0,100.67999999999985,,48.64915109752244,2.0193272345361777,2.7238550526221745,-0.7045278180859968
2020-05-01,96.36,97.87,94.92,95.87,3404708,0.0,99.29799999999986,,45.671862580356496,1.492504833372891,2.477585008772318,-0.9850801753994269
2020-05-04,96.05,97.64,95.53,97.6,1715394,0.0,98.19199999999987,,48.874741849211325,1.2007493357848773,2.22221787417483,-1.0214685383899527
2020-05-05,98.92,100.47,97.83,99.19,3567420,0.0,97.64399999999988,,51.69349518113204,1.0853198224519787,1.9948382638302598,-0.9095184413782811
2020-05-06,100.36,100.84,98.88,99.17,1461394,0.0,97.90399999999988,,51.654916198144164,0.9809198353968327,1.7920545781435744,-0.8111347427467417
2020-05-07,101.28,102.47,99.88,100.62,3202537,0.0,98.48999999999988,,54.31682890896133,1.0036159157907178,1.6343668456730032,-0.6307509298822853
2020-05-08,101.52,101.81,100.35,101.12,1087461,0.0,99.53999999999989,,55.23219326276534,1.049846566631615,1.5174627898647255,-0.4676162232331105
2020-05-11,101.31,103.1462,100.76,101.89,1236734,0.0,100.39799999999988,,56.67202438204,1.1355276000068812,1.4410757518931567,-0.3055481518862755
2020-05-12,102.54,102.69,95.75,95.76,5086148,0.0,99.71199999999989,,44.422855064496765,0.7007132802865783,1.293003257571841,-0.5922899772852628
2020-05-13,97.0,97.59,94.4,95.37,2158270,0.0,98.95199999999987,,43.77459559426861,0.32095034283861423,1.0985926746251957,-0.7776423317865815
2020-05-14,95.2,97.26,94.21,97.23,1636737,0.0,98.27399999999986,,47.694897223292024,0.16813379249803972,0.9125008981997645,-0.7443671057017248
2020-05-15,96.09,99.015,95.71,98.11,1834974,0.0,97.67199999999987,,49.48931899701796,0.11668910157595747,0.7533385388750031,-0.6366494372990457
2020-05-18,98.8,99.62,97.0,98.07,3129206,0.0,96.90799999999987,,49.40634820648306,0.07186275852788526,0.6170433828055796,-0.5451806242776943
2020-05-19,98.27,99.35,97.26,97.28,1083967,0.0,97.21199999999988,,47.70524121395975,-0.02709648754715488,0.4882154087350327,-0.5153118962821877
2020-05-20,98.79,100.88,98.46,100.57,3004010,0.0,98.25199999999988,,54.70038820926247,0.1581302739330681,0.4221983817746398,-0.2640681078415717
2020-05-21,100.46,101.94,99.8,101.0,2956010,0.0,99.00599999999989,,55.53751199701263,0.33575089590264895,0.40490888460024166,-0.06915798869759271
2020-05-22,100.65,101.26,99.885,100.42,2076840,0.0,99.46799999999988,,54.085662566678366,0.4248183245579895,0.40889077259179124,0.015927551966198272
2020-05-26,102.0,102.17,99.83,100.04,1340226,0.0,99.86199999999987,,53.106127299290314,0.4594458732246238,0.4190017927183578,0.04044408050626602
2020-05-27,99.35,99.99,97.25,99.95,1458925,0.0,100.39599999999987,,52.86193913544742,0.4741603814594697,0.4300335104665802,0.04412687099288948
2020-05-28,99.91,104.49,99.91,102.96,1592419,0.0,100.87399999999988,,59.559347772437384,0.7203992653305278,0.48810666143936976,0.23229260389115802
2020-05-29,103.76,106.27,102.23,105.75,5293377,0.0,101.82399999999988,,64.58249026485569,1.1276758921203367,0.6160205075755631,0.5116553845447736
2020-06-01,105.05,106.46,103.03,105.7,3102536,0.0,102.87999999999991,,64.42804209553427,1.4299276550796378,0.7788019370763781,0.6511257180032597
2020-06-02,106.1465,106.45,102.59,105.47,3522772,0.0,103.96599999999992,,63.673696161880414,1.6320915416707606,0.9494598579952547,0.682631683675506
2020-06-03,105.5,105.5,102.42,103.01,3439266,0.0,104.5779999999999,,56.10702568728308,1.5756434010607308,1.07469656660835,0.5009468344523809
2020-06-04,102.21,103.68,101.51,101.84,3461482,0.0,104.3539999999999,,52.88790986755792,1.4201282663826618,1.1437829065632124,0.2763453598194494
2020-06-05,101.32,101.83,98.14,99.0,2504623,0.0,103.0039999999999,,45.99024291918488,1.055549419938231,1.1261362092382161,-0.07058678929998519
2020-06-08,99.48,103.59,99.165,103.41,1509573,0.0,102.54599999999989,,55.66056436613934,1.1096765411576825,1.1228442756221093,-0.013167734464426761
2020-06-09,103.26,103.26,101.1,102.72,2175594,0.0,101.9959999999999,,54.03050690774908,1.084395208310724,1.1151544621598324,-0.03075925384910838
2020-06-10,103.5,104.56,102.6,103.86,2424490,0.0,102.1659999999999,,56.307205673712595,1.1431702870396236,1.1207576271357906,0.02241265990383301
2020-06-11,102.89,104.42,100.36,100.52,1449425,0.0,101.90199999999989,,48.69748540818471,0.9097528098381673,1.078556663676266,-0.1688038538380987
2020-06-12,102.04,103.19,101.14,101.195,566036,0.0,102.3409999999999,,50.16335555222039,0.7703544694684865,1.0169162248347101,-0.2465617553662236
2020-06-15,99.68,101.4,99.5875,100.68,2807493,0.0,101.79499999999992,,49.01267857414698,0.6112776561364797,0.9357885110950641,-0.32451085495858445
2020-06-16,102.895,102.895,99.05,100.09,2214370,0.0,101.26899999999992,,47.66376339944049,0.43261317097736196,0.8351534430715237,-0.40254027209416177
2020-06-17,100.69,102.6,100.3,101.42,3208303,0.0,100.7809999999999,,50.94150516389497,0.3938006749583707,0.7468828894488931,-0.35308221449052246
2020-06-18,101.62,101.85,99.55,100.71,1065777,0.0,100.81899999999992,,49.171096489597716,0.30226609061348597,0.6579595296818117,-0.35569343906832573
2020-06-19,101.9,102.67,100.05,100.5,2714604,0.0,100.67999999999992,,48.632732433582156,0.2103541958633599,0.5684384629181214,-0.3580842670547615
2020-06-22,100.95,102.7,100.25,101.59,864864,0.0,100.86199999999991,,51.59515420637073,0.22289782025157479,0.4993303343848121,-0.27643251413323733
2020-06-23,102.05,103.2,100.62,100.88,1335338,0.0,101.01999999999991,,49.58900888638903,0.17354712345883172,0.43417369219961605,-0.2606265687407843
2020-06-24,100.92,102.11,99.82,100.94,1901934,0.0,100.9239999999999,,49.76676404571058,0.1376906274137042,0.3748770792424337,-0.2371864518287295
2020-06-25,101.0,102.96,98.62,102.91,1827296,0.0,101.3639999999999,,55.33552837334905,0.2651798042739415,0.35293762424873526,-0.08775781997479376
2020-06-26,102.78,105.92,102.395,105.37,3484483,0.0,102.33799999999992,,61.13025484294155,0.5582818111670065,0.3940064616323895,0.16427534953461698
2020-06-29,105.62,105.71,103.55,104.98,1710660,0.0,103.01599999999992,,59.805528251718215,0.750446838662512,0.46529453703841406,0.285152301624098
2020-06-30,105.38,107.53,105.11,107.09,1452044,0.0,104.25799999999992,,64.31161432246319,1.0607704717297821,0.5843897239766878,0.47638074775309436
2020-07-01,106.55,107.0,104.89,106.34,1615309,0.0,105.33799999999992,,61.66532295915982,1.2319839110647592,0.7139085613943021,0.5180753496704571
2020-07-02,109.98,114.37,109.14,113.22,4334252,0.0,107.39999999999993,,72.74462256996483,1.9009177007310427,0.9513103892616503,0.9496073114693924
2020-07-06,116.0,116.39,111.88,112.59,2512970,0.0,108.84399999999994,,70.7287942275834,2.3530918356464383,1.231666678538608,1.1214251571078304
2020-07-07,112.5,113.35,110.91,110.98,1226151,0.0,110.04399999999994,,65.71692322680732,2.5521104104588233,1.495755424922651,1.0563549855361722
2020-07-08,112.19,112.75,111.25,112.75,1154450,0.0,111.17599999999993,,68.37047955467739,2.820149346161301,1.760634209170381,1.0595151369909201
2020-07-09,113.29,114.8,112.59,114.21,1460528,0.0,112.74999999999993,,70.40530281347675,3.114480143692745,2.031403396074854,1.0830767476178913
2020-07-10,115.3,115.3,113.37,114.33,1151648,0.0,112.97199999999994,,70.57287233623124,3.3191611942522314,2.2889549557103295,1.030206238541902
2020-07-13,115.12,115.235,109.81,109.86,1373977,0.0,112.42599999999993,,57.51007898130938,3.0851174453258636,2.4481874536334365,0.6369299916924271
2020-07-14,109.97,112.36,108.7,112.24,1926605,0.0,112.67799999999993,,61.586985644346925,3.0564493520607527,2.5698398333189,0.48660951874185265
2020-07-15,111.78,113.65,111.11,112.79,1876668,0.0,112.68599999999992,,62.482855727979725,3.0430319074563386,2.6644782481463882,0.37855365930995033
2020-07-16,110.32,112.2,110.32,111.66,1152506,0.0,112.1759999999999,,59.416824859092394,2.9076987880944074,2.7131223561359925,0.1945764319584149
2020-07-17,111.33,112.74,110.81,112.68,753720,0.0,111.84599999999989,,61.264522800246624,2.8498999192143373,2.7404778687516615,0.10942205046267572
2020-07-20,112.94,115.86,112.81,115.25,1437094,0.0,112.9239999999999,,65.52367843754004,2.9771526581918835,2.787812826639706,0.18933983155217726
2020-07-21,115.69,115.7242,113.185,113.44,948221,0.0,113.1639999999999,,60.479902162122926,2.8985369675538806,2.809957654822541,0.08857931273133968
2020-07-22,113.94,114.75,112.96,113.8,999727,0.0,113.3659999999999,,61.120937451203595,2.832629666141713,2.814492057086375,0.01813760905533801
2020-07-23,114.52,115.56,112.08,112.69,1159919,0.0,113.57199999999992,,57.99718914058535,2.6601652030280007,2.7836266862747,-0.12346148324669937
2020-07-24,110.72,112.838,110.57,111.74,822260,0.0,113.38399999999993,,55.38810638061903,2.418944723915814,2.710690293802923,-0.29174556988710876
2020-07-27,112.9,115.08,112.01,114.64,1017523,0.0,113.26199999999992,95.36485050000003,61.13575512378458,2.4337270297519638,2.6552976409927314,-0.2215706112407676
