Date,Open,High,Low,Close,Volume,OpenInterest,5 day sma,200 day sma,rsi,macd,signal,histogram
2019-10-10,64.01,65.79,63.84,65.46,860969,0.0,,,,,,
2019-10-11,66.53,69.3,66.25,68.91,1233264,0.0,,,,,,
2019-10-14,68.23,68.58,67.37,67.58,1032435,0.0,,,,,,
2019-10-15,67.9,68.732,67.13,67.85,666588,0.0,,,,,,
2019-10-16,67.86,68.93,67.46,67.59,590585,0.0,67.478,,,,,
2019-10-17,68.35,69.09,67.75,68.23,891814,0.0,68.03200000000001,,,,,
2019-10-18,68.23,68.74,67.11,67.14,800981,0.0,67.678,,,,,
2019-10-21,67.91,68.18,66.81,67.23,1010163,0.0,67.608,,,,,
2019-10-22,67.24,67.8724,64.88,66.8,1182953,0.0,67.398,,,,,
2019-10-23,67.39,68.16,66.9444,67.46,684702,0.0,67.372,,,,,
2019-10-24,68.17,69.68,68.06,69.43,1284643,0.0,67.612,,,,,
2019-10-25,63.79,65.49,62.5,63.59,5712146,0.0,66.902,,,,,
2019-10-28,62.75,64.58,62.59,63.74,2606942,0.0,66.204,,,,,
2019-10-29,63.45,64.48,62.75,63.02,1874297,0.0,65.448,,,,,
2019-10-30,62.86,63.44,61.82,62.69,2041848,0.0,64.494,,41.961694718514245,,,
2019-10-31,60.39,61.44,60.24,60.74,1819466,0.0,62.75599999999999,,37.403000517330604,,,
2019-11-01,61.46,64.5,61.12,64.48,2102162,0.0,62.93399999999999,,48.875071565899404,,,
2019-11-04,65.16,67.76,65.1,67.7,2111148,0.0,63.725999999999985,,56.30067852740306,,,
2019-11-05,68.37,68.66,66.74,67.38,1848974,0.0,64.59799999999998,,55.43890591855052,,,
2019-11-06,66.79,67.83,66.22,66.83,2143399,0.0,65.42599999999999,,53.91148837817427,,,
2019-11-07,67.64,72.28,67.0,71.4,2770008,0.0,67.55799999999999,,63.02674673135368,,,
2019-11-08,69.48,69.58,66.21,68.01,3243053,0.0,68.26399999999998,,54.42745798701231,,,
2019-11-11,67.49,67.89,66.62,67.72,1113059,0.0,68.268,,53.75182040147181,,,
2019-11-12,67.0,67.85,64.98,65.35,1612063,0.0,67.862,,48.45770258922059,,,
2019-11-13,63.72,65.47,63.37,65.16,1335313,0.0,67.52799999999999,,48.04912378291034,,,
2019-11-14,64.37,65.59,64.03,65.54,999455,0.0,66.356,,48.975749456044454,-0.07921612728334537,,
2019-11-15,66.1,67.37,65.62,66.15,947542,0.0,65.984,,50.50201429516507,-0.08890498957724446,,
2019-11-18,66.12,67.36,65.24,67.1,1097694,0.0,65.85999999999999,,52.866628141632816,-0.019699340496103446,,
2019-11-19,67.76,67.76,65.46,66.43,833088,0.0,66.076,,51.015605920327296,-0.018701189899800852,,
2019-11-20,65.71,66.5354,64.74,65.08,1424253,0.0,66.05999999999999,,47.41335194574942,-0.12539835179843806,,
2019-11-21,65.29,66.24,64.53,65.13,1265741,0.0,65.97799999999998,,47.561040305309085,-0.2035753492768606,,
2019-11-22,64.11,65.46,64.0705,64.9,984834,0.0,65.728,,46.90841478979502,-0.2808527649733321,,
2019-11-25,65.11,65.895,64.66,65.13,977976,0.0,65.33399999999999,,47.68154439301511,-0.3198495691232921,,
2019-11-26,65.15,65.78,64.32,65.59,1205869,0.0,65.166,,49.27259479297645,-0.31006245477783523,-0.1606955708006947,-0.14936688397714054
2019-11-27,65.73,65.935,64.74,65.51,862456,0.0,65.252,,48.993543070404506,-0.30524277881171713,-0.18960501240289918,-0.11563776640881795
2019-11-29,65.32,65.85,64.915,65.36,390419,0.0,65.298,,48.439599188122926,-0.30995394118797037,-0.21367479815991341,-0.09627914302805696
2019-12-02,65.27,66.8173,64.97,65.07,931027,0.0,65.332,,47.325525818639825,-0.333246687309682,-0.23758917598986712,-0.09565751131981487
2019-12-03,63.66,63.87,62.11,63.68,1463994,0.0,65.042,,42.30337495552181,-0.4585814976636158,-0.28178764032461684,-0.17679385733899894
2019-12-04,64.2,65.19,62.89,62.93,1297688,0.0,64.50999999999999,,39.846326387769935,-0.6113813462581419,-0.3477063815113218,-0.26367496474682006
2019-12-05,63.27,63.97,62.61,63.7,1122509,0.0,64.148,,43.47614280122715,-0.6627045171369588,-0.41070600863644924,-0.25199850850050953
2019-12-06,64.29,64.9,63.62,64.29,1082199,0.0,63.93399999999999,,46.157141382980015,-0.6482972633566959,-0.4582242595804986,-0.1900730037761973
2019-12-09,64.25,65.5,64.0,64.72,815447,0.0,63.864,,48.08964330319739,-0.5953195316102438,-0.48564331398644767,-0.10967621762379609
2019-12-10,64.61,65.52,64.11,65.3,879815,0.0,64.188,,50.661923420841156,-0.5007606872891301,-0.4886667886469842,-0.01209389864214594
2019-12-11,65.34,66.06,65.01,65.67,876130,0.0,64.736,,52.28622418032864,-0.39145377863538044,-0.4692241866446635,0.07777040800928303
2019-12-12,65.7,68.2,65.6,68.01,1575920,0.0,65.598,,61.025305310243645,-0.11468678434957269,-0.39831670618564535,0.28362992183607266
2019-12-13,68.27,68.44,66.32,66.63,1392471,0.0,66.066,,54.66629487768375,-0.00662504484529336,-0.319978373917575,0.31335332907228164
2019-12-16,67.56,67.89,66.0049,66.2,1313875,0.0,66.362,,52.81937980060764,0.0438122159611396,-0.2472202559418321,0.2910324719029717
2019-12-17,66.3,68.96,66.0,68.77,1328759,0.0,67.05599999999998,,61.24663358392383,0.28784354888968267,-0.14020749497552915,0.4280510438652118
2019-12-18,68.9,69.54,68.58,68.88,1130254,0.0,67.69799999999998,,61.56309089179667,0.48453084906002175,-0.015259826168418963,0.49979067522844073
2019-12-19,69.0,70.44,68.28,69.45,1720183,0.0,67.98599999999998,,63.23829671439343,0.6785789520532148,0.1235079294759078,0.555071022577307
2019-12-20,70.37,70.99,69.57,70.4,1859015,0.0,68.73999999999998,,65.90539382199492,0.8986613238905647,0.2785386083588392,0.6201227155317255
2019-12-23,70.36,72.66,69.665,72.45,1888913,0.0,69.98999999999998,,70.82440552712197,1.224382141439591,0.46770731497498963,0.7566748264646014
2019-12-24,72.41,72.96,72.0297,72.32,619989,0.0,70.69999999999999,,70.13338467782445,1.455253070955905,0.6652164661711728,0.7900366047847323
2019-12-26,72.33,72.5,71.7,72.49,642295,0.0,71.422,,70.53820073598415,1.6331120263210295,0.8587955782011442,0.7743164481198853
2019-12-27,72.56,72.93,71.82,72.01,660731,0.0,71.934,,67.74608803088833,1.7155586491704042,1.0301481923949962,0.685410456775408
2019-12-30,72.1,72.85,71.7,71.94,718114,0.0,72.24199999999999,,67.32754239760743,1.7550190101017336,1.1751223559363437,0.5798966541653898
2019-12-31,71.61,73.36,71.5,73.04,878843,0.0,72.35999999999999,,70.42020847343026,1.8536843184085967,1.3108347484307945,0.5428495699778022
2020-01-02,73.5,73.88,72.19,72.61,1407526,0.0,72.41799999999999,,67.72160590516421,1.875559596217002,1.423779717988036,0.4517798782289659
2020-01-03,71.41,72.39,71.22,71.57,1063083,0.0,72.234,,61.57551161138752,1.7883614851413512,1.496696071418699,0.2916654137226522
2020-01-06,71.0,72.17,70.1887,71.47,1083449,0.0,72.126,,61.00222867299341,1.691686480906668,1.5356941533162929,0.15599232759037518
2020-01-07,71.65,73.49,71.131,72.43,1262798,0.0,72.224,,64.42632258026995,1.6732466743876984,1.563204657530574,0.11004201685712434
2020-01-08,70.6,71.5,69.61,71.19,1754676,0.0,71.854,,57.41404413501859,1.5408138154410693,1.558726489112673,-0.017912673671603763
2020-01-09,71.32,73.07,70.73,72.75,1146880,0.0,71.88199999999999,,62.886862966790545,1.5439411901644604,1.5557694293230306,-0.01182823915857023
2020-01-10,73.01,73.825,71.845,72.08,1282771,0.0,71.984,,59.35858264712564,1.475349347680904,1.5396854129946054,-0.06433606531370129
2020-01-13,72.95,76.0,72.89,75.84,2288102,0.0,72.85799999999999,,69.6497236143239,1.70473922211481,1.5726961748186465,0.13204304729616356
2020-01-14,76.22,78.87,75.6,78.17,3527893,0.0,74.006,,74.03706325853284,2.0509023519748126,1.6683374102498798,0.3825649417249328
2020-01-15,78.9,80.93,78.0,80.12,2850724,0.0,75.792,,77.02978927556482,2.454296230332659,1.8255291742664357,0.6287670560662233
2020-01-16,80.36,81.5,78.51,80.42,2006077,0.0,77.326,,77.46025003230477,2.7663080013499695,2.0136849396831424,0.752623061666827
2020-01-17,80.98,81.3,79.7753,80.89,1741576,0.0,79.088,,78.15106254219285,3.0167296680860574,2.2142938853637255,0.8024357827223318
2020-01-21,80.79,81.42,80.58,81.33,3674349,0.0,80.18599999999999,,78.80594690325046,3.2136500090549305,2.4141651101019668,0.7994848989529637
2020-01-22,81.18,81.955,80.77,81.37,3038228,0.0,80.826,,78.86795776491917,3.3345004185427314,2.59823217179012,0.7362682467526116
2020-01-23,80.33,82.1,79.51,81.88,2946056,0.0,81.17799999999998,,79.68413401943124,3.431867543713608,2.7649592461748176,0.6669082975387903
2020-01-24,82.0,82.1293,80.38,81.15,2632947,0.0,81.32399999999998,,75.20663003044407,3.4108091085202688,2.8941292186439083,0.5166798898763605
2020-01-27,78.63,79.66,78.01,78.94,1916319,0.0,80.934,,63.562224790758115,3.179144418741771,2.9511322586634807,0.22801216007829028
2020-01-28,79.7,81.22,79.51,80.19,869597,0.0,80.70599999999999,,66.70254970268029,3.06112627810343,2.9731310625514706,0.08799521555195922
2020-01-29,80.83,81.61,79.74,80.72,961272,0.0,80.576,,67.96327756422001,2.9760564952317736,2.9737161490875312,0.002340346144242389
2020-01-30,80.09,80.98,79.38,80.76,1122689,0.0,80.352,,68.06156382749796,2.878682089902341,2.9547093372504936,-0.07602724734815247
2020-01-31,79.8,80.36,78.72,80.35,1992734,0.0,80.19200000000001,,65.83214680881858,2.736879554787791,2.911143380757953,-0.17426382597016232
2020-02-03,80.79,81.28,79.72,80.79,1789521,0.0,80.56200000000001,,67.07844850402827,2.6296909069939147,2.854852886005146,-0.22516197901123114
2020-02-04,82.5,91.93,82.42,90.43,4276769,0.0,82.61000000000001,,82.3061974978158,3.2847460586426536,2.9408315205326474,0.34391453811000616
2020-02-05,88.76,89.0,85.55,87.51,2870002,0.0,83.968,,71.51557388007164,3.527598430348732,3.0581849024958645,0.4694135278528675
2020-02-06,87.57,87.99,85.54,86.95,1567193,0.0,85.206,,69.63018300032478,3.632994465954937,3.173146815187679,0.45984765076725775
2020-02-07,85.52,85.71600000000001,82.1,82.53,2103453,0.0,85.64200000000001,,56.88328840772621,3.321575468598482,3.20283254586984,0.11874292272864206
2020-02-10,83.11,84.7,83.11,83.24,1365900,0.0,86.132,,58.20681623626506,3.0963716904007157,3.1815403747760156,-0.0851686843752999
2020-02-11,83.77,85.39,83.26,84.75,1017103,0.0,84.99600000000001,,60.95210690535796,3.0050995372212554,3.146252207265064,-0.14115267004380838
2020-02-12,87.02,88.09,86.1,86.81,1195647,0.0,84.85600000000002,,64.38882664496333,3.0636743512576317,3.1297366360635777,-0.066062284805946
2020-02-13,85.94,88.67,85.1,87.93,1495071,0.0,85.052,,66.1340280033339,3.1639973611008543,3.1365887810710333,0.02740858002982094
2020-02-14,88.54,90.54,88.49,89.65,1898621,0.0,86.47600000000003,,68.67308254006355,3.3437490370623237,3.1780208322692918,0.16572820479303196
2020-02-18,88.79,89.5799,86.69,88.71,1273543,0.0,87.57000000000002,,65.77088954150554,3.3714889650998145,3.216714458835397,0.1547745062644177
2020-02-19,89.0,90.7,88.69,89.02,1796649,0.0,88.42400000000002,,66.27704496537952,3.379530345014089,3.2492776360711355,0.1302527089429537
2020-02-20,89.0,99.4,88.35,94.31,4550239,0.0,89.924,,73.48299718896007,3.7693117071119957,3.3532844502793075,0.41602725683268815
2020-02-21,92.15,93.32,90.46,92.43,1908945,0.0,90.82400000000001,,67.9277918968917,3.8817693360250445,3.4589814274284554,0.4227879085965891
2020-02-24,87.87,90.53,87.21,89.6,1489450,0.0,90.81400000000001,,60.51184037345403,3.6998854916005115,3.507162240262867,0.19272325133764445
2020-02-25,90.39,91.17,85.68,85.85,1894581,0.0,90.24200000000002,,52.355242107162844,3.216074667716896,3.448944725753673,-0.2328700580367773
2020-02-26,85.19,87.78,84.31,85.69,1218370,0.0,89.57600000000002,,52.0329714701432,2.787606647093355,3.3166771100216095,-0.5290704629282543
2020-02-27,83.11,84.94,80.74,80.8,2306514,0.0,86.87400000000001,,43.267153473491405,2.0300592617376623,3.05935354036482,-1.029294278627158
2020-02-28,78.11,82.0,76.67,81.86,2274435,0.0,84.76,,45.413884820203016,1.4979630565531465,2.7470754436024856,-1.249112387049339
2020-03-02,82.49,84.3,80.15,84.3,1444817,0.0,83.7,,50.095064059820906,1.2586516358923205,2.4493906820604527,-1.1907390461681322
2020-03-03,83.71,85.24,80.88,82.77,1665236,0.0,83.08399999999999,,47.35282528726748,0.9347620426578516,2.1464649541799323,-1.2117029115220808
2020-03-04,85.06,86.34,83.27,86.31,1060690,0.0,83.208,,53.67187240098254,0.9527429933413032,1.9077205620122066,-0.9549775686709034
2020-03-05,83.83,86.78,83.51,84.77,1320374,0.0,84.00199999999998,,50.81450326002593,0.833124159907058,1.692801281591177,-0.859677121684119
2020-03-06,82.36,83.96,80.64,82.63,1249811,0.0,84.15599999999998,,47.06482673530401,0.5591991575308555,1.4660808567791128,-0.9068816992482573
2020-03-09,75.5,76.35,69.59,72.95,2445698,0.0,81.88599999999998,,34.62019822384919,-0.43398082048503284,1.0860685213262837,-1.5200493418113166
2020-03-10,77.11,77.63,72.22,75.17,2587546,0.0,80.36599999999999,,38.62810235979944,-1.0300736144235998,0.6628400941763071,-1.6929137085999069
2020-03-11,73.38,73.38,69.09,70.01,1834156,0.0,77.10599999999998,,33.48930727037782,-1.896983084154101,0.15087545851022544,-2.0478585426643265
2020-03-12,63.97,68.56,60.5661,64.78,2430076,0.0,73.10799999999999,,29.242956419280063,-2.971775596516693,-0.47365475249515826,-2.4981208440215346
2020-03-13,69.46,69.78,62.12,68.02,1907391,0.0,70.18599999999999,,34.761701579327365,-3.5215215751880464,-1.0832281170337361,-2.4382934581543103
2020-03-16,61.34,63.0215,58.93,58.93,2096627,0.0,67.38199999999999,,28.132236620485102,-4.637231141666305,-1.79402872196025,-2.8432024197060555
2020-03-17,60.29,68.26,57.3103,67.06,2774001,0.0,65.75999999999999,,39.28505010262885,-4.8099696209109055,-2.3972169017503813,-2.4127527191605243
2020-03-18,62.41,69.11,58.62,68.89,2338512,0.0,65.53599999999999,,41.48622062076713,-4.744508661676221,-2.8666752537355493,-1.8778334079406718
2020-03-19,66.55,67.83,60.25,61.93,1858125,0.0,64.96599999999998,,36.122365248461314,-5.194366785789498,-3.3322135601463394,-1.8621532256431585
2020-03-20,62.68,63.41,53.02,53.4401,2752365,0.0,62.050019999999996,,30.877923228490275,-6.164881649003135,-3.898747177917699,-2.266134471085436
2020-03-23,52.38,54.38,48.8901,50.86,2260870,0.0,60.43602,,29.47727496054017,-7.0608214233271696,-4.531162026999594,-2.5296593963275757
2020-03-24,53.89,57.87,53.05,56.04,1543535,0.0,58.23202,,35.776047684767164,-7.269083965337998,-5.078746414667275,-2.1903375506707228
2020-03-25,56.39,63.86,55.38,60.02,1875461,0.0,56.45802,,40.19578674953324,-7.031921182408155,-5.469381368215451,-1.5625398141927036
2020-03-26,60.0,60.72,57.2009,60.13,1957702,0.0,56.09802,,40.318033415441,-6.757199102535395,-5.72694491507944,-1.030254187455955
2020-03-27,58.0,58.0,54.75,54.98,2107938,0.0,56.40599999999999,,36.55096650325508,-6.875782098617606,-5.956712351787074,-0.919069746830532
2020-03-30,55.61,56.49,54.51,55.63,1702770,0.0,57.35999999999999,,37.34664774145548,-6.838480661375812,-6.133066013704822,-0.7054146476709899
2020-03-31,55.52,57.73,55.11,56.37,1951911,0.0,57.42599999999999,,38.295360997885716,-6.6722931460282595,-6.240911440169509,-0.43138170585875013
2020-04-01,54.26,57.0397,53.62,54.8,1908701,0.0,56.38199999999999,,37.01474753313557,-6.591293888749945,-6.310987929885597,-0.28030595886434817
2020-04-02,54.88,59.01,52.95,53.67,1620535,0.0,55.089999999999996,,36.079564419690065,-6.542860922064641,-6.357362528321406,-0.1854983937432344
2020-04-03,53.63,55.38,52.69,52.7,1453014,0.0,54.63399999999999,,35.256119881905846,-6.507731265293366,-6.387436275715798,-0.12029498957756779
2020-04-06,55.13,57.68,54.48,56.93,1398831,0.0,54.89399999999999,,41.52378309634125,-6.068609952833903,-6.323671011139419,0.2550610583055164
2020-04-07,58.31,60.35,56.49,56.98,1690437,0.0,55.016,,41.595755442494905,-5.651422486344757,-6.189221306180487,0.5377988198357304
2020-04-08,58.05,62.43,57.32,61.79,1530888,0.0,56.414,,48.20071162052475,-4.876458830419139,-5.926668811028218,1.050209980609079
2020-04-09,62.35,67.235,62.17,67.0,1643726,0.0,59.08,,54.23758166470625,-3.7981088569113837,-5.500956820204852,1.7028479632934683
2020-04-13,66.78,67.35,61.67,63.22,1532925,0.0,61.184000000000005,,49.710914662321436,-3.2115029362781087,-5.043066043419503,1.8315631071413945
2020-04-14,64.75,65.84,63.25,63.69,976802,0.0,62.536,,50.26671159786723,-2.6778202014653942,-4.570016875028681,1.8921966735632871
2020-04-15,61.44,61.716,57.86,58.23,1260922,0.0,62.786,,44.1606974883956,-2.6647317887036976,-4.188959857763685,1.524228069059987
2020-04-16,58.26,58.92,56.7001,58.56,1468614,0.0,62.14,,44.59872668135202,-2.597785234104606,-3.870724933031869,1.2729396989272632
2020-04-17,60.58,62.79,60.5,61.41,930735,0.0,61.022000000000006,,48.36589744654625,-2.288379412306405,-3.5542558288867765,1.2658764165803715
2020-04-20,60.0,61.675,59.5,60.02,731043,0.0,60.38199999999999,,46.698077417217,-2.130772236683235,-3.2695591104460684,1.1387868737628333
2020-04-21,58.5,59.24,57.71,57.86,1337970,0.0,59.215999999999994,,44.15026814231918,-2.1553162188966155,-3.046710532136178,0.8913943132395623
2020-04-22,58.96,60.08,58.6,59.59,575406,0.0,59.487999999999985,,46.66038988559488,-2.011978128392599,-2.8397640513874625,0.8277859229948636
2020-04-23,60.67,62.245,60.26,60.58,739916,0.0,59.89199999999998,,48.09796921365589,-1.7977733209789903,-2.6313659053057683,0.833592584326778
2020-04-24,61.11,61.795,59.68,61.45,790169,0.0,59.89999999999998,,49.38888128160631,-1.5400598870113171,-2.4131047016468785,0.8730448146355614
2020-04-27,61.82,62.83,61.65,62.26,670196,0.0,60.34799999999998,,50.62031509300967,-1.2559817277829524,-2.1816801068740936,0.9256983790911413
2020-04-28,64.0,65.7,63.25,64.31,1040017,0.0,61.63799999999998,,53.691323671953384,-0.8555674237973889,-1.9164575702587527,1.0608901464613638
2020-04-29,64.06,66.37,64.06,64.7,1334931,0.0,62.65999999999997,,54.273952285929404,-0.5009913460446214,-1.6333643254159265,1.132372979371305
2020-04-30,63.8,64.1493,61.11,61.44,1272646,0.0,62.83199999999997,,48.7523779595363,-0.4775372526936579,-1.402198910871473,0.9246616581778151
2020-05-01,60.5,60.5,56.94,57.44,1789441,0.0,62.02999999999997,,42.97519167988093,-0.7728078376444003,-1.2763206962260585,0.5035128585816582
2020-05-04,56.82,57.815,55.75,57.27,1120700,0.0,61.03199999999997,,42.74336527895794,-1.0088995171625683,-1.2228364604133604,0.21393694325079204
2020-05-05,58.37,60.335,58.305,58.44,1052825,0.0,59.85799999999997,,44.944601276972755,-1.089040867016827,-1.1960773417340538,0.10703647471722677
2020-05-06,59.17,60.24,57.8,58.04,1745048,0.0,58.525999999999975,,44.317304667819755,-1.1713277836602884,-1.1911274301193007,0.01979964645901222
2020-05-07,59.9,61.855,57.39,59.74,2082960,0.0,58.18599999999998,,47.66076657085767,-1.0868365897637347,-1.1702692620481876,0.08343267228445295
2020-05-08,60.63,64.5,60.2,64.26,1389065,0.0,59.549999999999976,,55.33926338556972,-0.6476843826964753,-1.0657522861778452,0.4180679034813699
2020-05-11,63.16,65.72,62.88,64.35,1356533,0.0,60.96599999999999,,55.47931864139701,-0.28905875741362763,-0.9104135804250018,0.6213548230113741
2020-05-12,63.0,63.71,59.01,59.28,1715061,0.0,61.13399999999998,,46.61150104526542,-0.4092345922214875,-0.810177782784299,0.40094319056281147
2020-05-13,59.02,60.3,57.77,59.93,1646048,0.0,61.51199999999998,,47.76427288227795,-0.4468739546239888,-0.7375170171522369,0.2906430625282481
2020-05-14,59.0,59.78,56.17,59.73,1257667,0.0,61.50999999999998,,47.42495721150437,-0.487225318846761,-0.6874586774911419,0.20023335864438085
2020-05-15,59.5,61.62,59.415,61.39,1085955,0.0,60.93599999999998,,50.56406531478881,-0.3808655578378435,-0.6261400535604822,0.2452744957226387
2020-05-18,64.0,65.32,63.245,63.92,1167248,0.0,60.84999999999998,,54.97635858293539,-0.09137155069026903,-0.5191863529864396,0.4278148022961705
2020-05-19,63.82,65.29,63.0004,63.51,1257513,0.0,61.695999999999984,,54.13315397539161,0.10377471189760712,-0.3945941400096303,0.4983688519072374
2020-05-20,65.19,68.605,65.01,68.14,1573052,0.0,63.33799999999998,,61.34357333698741,0.6248291944163427,-0.19070947312443573,0.8155386675407784
2020-05-21,67.82,69.79,67.41,67.95,1310749,0.0,64.98199999999997,,60.920338654776536,1.0107855075644636,0.04958952301334413,0.9611959845511195
2020-05-22,67.8,68.42,66.87,68.13,789177,0.0,66.32999999999997,,61.19350062344513,1.316012983591449,0.30287421512896506,1.013138768462484
2020-05-26,70.66,75.75,70.51,74.97,2292274,0.0,68.53999999999998,,69.82498080109974,2.08579504619275,0.6594583813417221,1.426336664851028
2020-05-27,76.39,79.13,74.04,75.04,1501081,0.0,70.84599999999998,,69.89876980980988,2.6707149522627986,1.0617096955259373,1.6090052567368613
2020-05-28,76.48,78.43,75.55,75.99,1268150,0.0,72.41599999999998,,70.9374644048487,3.1743335116935896,1.484234458759468,1.6900990529341215
2020-05-29,75.45,77.32,74.3501,76.57,1397621,0.0,74.13999999999999,,71.58220218341602,3.5789995225103866,1.9031874715096517,1.6758120510007348
2020-06-01,76.66,78.6,76.52,77.43,965609,0.0,75.99999999999999,,72.5544493930356,3.9238632116402385,2.3073226195357694,1.616540592104469
2020-06-02,78.32,79.4404,77.03,78.5,1201366,0.0,76.70599999999999,,73.75744068229255,4.23469529615349,2.6927971548593135,1.5418981412941761
2020-06-03,79.63,80.955,78.85,79.0,1524282,0.0,77.49799999999999,,74.32380018469237,4.469852111129356,3.048208146113322,1.4216439650160337
2020-06-04,78.0,80.0,77.73,79.92,1291131,0.0,78.28399999999999,,75.37681094696615,4.676543608775646,3.373875238645787,1.3026683701298585
2020-06-05,81.72,84.97,80.78,84.37,1811380,0.0,79.844,,79.71109638810442,5.14017320255806,3.7271348314282418,1.4130383711298182
2020-06-08,84.62,86.91,84.2501,86.67,1225869,0.0,81.692,,81.52156463807569,5.628314072871248,4.107370679716843,1.520943393154405
2020-06-09,85.0,86.0,84.065,85.13,907580,0.0,83.018,,76.59322895874728,5.823771289522654,4.450650801678005,1.3731204878446484
2020-06-10,85.32,85.6,83.7,83.97,905394,0.0,84.01199999999999,,73.01269257723797,5.818003908955831,4.724121423133571,1.0938824858222596
2020-06-11,78.95,80.04,74.02,74.56,1579098,0.0,82.93999999999998,,51.841283100176916,4.996527996443859,4.778602737795629,0.2179252586482301
2020-06-12,78.0,78.67,77.0,77.12,353813,0.0,81.48999999999998,,55.61222473806129,4.500197546510634,4.722921699538631,-0.22272415302799686
2020-06-15,74.18,77.72,74.0,76.44,977378,0.0,79.44399999999999,,54.39385700282863,4.005805341616949,4.579498427954295,-0.5736930863373466
2020-06-16,79.77,80.31,77.26,79.28,981128,0.0,78.27399999999997,,58.484679418238585,3.7993635247729713,4.423471447318031,-0.6241079225450594
2020-06-17,79.25,80.3,78.8171,79.14,643464,0.0,77.30799999999996,,58.20750023549838,3.583155679384987,4.255408293731422,-0.6722526143464354
2020-06-18,78.25,79.55,77.5401,78.79,764601,0.0,78.15399999999997,,57.47414281445897,3.34500815744984,4.073328266475106,-0.7283201090252662
2020-06-19,80.22,80.971,77.631,78.38,941272,0.0,78.40599999999998,,56.57493249420062,3.0875990373302926,3.8761824206461437,-0.7885833833158511
2020-06-22,75.51,76.93,74.66,75.79,914968,0.0,78.27599999999998,,51.13257535579887,2.6441292248454005,3.629771781485995,-0.9856425566405944
2020-06-23,76.84,77.21,76.01,76.12,687018,0.0,77.64399999999998,,51.76920415448925,2.292873625606859,3.362392150310168,-1.0695185247033092
2020-06-24,75.41,75.42,72.39,73.31,846697,0.0,76.47799999999998,,46.24455734561373,1.7673842116666236,3.0433905625814592,-1.2760063509148356
2020-06-25,73.26,74.2217,72.5901,73.92,663527,0.0,75.50399999999999,,47.55302112472062,1.384195819415254,2.7115516139482185,-1.3273557945329646
2020-06-26,74.93,75.83,73.2,74.61,1229419,0.0,74.74999999999999,,49.063356940812696,1.1232454172876345,2.393890374616102,-1.2706449573284675
2020-06-29,75.97,77.37,75.0314,76.39,742145,0.0,74.86999999999998,,52.83659166434183,1.0479908809507634,2.1247104758830346,-1.0767195949322712
2020-06-30,75.81,77.56,75.74,77.19,882382,0.0,75.08399999999997,,54.46906007657303,1.0409055219295595,1.9079494850923397,-0.8670439631627802
2020-07-01,76.95,77.67,75.27,76.06,705409,0.0,75.63399999999999,,51.744615913490236,0.9333496933866741,1.7130295267512068,-0.7796798333645327
2020-07-02,77.67,79.64,77.64,78.55,765225,0.0,76.55999999999997,,56.864587732839794,1.037078321241836,1.5778392856493326,-0.5407609644074967
2020-07-06,80.0,81.3,79.39,81.21,868472,0.0,77.87999999999997,,61.557095108913245,1.3187223650458293,1.526015901528632,-0.2072935364828028
2020-07-07,80.26,80.44,77.62,77.98,1033090,0.0,78.19799999999998,,53.890712261440264,1.2666916601623939,1.4741510532553845,-0.20745939309299066
2020-07-08,77.93,79.74,76.45,77.95,1244678,0.0,78.34999999999998,,53.82366376260634,1.2090984679014412,1.421140536184596,-0.21204206828315475
2020-07-09,78.19,78.19,74.78,75.76,1067705,0.0,78.28999999999998,,49.02821997407651,0.9754958418519664,1.3320115973180702,-0.3565157554661038
2020-07-10,76.0,79.04,75.34,78.89,983962,0.0,78.35799999999998,,55.1751628149549,1.0310436893419563,1.2718180157228474,-0.24077432638089102
2020-07-13,80.3,84.46,80.15,81.61,2039322,0.0,78.43799999999997,,59.7210322370128,1.2797943540210923,1.2734132833824963,0.006381070638596054
2020-07-14,81.56,84.36,80.92,84.15,1249924,0.0,79.67199999999998,,63.448804075532806,1.662721007498817,1.3512748282057605,0.3114461792930565
2020-07-15,85.88,86.83,85.15,86.57,1335039,0.0,81.39599999999999,,66.61867044272708,2.1368348128446257,1.5083868251335335,0.6284479877110922
2020-07-16,86.31,86.77,85.44,86.41,788924,0.0,83.52599999999998,,66.20983253961714,2.4711765713025073,1.7009447743673283,0.7702317969351791
2020-07-17,87.0,89.62,86.93,88.44,1200961,0.0,85.43599999999998,,68.8240162065,2.866901008028165,1.9341360210994958,0.9327649869286694
2020-07-20,88.75,89.17,86.65,87.0,738051,0.0,86.51399999999997,,64.98341327201095,3.029398489701805,2.153188514819958,0.876209974881847
2020-07-21,87.57,88.13,87.03,87.21,755565,0.0,87.12599999999998,,65.28763142949694,3.1389404085093275,2.350338893557832,0.7886015149514956
2020-07-22,87.2,88.39,86.67,87.69,673078,0.0,87.35,,66.01442744544262,3.2272830467943123,2.525727724205128,0.7015553225891842
2020-07-23,87.76,89.41,86.97,87.94,665997,0.0,87.65599999999999,,66.40891721724626,3.279662230102545,2.6765146253846117,0.6031476047179334
2020-07-24,87.01,87.92,86.68,87.07,418836,0.0,87.38199999999998,,63.64045647187773,3.2139232742317745,2.783996355154044,0.4299269190777304
2020-07-27,85.52,86.11,83.85,85.78,1115507,0.0,87.13799999999999,71.70010050000005,59.6684335299563,3.0228865051110034,2.8317743851454362,0.1911121199655672
