Date,Open,High,Low,Close,Volume,OpenInterest,5 day sma,200 day sma,rsi,macd,signal,histogram
2019-10-10,20.59,20.875,20.275,20.42,3187400,0.0,,,,,,
2019-10-11,20.72,21.59,20.72,21.42,5603870,0.0,,,,,,
2019-10-14,21.01,22.23,20.86,21.93,7950724,0.0,,,,,,
2019-10-15,21.81,22.52,21.435,22.18,5038811,0.0,,,,,,
2019-10-16,21.96,22.825,21.75,21.76,6076174,0.0,21.542,,,,,
2019-10-17,21.85,22.33,21.52,22.13,4037506,0.0,21.884,,,,,
2019-10-18,22.4,23.6,22.27,22.44,7945861,0.0,22.088,,,,,
2019-10-21,22.19,22.88,22.05,22.76,4393422,0.0,22.254,,,,,
2019-10-22,22.82,23.41,22.35,22.95,4469082,0.0,22.407999999999998,,,,,
2019-10-23,22.97,23.625,22.4,23.54,3191332,0.0,22.763999999999996,,,,,
2019-10-24,23.71,23.8,22.545,23.22,3963914,0.0,22.981999999999992,,,,,
2019-10-25,23.22,23.26,20.57,22.07,14008892,0.0,22.907999999999994,,,,,
2019-10-28,22.24,22.65,21.64,21.73,4578799,0.0,22.70199999999999,,,,,
2019-10-29,21.45,22.57,21.16,22.05,4202540,0.0,22.521999999999988,,,,,
2019-10-30,22.04,22.32,21.265,21.39,4321399,0.0,22.09199999999999,,57.18518518518518,,,
2019-10-31,20.95,22.295,20.93,21.66,4381187,0.0,21.77999999999999,,58.95334862886485,,,
2019-11-01,22.04,24.31,21.85,23.83,9434807,0.0,22.131999999999994,,69.76182663554584,,,
2019-11-04,24.4,24.84,24.345,24.52,6720212,0.0,22.689999999999994,,72.26287607973234,,,
2019-11-05,24.8,25.08,23.715,23.97,5316807,0.0,23.07399999999999,,67.4722713669293,,,
2019-11-06,23.85,24.615,23.23,23.63,4185475,0.0,23.521999999999995,,64.62030116593131,,,
2019-11-07,23.85,24.25,23.65,24.09,4971671,0.0,24.007999999999992,,66.67279625930823,,,
2019-11-08,23.74,24.495,23.39,24.44,3978104,0.0,24.129999999999992,,68.18514796232928,,,
2019-11-11,24.03,24.37,23.76,23.85,3330683,0.0,23.995999999999995,,62.995564004241025,,,
2019-11-12,24.05,24.34,23.54,23.79,3445024,0.0,23.959999999999997,,62.47481118530129,,,
2019-11-13,23.53,23.81,23.11,23.3,2609576,0.0,23.894,,58.240559105407435,,,
2019-11-14,23.41,24.03,23.275,23.4301,3206781,0.0,23.76202,,59.03444215693211,0.6471036459873964,,
2019-11-15,23.64,24.39,23.59,23.91,3579135,0.0,23.65602,,61.9109165606643,0.6370163877180239,,
2019-11-18,23.57,23.57,22.67,22.98,3484272,0.0,23.48202,,53.998006182989016,0.5476657849403885,,
2019-11-19,22.72,22.92,22.3,22.37,2438024,0.0,23.198020000000003,,49.52664745357607,0.422759577237791,,
2019-11-20,22.42,23.43,22.19,22.88,2578878,0.0,23.114020000000004,,53.02867550678053,0.36076457602079515,,
2019-11-21,23.05,23.33,22.5,23.22,3845424,0.0,23.072,,55.25747686579976,0.33520422377362635,,
2019-11-22,23.35,23.605,23.0245,23.41,3022101,0.0,22.972,,56.499673758903064,0.3265150107734378,,
2019-11-25,23.42,23.71,23.15,23.57,4106123,0.0,23.09,,57.56802552810679,0.3287497867901159,,
2019-11-26,23.5,23.74,22.795,22.88,3610267,0.0,23.192,,51.67405336567178,0.2717115083212427,0.4308322779514242,-0.1591207696301815
2019-11-27,22.96,23.41,22.84,23.21,3826224,0.0,23.258000000000003,,54.094740835649326,0.25025175728926286,0.394716173818992,-0.14446441652972913
2019-11-29,22.78,23.16,22.25,22.31,2749163,0.0,23.076000000000004,,47.15700415843105,0.15879181836347556,0.34753130272788874,-0.18873948436441318
2019-12-02,19.8,19.95,18.93,19.54,20741221,0.0,22.302000000000003,,33.090457699971466,-0.1356430832833766,0.2508964255256357,-0.3865395088090123
2019-12-03,19.25,19.3,18.33,18.37,14151342,0.0,21.262000000000008,,29.137001670900204,-0.45811324174420776,0.109094492071667,-0.5672077338158747
2019-12-04,18.61,19.16,18.5003,18.7,9254037,0.0,20.42600000000001,,31.618563608465976,-0.6792153517434976,-0.04856747669136591,-0.6306478750521316
2019-12-05,18.78,18.9824,18.44,18.59,6735800,0.0,19.50200000000001,,31.22602201116824,-0.8534780834894562,-0.20954959805098397,-0.6439284854384723
2019-12-06,18.5,20.17,18.33,19.991,9067268,0.0,19.03820000000001,,41.23308385023724,-0.8685217840483759,-0.3413440352504624,-0.5271777487979135
2019-12-09,19.78,20.74,19.54,20.63,7888996,0.0,19.256200000000007,,45.153050079951456,-0.8194361160070933,-0.43696245140178863,-0.3824736646053047
2019-12-10,20.61,21.06,20.59,20.93,4915376,0.0,19.768200000000007,,46.94242721184146,-0.747708756533072,-0.4991117124280453,-0.2485970441050267
2019-12-11,20.98,21.475,20.86,21.27,4122125,0.0,20.282200000000007,,48.97422893148422,-0.6558687027396601,-0.5304631104903683,-0.12540559224929182
2019-12-12,21.37,22.19,21.33,22.07,4998493,0.0,20.978200000000005,,53.487575435934765,-0.5126222936110345,-0.5268949471145016,0.01427265350346707
2019-12-13,22.18,22.32,21.3,21.35,4544848,0.0,21.250000000000004,,49.26412799865527,-0.45198624892494976,-0.5119132074765912,0.05992695855164143
2019-12-16,21.59,22.37,21.5,22.07,4497169,0.0,21.538000000000004,,53.24034571914579,-0.3418926384281562,-0.4779090936669042,0.136016455238748
2019-12-17,22.08,22.58,21.95,22.46,3543095,0.0,21.844000000000005,,55.284573107686306,-0.22062963717365136,-0.4264532023682536,0.20582356519460226
2019-12-18,22.43,22.9701,22.34,22.75,3132272,0.0,22.140000000000008,,56.79705215232849,-0.09997481126572794,-0.3611575241477485,0.26118271288202055
2019-12-19,22.8099,23.11,22.6,22.71,3196276,0.0,22.268000000000008,,56.51311130135103,-0.0074962461097669575,-0.29042526854015216,0.2829290224303852
2019-12-20,22.85,22.94,22.36,22.61,6206726,0.0,22.52000000000001,,55.76257859202893,0.057066689509401414,-0.22092687693024146,0.2779935664396429
2019-12-23,24.08,26.73,23.95,26.57,20828334,0.0,23.42000000000001,,71.7580008948471,0.422897289330578,-0.09216204367807758,0.5150593330086556
2019-12-24,26.73,26.81,25.78,26.17,5567955,0.0,24.162000000000006,,69.04236792253087,0.6727885309075106,0.06082807123904005,0.6119604596684705
2019-12-26,26.49,26.98,26.19,26.28,4195919,0.0,24.868000000000006,,69.38548747567839,0.8696800901953381,0.22259847503029967,0.6470816151650385
2019-12-27,26.37,26.52,26.06,26.12,3428098,0.0,25.550000000000004,,68.20140210048967,1.0012654418858489,0.37833186840140953,0.6229335734844393
2019-12-30,26.12,26.28,25.435,25.51,4857518,0.0,26.130000000000006,,63.735681546716734,1.0442879773483789,0.5115230901908034,0.5327648871575754
2019-12-31,25.23,25.695,24.78,25.59,2840615,0.0,25.934000000000008,,64.06797726196604,1.0724761407181802,0.6237137002962788,0.4487624404219014
2020-01-02,25.7,25.93,25.13,25.36,2666602,0.0,25.772000000000002,,62.30047842893979,1.0639913554299305,0.7117692313230092,0.35222212410692133
2020-01-03,25.71,26.14,25.53,25.69,5124939,0.0,25.654000000000003,,63.841808361202865,1.0715432603416417,0.7837240371267358,0.28781922321490594
2020-01-06,25.94,25.98,25.165,25.63,3833867,0.0,25.556,,63.33478951915385,1.0604623509665814,0.839071699894705,0.2213906510718764
2020-01-07,29.93,32.58,29.5,32.51,33467721,0.0,26.956,,81.48885869775663,1.5885275946075907,0.9889628788372822,0.5995647157703086
2020-01-08,32.51,33.21,32.04,32.73,12364451,0.0,28.383999999999997,,81.79919271321619,2.00170090407439,1.191510483884704,0.8101904201896861
2020-01-09,32.61,32.7,31.55,32.55,6248062,0.0,29.821999999999992,,80.60846802046346,2.28824180574696,1.4108567482571552,0.8773850574898048
2020-01-10,32.35,32.53,32.04,32.38,3957202,0.0,31.15999999999999,,79.4324301912952,2.4731015799263574,1.6233057145909957,0.8497958653353617
2020-01-13,32.38,32.6,31.85,31.98,3417327,0.0,32.42999999999999,,76.60059156478715,2.557842410637548,1.810213053800306,0.7476293568372419
2020-01-14,32.14,33.77,32.13,33.58,5218858,0.0,32.64399999999999,,79.71571357025975,2.722720925745893,1.9927146281894235,0.7300062975564696
2020-01-15,33.23,33.69,32.99,33.54,3935079,0.0,32.806,,79.43101519550194,2.8176802076598797,2.157707744083515,0.6599724635763646
2020-01-16,33.69,33.71,32.98,33.09,3980722,0.0,32.914,,76.13664797356535,2.8240707538014966,2.2909803460271116,0.533090407774385
2020-01-17,33.08,33.241,32.5686,32.68,4111532,0.0,32.974000000000004,,73.15944579465119,2.7641878967466234,2.385621856171014,0.3785660405756093
2020-01-21,32.14,32.74,31.7,31.73,8881937,0.0,32.924,,66.65552612805553,2.6099869358432706,2.4304948721054656,0.17949206373780502
2020-01-22,31.29,31.45,30.845,30.88,8230260,0.0,32.384,,61.396242884117704,2.3916245085162195,2.4227207993876165,-0.03109629087139698
2020-01-23,30.27,30.625,29.87,30.27,8041904,0.0,31.730000000000008,,57.867494657254284,2.1446268858694815,2.3671020166839893,-0.22247513081450787
2020-01-24,30.0,30.08,29.37,29.97,6103607,0.0,31.106000000000005,,56.15800433484754,1.9027384135864942,2.2742292960644903,-0.3714908824779961
2020-01-27,29.08,29.49,28.615,28.85,3696156,0.0,30.340000000000003,,50.19611974978823,1.6021962952612263,2.139822695903838,-0.5376264006426115
2020-01-28,29.135,29.27,28.535,28.74,3307861,0.0,29.742000000000008,,49.63873897578792,1.339695247624494,1.9797972062479692,-0.6401019586234751
2020-01-29,28.98,29.065,27.975,28.09,3783441,0.0,29.184000000000008,,46.36265172202501,1.0669129995031312,1.7972203648990017,-0.7303073653958705
2020-01-30,27.46,28.25,27.37,28.19,3333036,0.0,28.768000000000008,,46.94281501949212,0.8490133692142763,1.6075789657620567,-0.7585655965477804
2020-01-31,27.58,27.67,26.95,27.4,3610854,0.0,28.25400000000001,,42.98703429200758,0.6055989766037548,1.4071829679303964,-0.8015839913266416
2020-02-03,27.26,27.69,27.1,27.56,3427099,0.0,27.99600000000001,,44.016008560097404,0.42075181456868904,1.2098967372580551,-0.7891449226893661
2020-02-04,28.19,28.55,28.06,28.14,3741765,0.0,27.876000000000012,,47.700845256879006,0.317401453264079,1.03139768045926,-0.713996227195181
2020-02-05,28.81,29.4361,28.62,28.91,4950946,0.0,28.04000000000001,,52.19904158129547,0.29423633881443934,0.8839654121302959,-0.5897290733158566
2020-02-06,28.95,29.23,28.28,28.95,3044844,0.0,28.192000000000007,,52.42794359388427,0.2759247951423305,0.7623572887327028,-0.48643249359037233
2020-02-07,28.28,28.58,27.99,28.11,2725930,0.0,28.33400000000001,,47.30495255597649,0.1914251549987469,0.6481708619859117,-0.45674570698716477
2020-02-10,27.88,28.015,27.455,27.969,2745849,0.0,28.415800000000008,,46.483868634618084,0.11179238673811653,0.5408951669363526,-0.4291027801982361
2020-02-11,28.58,28.81,28.14,28.17,1824027,0.0,28.421800000000008,,47.872881546329324,0.06416224195571374,0.44554858194022484,-0.3813863399845111
2020-02-12,28.93,29.026999999999997,28.43,28.48,2892220,0.0,28.335800000000006,,50.02717942647323,0.0508433280440741,0.3666075311609947,-0.3157642031169206
2020-02-13,28.37,28.51,27.83,27.92,2674918,0.0,28.12980000000001,,46.304336459481696,-0.004843494286056682,0.29231732607158445,-0.29716082035764113
2020-02-14,28.05,28.075,27.24,27.35,3772134,0.0,27.977800000000013,,42.812076944523795,-0.09388765999444004,0.21507632885837955,-0.3089639888528196
2020-02-18,27.05,28.215,26.95,28.12,2586330,0.0,28.008000000000017,,48.46634440385357,-0.10115716121902096,0.15182963084289947,-0.25298679206192043
2020-02-19,28.4,28.68,27.97,28.48,2492822,0.0,28.070000000000014,,50.9101153335351,-0.07698190250643933,0.10606732417303172,-0.18304922667947104
2020-02-20,28.59,29.21,28.44,28.57,2062386,0.0,28.088000000000015,,51.5289528545427,-0.04998439892812456,0.07485697955280046,-0.12484137848092502
2020-02-21,28.14,28.475,27.516,28.39,2396861,0.0,28.182000000000016,,50.166830963867845,-0.04262186023938597,0.051361211594363174,-0.09398307183374914
2020-02-24,26.96,27.025,26.41,26.74,2423394,0.0,28.06000000000002,,39.784882707763195,-0.16799170189078083,0.007490628897334373,-0.1754823307881152
2020-02-25,27.24,27.29,25.34,25.52,3638706,0.0,27.54000000000002,,34.156360867524526,-0.36162343877559877,-0.06633218463725225,-0.2952912541383465
2020-02-26,25.5,25.86,24.395,24.44,4826422,0.0,26.73200000000002,,30.09707882552202,-0.5953619968617012,-0.17213814708214206,-0.4232238497795592
2020-02-27,23.81,26.96,23.38,25.06,7673456,0.0,26.030000000000022,,34.881553733158086,-0.722247055227033,-0.2821599287111203,-0.44008712651591275
2020-02-28,24.0,25.52,23.83,24.92,8779590,0.0,25.33600000000002,,34.31048699120245,-0.8245957812371714,-0.3906470992163305,-0.43394868202084086
2020-03-02,25.49,25.89,24.65,25.52,6835526,0.0,25.09200000000002,,38.92536104585736,-0.847523178752386,-0.48202231512354166,-0.3655008636288444
2020-03-03,25.7,26.57,24.75,24.99,6518867,0.0,24.986000000000022,,36.48693022168273,-0.8981070579594288,-0.5652392636907191,-0.3328677942687097
2020-03-04,25.36,25.62,24.53,25.12,3495338,0.0,25.12200000000002,,37.52079900682954,-0.9171330937147033,-0.635618029695516,-0.28151506401918736
2020-03-05,24.43,25.21,24.03,24.34,4748429,0.0,24.97800000000002,,33.94990606490198,-0.9838100950190913,-0.705256442760231,-0.2785536522588603
2020-03-06,23.42,23.51,20.22,20.69,8997277,0.0,24.13200000000002,,22.945181206233897,-1.316006490969606,-0.8274064524021061,-0.4886000385675
2020-03-09,13.42,13.51,9.32,9.38,24411536,0.0,20.90400000000002,,11.022484024769383,-2.463499319808676,-1.15462502588342,-1.308874293925256
2020-03-10,11.37,11.5,9.4,10.785,20266344,0.0,18.063000000000024,,16.80576953887507,-3.22237832451383,-1.5681756856095022,-1.6542026389043278
2020-03-11,10.1,10.1,7.9525,8.235,17771827,0.0,14.686000000000021,,14.91141310286875,-3.9836381905989064,-2.051268186607383,-1.9323700039915233
2020-03-12,6.93,8.3,6.6,7.7777,17386693,0.0,11.37354000000002,,14.593714829832749,-4.571149046470701,-2.555244358580047,-2.015904687890654
2020-03-13,8.5,8.59,6.95,8.07,21861388,0.0,8.849540000000019,,15.82816942816143,-4.95603932903156,-3.03540335267035,-1.92063597636121
2020-03-16,6.73,6.92,5.45,5.455,16493794,0.0,8.064540000000019,,13.893430603013556,-5.40971645264441,-3.510265972665162,-1.8994504799792482
2020-03-17,5.69,5.71,4.4,4.46,17390459,0.0,6.799540000000019,,13.230738473923779,-5.78288552154172,-3.964789882440474,-1.8180956391012462
2020-03-18,4.16,4.68,3.8,4.52,13414173,0.0,6.056540000000018,,13.49867869456115,-6.004566296073328,-4.372745165167045,-1.6318211309062836
2020-03-19,4.55,5.4,4.07,4.94,13047013,0.0,5.489000000000018,,15.466490812713204,-6.076315435138563,-4.713459219161348,-1.3628562159772146
2020-03-20,5.16,5.47,4.65,4.82,15792730,0.0,4.839000000000017,,15.358983009338658,-6.072856037709462,-4.9853385828709715,-1.0875174548384905
2020-03-23,4.81,4.9,4.3,4.305,13063423,0.0,4.609000000000018,,14.880916258944168,-6.042021968068891,-5.196675259910556,-0.8453467081583348
2020-03-24,4.81,5.84,4.68,5.58,14447442,0.0,4.833000000000017,,21.403462028126768,-5.847299868287033,-5.326800181585852,-0.5204996867011813
2020-03-25,6.13,6.67,5.31,5.87,17371131,0.0,5.1030000000000175,,22.851533473601748,-5.604970019531592,-5.382434149175,-0.22253587035659184
2020-03-26,5.94,6.6,5.61,5.77,17127222,0.0,5.269000000000017,,22.696249244364438,-5.35921335717868,-5.377789990775737,0.01857663359705697
2020-03-27,5.38,5.4,4.76,4.86,17039740,0.0,5.277000000000017,,21.279174208175135,-5.178187899697865,-5.337869572560163,0.15968167286229829
2020-03-30,4.76,4.77,4.0,4.11,24344335,0.0,5.238000000000016,,20.161863454076652,-5.0371772090824365,-5.277731099864618,0.2405538907821816
2020-03-31,4.41,4.58,4.11,4.1597,28059554,0.0,4.953940000000017,,20.459910685383406,-4.865330346530948,-5.195250949197884,0.32992060266693635
2020-04-01,4.04,4.16,3.86,4.03,20110049,0.0,4.585940000000017,,20.247481597829832,-4.685593569927577,-5.093319473343824,0.4077259034162468
2020-04-02,4.75,5.3,4.31,4.68,48910018,0.0,4.367940000000017,,24.47936734052655,-4.439525228487014,-4.962560624372462,0.5230353958854481
2020-04-03,5.44,5.63,4.56,5.39,47187418,0.0,4.473940000000018,,28.916361457825474,-4.139505585153389,-4.797949616528648,0.6584440313752591
2020-04-06,5.2,6.0,5.13,5.855,25973802,0.0,4.822940000000018,,31.74474695697566,-3.8201795901181743,-4.602395611246553,0.7822160211283791
2020-04-07,6.6,7.24,6.36,6.525,35870421,0.0,5.296000000000018,,35.71385455130347,-3.4730133023826832,-4.376519149473779,0.9035058470910959
2020-04-08,6.9765,7.62,6.72,7.5899,30764490,0.0,6.007980000000018,,41.533330210765406,-3.076489136181001,-4.116513146815223,1.0400240106342222
2020-04-09,9.11,10.065,7.13,8.19,87676519,0.0,6.709980000000018,,44.57805282339563,-2.682891124072209,-3.829788742266621,1.1468976181944117
2020-04-13,8.79,8.99,8.025,8.37,33393133,0.0,7.305980000000017,,45.49492725194018,-2.3295833809776,-3.529747670008817,1.2001642890312167
2020-04-14,8.2,8.3125,7.62,8.07,24802622,0.0,7.748980000000017,,44.18297957890828,-2.0501589853225353,-3.2338299330715605,1.1836709477490253
2020-04-15,7.12,8.055,7.08,7.93,23703095,0.0,8.029980000000018,,43.55180261760283,-1.8190411940221587,-2.9508721852616806,1.131830991239522
2020-04-16,7.96,7.98,7.38,7.48,12112366,0.0,8.008000000000019,,41.49964965053978,-1.6531336231284488,-2.6913244728350345,1.0381908497065857
2020-04-17,7.45,8.5,7.415,8.485,25278285,0.0,8.067000000000018,,47.45458009229184,-1.4241389892586938,-2.4378873761197664,1.0137483868610726
2020-04-20,7.64,8.85,7.51,8.475,25688347,0.0,8.088000000000019,,47.40287402331822,-1.2292954557224611,-2.196168992040305,0.966873536317844
2020-04-21,8.19,8.81,8.0601,8.56,21902728,0.0,8.18600000000002,,47.922294227983116,-1.0558505738268664,-1.9681053083976174,0.912254734570751
2020-04-22,9.0,9.62,8.84,9.475,23876067,0.0,8.49500000000002,,53.27190022788275,-0.8349367709305815,-1.7414716009042102,0.9065348299736287
2020-04-23,9.82,10.97,9.8,10.49,37334428,0.0,9.097000000000019,,58.37939545373724,-0.5713725462006654,-1.5074517899635014,0.936079243762836
2020-04-24,11.12,11.45,10.16,10.68,35153273,0.0,9.53600000000002,,59.27671048484085,-0.3432082955296405,-1.2746030910767292,0.9313947955470887
2020-04-27,10.2,10.8,9.75,10.49,24499165,0.0,9.93900000000002,,57.93166414733318,-0.17569261998362684,-1.0548209968581088,0.879128376874482
2020-04-28,10.85,10.95,10.205,10.66,18074959,0.0,10.35900000000002,,58.83177357956423,-0.028884696179957814,-0.8496337367224787,0.8207490405425208
2020-04-29,11.32,13.15,11.13,13.08,33323650,0.0,11.08000000000002,,69.00013388112711,0.2795133603178446,-0.6238043173144141,0.9033176776322587
2020-04-30,13.35,14.05,12.18,13.07,37885193,0.0,11.59600000000002,,68.92437545809588,0.5171527110176299,-0.3956129116480053,0.9127656226656353
2020-05-01,12.42,12.76,11.11,11.28,23701151,0.0,11.716000000000019,,56.884713757996956,0.5546518865115626,-0.20555995201609173,0.7602118385276544
2020-05-04,10.72,12.07,10.5,12.0493,17342961,0.0,12.027860000000016,,60.10975678726563,0.6390794241605242,-0.03663207678076855,0.6757115009412927
2020-05-05,12.99,13.18,11.63,11.77,25663477,0.0,12.249860000000018,,58.40174849027392,0.675663057085945,0.10582694999257415,0.5698361070933708
2020-05-06,11.81,12.14,11.31,11.59,18961210,0.0,11.95186000000002,,57.2722758909156,0.6822666092971872,0.2211148818534968,0.4611517274436904
2020-05-07,11.44,12.38,11.35,11.87,19169142,0.0,11.71186000000002,,58.61313333487834,0.7020013968211298,0.3172921848470234,0.38470921197410646
2020-05-08,12.25,12.54,12.05,12.44,18378395,0.0,11.94386000000002,,61.277177152146436,0.7549331944900715,0.40482038677563303,0.3501128077144384
2020-05-11,12.25,12.44,11.81,12.03,13934812,0.0,11.94000000000002,,58.36686950252196,0.7550941961453397,0.4748751486495744,0.28021904749576526
2020-05-12,12.2,12.39,11.76,11.79,14085115,0.0,11.94400000000002,,56.67016316596021,0.7274699758337082,0.5253941140864012,0.20207586174730696
2020-05-13,11.68,11.68,10.5,10.73,16686080,0.0,11.77200000000002,,49.78633884077716,0.6129784074888835,0.5429109727668977,0.07006743472198584
2020-05-14,10.33,11.04,9.67,10.36,19517569,0.0,11.47000000000002,,47.61226304020231,0.48677585784562893,0.531683949782644,-0.04490809193701506
2020-05-15,10.22,10.92,10.11,10.62,17413171,0.0,11.10600000000002,,49.28809595359838,0.4030926539046664,0.5059656906070484,-0.10287303670238201
2020-05-18,11.6,12.23,11.47,11.9001,21497658,0.0,11.080020000000019,,56.642109922235434,0.4350514809719517,0.4917828486800291,-0.05673136770807741
2020-05-19,11.89,12.08,11.32,11.3565,14090935,0.0,10.993320000000018,,53.11931597703307,0.41176849384834746,0.47577997771369274,-0.06401148386534528
2020-05-20,11.67,12.1,11.64,11.95,14730353,0.0,11.237320000000016,,56.31391876517335,0.43617904816634123,0.4678597918042225,-0.03168074363788126
2020-05-21,12.01,12.35,11.77,12.05,17641944,0.0,11.575320000000016,,56.847490655514235,0.4583106329093134,0.4659499600252407,-0.007639327115927297
2020-05-22,12.0,12.2,11.65,12.17,9968238,0.0,11.885320000000018,,57.51802417052905,0.479999929982478,0.4687599540166882,0.011239975965789795
2020-05-26,12.7,12.93,12.32,12.72,13644227,0.0,12.049300000000018,,60.54418224681156,0.5353975282023917,0.4820874688538289,0.05331005934856281
2020-05-27,12.97,13.01,11.93,12.58,15552562,0.0,12.29400000000002,,59.38457587908809,0.5615307173695339,0.49797611855696994,0.06355459881256392
2020-05-28,12.63,12.6699,11.75,11.87,13722588,0.0,12.27800000000002,,53.760906814964535,0.5189680511344523,0.5021745050724664,0.01679354606198591
2020-05-29,11.69,11.69,10.71,10.78,31037623,0.0,12.02400000000002,,46.483194326380286,0.39275550008264126,0.4802907040745014,-0.08753520399186016
2020-06-01,10.76,11.79,10.45,11.73,23713772,0.0,11.936000000000021,,52.51646910719325,0.365178652391533,0.4572682937379078,-0.09208964134637476
2020-06-02,11.93,12.25,11.77,12.23,13468314,0.0,11.838000000000022,,55.368384341306566,0.37929731984275605,0.44167409895887744,-0.062376779116121384
2020-06-03,12.49,12.73,12.02,12.53,15141803,0.0,11.828000000000022,,57.035771892644085,0.4099681012379577,0.4353328994146935,-0.025364798176735814
2020-06-04,12.43,13.0957,12.26,13.0,15062721,0.0,12.054000000000023,,59.58328399307596,0.46681879206054333,0.44163007794386344,0.02518871411667989
2020-06-05,14.34,16.6,14.33,16.07,34859103,0.0,13.112000000000023,,71.47916630585395,0.75094034422,0.5034921311990908,0.24744821302090925
2020-06-08,17.65,17.87,16.57,17.73,27693921,0.0,14.312000000000022,,75.65218249967441,1.0974066276016838,0.6222750304796094,0.4751315971220744
2020-06-09,16.45,16.9,15.6,16.54,26980678,0.0,15.17400000000002,,67.97406660342348,1.261419737059109,0.7501039717955094,0.5113157652635996
2020-06-10,15.93,15.93,14.51,14.8399,29631096,0.0,15.635980000000021,,58.793404556993536,1.2399243699723712,0.8480680514308817,0.3918563185414895
2020-06-11,12.725,14.36,12.31,12.79,16669568,0.0,15.593980000000021,,50.02087356146737,1.0454282918278075,0.8875400995102669,0.1578881923175406
2020-06-12,14.01,14.5,13.255,13.255,10673360,0.0,15.030980000000023,,51.7785601398919,0.9182256289871624,0.8936772054056461,0.02454842358151632
2020-06-15,13.1,14.33,13.01,14.08,29334939,0.0,14.30098000000002,,54.81479073669597,0.873913279137799,0.8897244201520768,-0.01581114101427772
2020-06-16,15.5,15.54,14.04,14.57,15034981,0.0,13.906980000000022,,56.564114024432435,0.868324819522055,0.8854445000260724,-0.017119680504017465
2020-06-17,14.2,14.3799,13.82,13.89,19115483,0.0,13.717000000000022,,53.47036927495885,0.7998059429624593,0.8683167886133498,-0.0685108456508905
2020-06-18,13.71,14.46,13.48,14.225,8850501,0.0,14.004000000000019,,54.78248094488164,0.7637321115500999,0.8473998532006999,-0.08366774165059998
2020-06-19,14.91,14.99,13.82,13.985,25706076,0.0,14.15000000000002,,53.6159761517114,0.7076203392293028,0.8194439504064205,-0.1118236111771177
2020-06-22,13.9,14.360999999999999,13.524000000000001,14.29,8006884,0.0,14.192000000000021,,54.929419260794596,0.6799245593286312,0.7915400721908626,-0.11161551286223148
2020-06-23,14.62,14.99,14.035,14.13,10494191,0.0,14.104000000000019,,54.06453078592249,0.6377136256819096,0.7607747828890721,-0.12306115720716249
2020-06-24,13.78,13.9,12.89,13.08,11450418,0.0,13.942000000000018,,48.65077270884726,0.5136143058654525,0.7113426874843481,-0.1977283816188956
2020-06-25,12.87,13.67,12.68,13.66,11032025,0.0,13.829000000000018,,51.537561731434,0.45680014582845274,0.660434179153169,-0.2036340333247163
2020-06-26,13.5,13.5,12.8,13.27,9277995,0.0,13.686000000000018,,49.52153392553864,0.3759708165022726,0.6035415066229899,-0.2275706901207173
2020-06-29,13.15,13.46,12.915,13.33,9405657,0.0,13.494000000000018,,49.84657970571495,0.31314475145751786,0.5454621555898955,-0.23231740413237767
2020-06-30,13.08,13.62,12.87,13.5,8974843,0.0,13.368000000000018,,50.813010979922005,0.27391470332892176,0.49115266513770084,-0.21723796180877908
2020-07-01,13.63,13.97,12.91,13.0,21814566,0.0,13.352000000000018,,47.89005977659581,0.20017133566886436,0.4329563992439336,-0.23278506357506923
2020-07-02,13.52,13.94,13.18,13.26,14065096,0.0,13.27200000000002,,49.51630413735399,0.16085477883356347,0.3785360751618596,-0.21768129632829614
2020-07-06,13.56,13.72,13.21,13.53,9467909,0.0,13.324000000000021,,51.21882554073103,0.14975656730922537,0.33278017359133283,-0.18302360628210745
2020-07-07,13.25,13.38,12.75,12.77,8284424,0.0,13.212000000000021,,46.46838854739073,0.07872797916555285,0.28196973470617687,-0.20324175554062401
2020-07-08,12.78,13.15,12.59,13.07,7188376,0.0,13.126000000000023,,48.498933079482725,0.04611323940437906,0.23479843564581732,-0.18868519624143826
2020-07-09,12.95,13.1,12.012,12.08,10814618,0.0,12.942000000000021,,42.737740619619885,-0.05893948535898552,0.17605085144485674,-0.23499033680384226
2020-07-10,11.95,12.77,11.79,12.71,9696715,0.0,12.832000000000019,,47.04845155925625,-0.09031766589598966,0.12277714797668748,-0.21309481387267715
2020-07-13,12.8,13.18,12.31,12.53,10017316,0.0,12.63200000000002,,45.98333406521935,-0.12823142368542761,0.07257543364426447,-0.20080685732969208
2020-07-14,12.49,13.52,12.28,13.5,8479337,0.0,12.77800000000002,,52.256034958090034,-0.07909569062945643,0.04224120878952029,-0.12133689941897671
2020-07-15,13.91,14.085,13.26,13.82,10293891,0.0,12.92800000000002,,54.147727688044,-0.01417059275791921,0.030958848480032396,-0.04512944123795161
2020-07-16,13.4,14.27,13.285,13.87,9318997,0.0,13.286000000000021,,54.45140462446571,0.040846741389387375,0.032936427061903396,0.007910314327483979
2020-07-17,14.01,14.16,13.25,13.285,7831691,0.0,13.401000000000021,,50.25746592346667,0.03681933376816815,0.03371300840315635,0.0031063253650117986
2020-07-20,13.425,14.14,13.34,13.6,9636420,0.0,13.61500000000002,,52.384154333105165,0.058372569007744346,0.03864492052407395,0.019727648483670396
2020-07-21,14.06,15.2,13.9665,14.9,13571412,0.0,13.895000000000021,,59.98727038258954,0.17829749611558832,0.06657543564237683,0.11172206047321148
2020-07-22,14.48,14.67,14.11,14.51,8246187,0.0,14.03300000000002,,57.044477724766836,0.23911278093095767,0.10108290470009301,0.13802987623086466
2020-07-23,14.4621,14.72,14.16,14.395,7344816,0.0,14.13800000000002,,56.16945627371256,0.2748613626987719,0.1358385962998288,0.13902276639894312
2020-07-24,14.5378,14.72,14.14,14.2,5678612,0.0,14.321000000000021,,54.638971333993986,0.28418163203026303,0.16550720344591566,0.11867442858434737
2020-07-27,14.12,14.15,13.581,13.69,6972227,0.0,14.339000000000022,18.179216000000004,50.744586988769285,0.24756153954604443,0.1819180706659414,0.06564346888010303
