Date,Open,High,Low,Close,Volume,OpenInterest,5 day sma,200 day sma,rsi,macd,signal,histogram
2019-10-10,212.44,215.765,211.77,214.71,636356,0.0,,,,,,
2019-10-11,217.53,219.86,216.705,217.27,620374,0.0,,,,,,
2019-10-14,216.59,217.92,213.74,213.92,460384,0.0,,,,,,
2019-10-15,215.71,216.76,214.72,215.23,521637,0.0,,,,,,
2019-10-16,215.04,215.65,213.5,214.15,417309,0.0,215.05599999999998,,,,,
2019-10-17,214.26,215.73,214.18,214.36,361694,0.0,214.98599999999996,,,,,
2019-10-18,214.3,215.6488,213.78,214.82,603478,0.0,214.49599999999995,,,,,
2019-10-21,215.72,215.94,213.3,213.5,468631,0.0,214.41199999999995,,,,,
2019-10-22,213.0,213.63,206.7,206.97,1347042,0.0,212.75999999999993,,,,,
2019-10-23,208.68,211.29,207.43,210.07,900135,0.0,211.9439999999999,,,,,
2019-10-24,211.32,212.53,210.71,211.54,582691,0.0,211.37999999999994,,,,,
2019-10-25,211.48,214.12,210.21,213.22,477584,0.0,211.05999999999995,,,,,
2019-10-28,214.09,214.47,211.27,211.44,753380,0.0,210.64799999999997,,,,,
2019-10-29,211.74,221.27,210.95,217.76,1039851,0.0,212.80599999999995,,,,,
2019-10-30,216.8,217.2,215.032,216.77,454691,0.0,214.14599999999996,,53.202736318407965,,,
2019-10-31,214.5969,215.16,212.435,213.25,574769,0.0,214.48799999999997,,47.59286203355014,,,
2019-11-01,214.71,215.66,213.04,213.5,614228,0.0,214.54399999999995,,48.01214104247077,,,
2019-11-04,214.445,215.93,212.82,214.44,750810,0.0,215.14399999999995,,49.64346802075906,,,
2019-11-05,213.82,218.3595,212.96,216.59,795926,0.0,214.90999999999994,,53.25637488631398,,,
2019-11-06,216.84,219.17,215.29,218.96,821671,0.0,215.34799999999996,,56.92513602852626,,,
2019-11-07,221.0,228.43,218.51,227.64,1607718,0.0,218.22599999999994,,67.1075246398299,,,
2019-11-08,231.71,234.61,230.29,233.87,1576558,0.0,222.2999999999999,,72.1890547984763,,,
2019-11-11,233.03,235.49,232.5697,235.02,819640,0.0,226.41599999999988,,73.01770513388325,,,
2019-11-12,236.13,237.74,235.25,237.03,997249,0.0,230.5039999999999,,74.45061512276052,,,
2019-11-13,236.72,238.09,236.04,237.5,978136,0.0,234.2119999999999,,74.7877763768557,,,
2019-11-14,236.38,238.54,236.26,238.14,696335,0.0,236.3119999999999,,75.26641861161127,9.25324735948476,,
2019-11-15,239.52,241.0,238.63,240.85,926986,0.0,237.7079999999999,,77.23703753773754,9.579839591271252,,
2019-11-18,239.09,241.78,239.09,241.19,824576,0.0,238.94199999999992,,77.47946877808957,9.753667241915679,,
2019-11-19,240.69,241.9,240.22,241.31,669725,0.0,239.79799999999992,,77.5702656618574,9.78827674322497,,
2019-11-20,241.06,241.78,236.99,237.84,947913,0.0,239.8659999999999,,68.91750358049596,9.427036019256747,,
2019-11-21,237.28,238.08,235.58,237.62,586847,0.0,239.7619999999999,,68.3965826873486,9.01903219256647,,
2019-11-22,237.41,237.76,235.25,237.59,825417,0.0,239.1099999999999,,68.32074621943892,8.594196918748537,,
2019-11-25,238.24,239.1207,233.14,234.69,968056,0.0,237.8099999999999,,61.25078867776432,7.932070172381202,,
2019-11-26,234.2,235.82,232.28,234.48,838286,0.0,236.4439999999999,,60.760455583536384,7.306163802180265,8.961503337892209,-1.6553395357119438
2019-11-27,234.4,236.31,233.1,236.05,529287,0.0,236.08599999999993,,63.136430995354424,6.857762357695975,8.540755141852962,-1.682992784156987
2019-11-29,236.38,238.18,235.32,236.48,317704,0.0,235.8579999999999,,63.78324733044566,6.462601540989539,8.125124421680278,-1.662522880690739
2019-12-02,236.0,236.2,230.71,231.02,852572,0.0,234.54399999999993,,51.44082517948312,5.643799174156982,7.6288593721756195,-1.9850601980186378
2019-12-03,229.92,231.4235,227.98,229.68,991940,0.0,233.54199999999992,,48.93796540202847,4.831075961690914,7.069302690078679,-2.2382267283877653
2019-12-04,230.5,231.37,228.92,228.98,712178,0.0,232.44199999999992,,47.63412419645473,4.083431553500219,6.472128462762988,-2.3886969092627686
2019-12-05,229.16,231.23,229.0673,230.5,689942,0.0,231.33199999999994,,50.70533044979621,3.572388993766765,5.892180568963743,-2.3197915751969784
2019-12-06,232.8,232.8891,231.545,232.04,480834,0.0,230.4439999999999,,53.670054122493376,3.2541375410552007,5.364571963382035,-2.1104344223268345
2019-12-09,232.35,233.15,230.86,230.93,561745,0.0,230.42599999999993,,51.27625606365229,2.8791640377506553,4.867490378255759,-1.988326340505104
2019-12-10,230.77,231.71,229.37,229.65,726099,0.0,230.41999999999993,,48.58515067784763,2.45046213017298,4.384084728639204,-1.9336225984662239
2019-12-11,230.4,230.47,228.42,229.57,751317,0.0,230.53799999999993,,48.414128976988295,2.0802773065133238,3.9233232442140276,-1.8430459377007038
2019-12-12,229.79,232.805,229.35,232.4,1893133,0.0,230.91799999999995,,54.51382530427364,1.9922945836288193,3.537117512096986,-1.5448229284681667
2019-12-13,231.59,234.49,230.56,230.75,508796,0.0,230.65999999999994,,50.74623666313878,1.7690341074813603,3.183500831173861,-1.4144667236925006
2019-12-16,232.11,234.58,231.79,234.44,689018,0.0,231.36199999999994,,57.77464847368059,1.868313972522742,2.920463459443637,-1.0521494869208952
2019-12-17,234.78,236.7,233.83,235.62,596102,0.0,232.55599999999995,,59.752514443631156,2.0189370693782394,2.740158181430558,-0.7212211120523184
2019-12-18,235.09,235.52,230.58,233.1,678003,0.0,233.26199999999994,,53.94152578177316,1.9129131473205518,2.574709174608557,-0.661796027288005
2019-12-19,232.83,235.23,232.83,233.05,583503,0.0,233.3919999999999,,53.82966710347248,1.8040577879041564,2.420578897267677,-0.6165211093635206
2019-12-20,233.96,235.82,233.1625,235.02,1500552,0.0,234.24599999999992,,57.56359515981867,1.85536418394085,2.3075359546023115,-0.45217177066146164
2019-12-23,236.07,236.37,234.38,235.19,403716,0.0,234.3959999999999,,57.88015591512308,1.8879790049503526,2.22362456467192,-0.3356455597215673
2019-12-24,234.98,236.12,234.0,235.0,138021,0.0,234.27199999999993,,57.365098556180826,1.8768598019811407,2.154271612133764,-0.2774118101526235
2019-12-26,236.31,236.31,234.8,236.13,229148,0.0,234.878,,59.664039590762556,1.9369019101735887,2.110797671741729,-0.17389576156814046
2019-12-27,237.14,237.31,235.01,235.54,304019,0.0,235.37599999999998,,57.908293982105775,1.9148049646243805,2.0715991303182597,-0.15679416569387916
2019-12-30,235.81,236.08,234.33,235.34,325732,0.0,235.43999999999997,,57.29281704935041,1.8597169877454007,2.029222701803688,-0.16950571405828718
2019-12-31,234.67,235.13,233.43,234.97,333758,0.0,235.39599999999996,,56.104787229281946,1.7658478663986443,1.9765477347226792,-0.21069986832403487
2020-01-02,235.25,236.8,230.84,231.05,783830,0.0,234.60599999999994,,45.37056906290463,1.3594735078916642,1.8531328893564762,-0.49365938146481203
2020-01-03,228.65,230.2702,225.98,226.0,1088084,0.0,232.57999999999993,,35.85369344195398,0.6227474605384202,1.607055803592865,-0.9843083430544448
2020-01-06,225.15,228.15,224.935,225.94,891637,0.0,230.65999999999994,,35.75772364274556,0.03365728143785418,1.292376099161863,-1.2587188177240087
2020-01-07,225.41,228.83,224.91,226.86,891737,0.0,228.964,,38.477036598304764,-0.3548738535433529,0.9629261086208198,-1.3177999621641727
2020-01-08,227.71,228.95,225.86,228.14,681480,0.0,227.598,,42.14627891628788,-0.5531261803401435,0.6597156508286273,-1.2128418311687708
2020-01-09,230.07,233.73,229.28,233.52,979050,0.0,228.092,,54.44438089566068,-0.272974855974752,0.47317754946795143,-0.7461524054427034
2020-01-10,234.5,235.29,231.25,232.05,813773,0.0,229.302,,51.23936440165546,-0.16763721032126,0.34501459751010916,-0.5126518078313691
2020-01-13,232.36,237.27,232.28,236.92,640087,0.0,231.498,,59.70282725005072,0.30529270818587406,0.3370702196452622,-0.03177751145938812
2020-01-14,236.03,236.99,233.89,234.52,713455,0.0,233.03000000000003,,54.66699876991617,0.4808897359827995,0.3658341229127697,0.11505561307002982
2020-01-15,235.08,236.73,233.7622,235.46,556422,0.0,234.49400000000006,,56.224430892710316,0.687971284986304,0.43026155532747656,0.25770972965882744
2020-01-16,236.87,237.23,235.475,235.83,493907,0.0,234.95600000000005,,56.85278716805946,0.8718902047469896,0.5185872852113792,0.35330291953561044
2020-01-17,236.05,237.3505,235.17,236.99,1296275,0.0,235.94400000000005,,58.84719752179667,1.0985857663287675,0.6345869814348569,0.46399878489391055
2020-01-21,236.46,239.12,235.34,237.18,2151691,0.0,235.99600000000004,,59.18002167673556,1.2788334482936818,0.7634362748066219,0.5153971734870599
2020-01-22,238.61,239.14,236.92,237.91,1596340,0.0,236.67400000000006,,60.50176479066538,1.4637131598240956,0.9034916518101168,0.5602215080139787
2020-01-23,235.82,237.72,233.6409,237.43,1700599,0.0,237.06800000000007,,59.14563869432213,1.5535908465237185,1.0335114907528373,0.5200793557708812
2020-01-24,237.54,244.6076,237.54,243.95,3129558,0.0,238.6920000000001,,69.23353609046447,2.1264170586499347,1.2520926043322569,0.8743244543176778
2020-01-27,240.4,240.87,233.36,233.48,1125081,0.0,237.9900000000001,,48.51623789119923,1.7157661757442497,1.3448273186146555,0.3709388571295942
2020-01-28,234.09,237.42,233.735,236.52,987680,0.0,237.8580000000001,,52.92130570189066,1.61698538514014,1.3992589319197526,0.2177264532203873
2020-01-29,237.93,237.93,235.56,237.27,587953,0.0,237.73000000000008,,53.967751822948664,1.5809949037820559,1.4356061262922133,0.14538877748984258
2020-01-30,236.32,241.74,236.135,241.44,875502,0.0,238.53200000000007,,59.37465947798027,1.8674297699113822,1.5219708550160473,0.34545891489533487
2020-01-31,240.34,240.65,237.81,238.69,1017831,0.0,237.48000000000008,,54.80301411472469,1.8511900807544919,1.5878147001637364,0.2633753805907555
2020-02-03,239.92,243.67,238.365,242.95,1201007,0.0,239.37400000000008,,59.94771666089637,2.157199554141471,1.7016916709592835,0.45550788318218727
2020-02-04,244.91,248.0,243.28,247.09,1030107,0.0,241.48800000000006,,64.21127709414273,2.702623505608301,1.901878037889087,0.8007454677192141
2020-02-05,248.72,250.59,243.14,250.28,1157208,0.0,244.09000000000006,,67.11600060707265,3.3536237695141153,2.192227184214093,1.1613965853000225
2020-02-06,250.73,251.62,248.82,251.07,1038233,0.0,246.01600000000002,,67.81272953080801,3.8884687196452887,2.531475491300332,1.3569932283449568
2020-02-07,250.4,251.37,249.13,249.86,551562,0.0,248.25,,65.52283820438801,4.166669535621054,2.8585143001644764,1.3081552354565775
2020-02-10,251.5,252.0,250.32,251.71,723857,0.0,250.002,,67.33880046553188,4.484728071948297,3.1837570545212404,1.3009710174270563
2020-02-11,253.28,254.31,252.22,252.4,726035,0.0,251.06400000000002,,68.01547107901547,4.737853955715195,3.494576434760032,1.2432775209551634
2020-02-12,252.8,254.71,252.61,254.08,514108,0.0,251.824,,69.66346654468195,5.0161964121626,3.798900430240546,1.217295981922054
2020-02-13,253.89,256.32,253.26,254.95,477027,0.0,252.60000000000005,,70.5108366896432,5.24650806422639,4.088421957037715,1.1580861071886748
2020-02-14,255.22,256.045,254.65,255.97,462978,0.0,253.82200000000003,,71.51541255975299,5.448529921948989,4.36044355001997,1.0880863719290188
2020-02-18,255.91,256.59,254.97,255.79,557472,0.0,254.638,,71.05539504574352,5.5303586717664075,4.594426574369257,0.9359320973971501
2020-02-19,256.41,257.01,255.01,255.81,660997,0.0,255.32,,71.07765633816116,5.533040926788459,4.782149444853098,0.7508914819353611
2020-02-20,254.9,256.01,252.11,255.4,816997,0.0,255.584,,69.89095275643679,5.439381258480495,4.913595807578577,0.5257854509019175
2020-02-21,255.24,255.59,253.7,254.94,710636,0.0,255.58200000000002,,68.50893061572225,5.267318768968778,4.984340399856618,0.28297836911216034
2020-02-24,249.76,251.09400000000002,244.68,245.61,1014349,0.0,253.51,,47.84413074009091,4.3282120462007185,4.853114729125438,-0.5249026829247194
2020-02-25,245.54,246.385,234.82,235.5,1158019,0.0,249.452,,35.387765132958165,2.736624590514026,4.429816701403156,-1.6931921108891297
2020-02-26,235.95,240.17,235.11,235.51,923720,0.0,245.392,,35.40567904935692,1.4592654774772882,3.835706456617982,-2.376440979140694
2020-02-27,231.88,233.28,223.99,223.99,1127476,0.0,239.10999999999999,,26.344217595680377,-0.47711861937460753,2.973141441419464,-3.4502600607940717
2020-02-28,217.39,222.78,213.81,219.61,1888886,0.0,232.04399999999995,,23.845391195648574,-2.3381931269437644,1.9108745277468184,-4.249067654690583
2020-03-02,221.09,230.79,220.63,230.79,1335653,0.0,229.07999999999993,,39.59518049324895,-2.877802007495717,0.9531392206983115,-3.8309412281940283
2020-03-03,231.09,237.22,224.545,227.35,1262484,0.0,227.4499999999999,,37.05575461625303,-3.5421929878997105,0.0540727789787071,-3.5962657668784175
2020-03-04,231.42,237.44,229.79,237.11,914439,0.0,227.76999999999992,,47.36930862767031,-3.2437848615735163,-0.6054987491317376,-2.6382861124417785
2020-03-05,230.5,234.73,229.16,234.06,1303910,0.0,229.78399999999993,,44.89375168116156,-3.216327955060706,-1.1276645903175313,-2.0886633647431747
2020-03-06,226.23,231.5299,225.44,229.26,1838539,0.0,231.71399999999994,,41.24091505102159,-3.5410688065955753,-1.6103454335731402,-1.9307233730224351
2020-03-09,214.99,214.99,204.74,205.15,2089936,0.0,226.58599999999996,,28.636857773207026,-5.678446182509219,-2.4239655833603564,-3.254480599148863
2020-03-10,210.93,214.55,204.62,214.55,1729746,0.0,224.02599999999998,,36.75279600467397,-6.538460409421532,-3.2468645485725918,-3.29159586084894
2020-03-11,210.0,213.1295,203.45,207.8,1099985,0.0,218.16399999999993,,33.781761706839674,-7.676209898775397,-4.132733618613154,-3.5434762801622437
2020-03-12,197.9,206.17,178.48,187.71,1973559,0.0,208.89399999999995,,26.829950109366564,-10.08275197848252,-5.3227372905870265,-4.760014687895493
2020-03-13,197.15,206.52,188.67,206.51,1761636,0.0,204.34399999999997,,39.397936640038935,-10.353601163683493,-6.328910065206319,-4.024691098477174
2020-03-16,170.15,191.2,167.43,180.38,1526353,0.0,199.39,,31.340387524175313,-12.53225962885594,-7.569579977936243,-4.962679650919696
2020-03-17,185.35,205.76,181.5891,205.1,1910023,0.0,197.5,,43.17970594308334,-12.124402191269041,-8.480544420602804,-3.643857770666237
2020-03-18,190.71,211.53,182.825,201.59,2125505,0.0,196.25799999999998,,42.070414961275276,-11.946685940267685,-9.17377272453578,-2.7729132157319043
2020-03-19,199.5,204.86,188.58,191.04,1591602,0.0,196.92399999999998,,38.84057173516853,-12.512900433753629,-9.84159826637935,-2.6713021673742787
2020-03-20,190.97,193.85,182.2875,189.15,1994019,0.0,193.452,,38.273681580973495,-12.964687852481887,-10.466216183599858,-2.498471668882029
2020-03-23,186.41,194.61,173.9124,176.66,1868721,0.0,192.70800000000003,,34.67220887394322,-14.167259900175168,-11.20642492691492,-2.9608349732602477
2020-03-24,185.56,200.72,179.27,194.29,1736524,0.0,190.54600000000002,,42.84727687103108,-13.5416139557733,-11.673462732686597,-1.868151223086704
2020-03-25,193.36,204.62,189.72,191.77,1638650,0.0,188.58200000000005,,42.037503981383665,-13.098140763369855,-11.95839833882325,-1.139742424546606
2020-03-26,192.98,202.8,189.98,200.76,1251572,0.0,190.526,,45.961151011804496,-11.88427269794414,-11.943573210647429,0.05930051270328818
2020-03-27,195.31,199.15,191.335,193.63,927129,0.0,191.42200000000005,,43.4490469341121,-11.366578086024333,-11.82817418572281,0.46159609969847715
2020-03-30,198.47,208.59,197.1,206.18,1098118,0.0,197.32600000000005,,48.75803098969784,-9.830303639807681,-11.428600076539785,1.5982964367321042
2020-03-31,202.7,205.88,197.465,199.63,1646170,0.0,198.39400000000006,,46.314217376627234,-9.037150684625914,-10.95031019815701,1.913159513531097
2020-04-01,192.0,197.3958,188.54,189.28,1191905,0.0,197.89600000000004,,42.674450322521935,-9.13838810510029,-10.587925779545667,1.4495376744453772
2020-04-02,187.63,199.24,186.45,194.5,1361549,0.0,196.64400000000006,,45.02121340208677,-8.697153741026398,-10.209771371841814,1.5126176308154164
2020-04-03,193.39,194.99,185.25,186.43,1245261,0.0,195.20400000000006,,42.14850893426029,-8.896105122552228,-9.947038121983898,1.0509329994316694
2020-04-06,194.62,198.2,190.61,193.53,1537305,0.0,192.67400000000006,,45.44661741003807,-8.384216830328256,-9.634473863652769,1.2502570333245124
2020-04-07,198.61,205.74,198.25,201.79,1197409,0.0,193.10600000000005,,49.083390753009176,-7.228700740063601,-9.153319238934936,1.9246184988713342
2020-04-08,204.435,217.58,201.07,215.61,1173596,0.0,198.37200000000007,,54.54352122615417,-5.13855336746235,-8.350366064640419,3.2118126971780683
2020-04-09,215.13,222.6,215.13,219.28,1404251,0.0,203.32800000000006,,55.89610204803125,-3.1496509716355945,-7.310223046039454,4.160572074403859
2020-04-13,218.2,219.99,213.51,216.19,812260,0.0,209.28000000000006,,54.42763568692117,-1.8019963769378649,-6.208577712219137,4.406581335281272
2020-04-14,221.64,224.28,218.49,220.86,820966,0.0,214.74600000000004,,56.296351490600166,-0.35307045371953905,-5.037476260519218,4.6844058067996786
2020-04-15,219.27,219.27,212.0347,213.76,787915,0.0,217.14000000000004,,52.7545228253063,0.21976974770470292,-3.9860270588744338,4.205796806579137
2020-04-16,214.44,215.27,211.545,212.88,852493,0.0,216.59400000000005,,52.31519957085518,0.5958722445732576,-3.069647198184896,3.6655194427581534
2020-04-17,217.46,223.84,214.61,221.5,1198713,0.0,217.03800000000007,,56.165949969531354,1.5713842037201289,-2.141440917803891,3.71282512152402
2020-04-20,219.49,221.18,213.22,214.37,697257,0.0,216.67400000000006,,52.39685105816092,1.7489917591346398,-1.3633543824161847,3.1123461415508245
2020-04-21,209.96,210.12,205.41,207.41,1275056,0.0,213.9840000000001,,48.944071044854745,1.3129977725319577,-0.8280839514265563,2.1410817239585143
2020-04-22,213.65,215.11,210.775,214.76,1096694,0.0,214.1840000000001,,52.503559342928334,1.5427688910337736,-0.35391338293449043,1.896682273968264
2020-04-23,218.22,219.79,209.67,211.51,991038,0.0,213.91000000000014,,50.81651322484488,1.4459483269992006,0.006058959052247792,1.4398893679469529
2020-04-24,213.3,217.33,212.23,216.53,654964,0.0,212.9160000000001,,53.31196315873061,1.7540695565789406,0.3556610785575864,1.3984084780213542
2020-04-27,216.45,222.45,215.505,222.26,1036456,0.0,214.49400000000014,,56.0528781908443,2.432579698767313,0.7710448025995318,1.6615348961677812
2020-04-28,225.42,227.2,221.115,223.6,951402,0.0,217.7320000000001,,56.693174748618425,3.0433488449403683,1.2255056110676992,1.817843233872669
2020-04-29,225.98,231.88,225.04,230.67,1192384,0.0,220.91400000000013,,60.00421354362978,4.051178246130718,1.790640138080303,2.2605381080504148
2020-04-30,225.91,228.49900000000002,224.15,225.85,929935,0.0,223.7820000000001,,56.815002496729136,4.410119477876663,2.314536006039575,2.0955834718370876
2020-05-01,220.39,222.9,218.87,222.59,699757,0.0,224.99400000000009,,54.69749857832947,4.381026488755964,2.727834102582853,1.653192386173111
2020-05-04,221.55,224.51,219.52,223.44,1008503,0.0,225.2300000000001,,55.16668779961475,4.376112876325124,3.057489857331307,1.3186230189938164
2020-05-05,225.0,227.81,223.53,224.29,1027685,0.0,225.3680000000001,,55.661219652410345,4.3901992155736025,3.3240317289797665,1.066167486593836
2020-05-06,223.73,226.5,222.93,223.48,870216,0.0,223.93000000000012,,55.038190499895315,4.28658937634583,3.5165432584529794,0.7700461178928508
2020-05-07,226.15,228.43,223.1647,226.71,676644,0.0,224.10200000000015,,57.10030167173013,4.414227372661998,3.6960800812947836,0.718147291367214
2020-05-08,231.08,233.56,229.19,233.48,720203,0.0,226.28000000000014,,61.124800072589075,5.003981046440629,3.9576602743239526,1.046320772116676
2020-05-11,229.0,233.53,227.89,232.79,744241,0.0,228.15000000000015,,60.5018243865394,5.353970607988657,4.236922341056894,1.1170482669317634
2020-05-12,232.64,234.15,230.065,230.5,976688,0.0,229.39200000000014,,58.37537805340714,5.384486981190236,4.466435269083562,0.9180517121066734
2020-05-13,229.85,232.85,223.29,225.84,930758,0.0,229.86400000000012,,54.20067340067597,4.975296253855987,4.568207466038047,0.40708878781793967
2020-05-14,221.71,225.77,219.52,225.55,855410,0.0,229.63200000000012,,53.9421374362133,4.574872792225392,4.569540531275517,0.005332260949875156
2020-05-15,224.72,228.12,222.52,227.93,1031525,0.0,228.5220000000001,,55.80529739222381,4.398872954284315,4.535407015877277,-0.136534061592962
2020-05-18,235.93,241.32,235.85,238.95,949785,0.0,229.75400000000013,,63.22360500524252,5.089940056133514,4.646313623928524,0.4436264322049901
2020-05-19,237.69,239.22,235.79,235.8,659644,0.0,230.81400000000014,,60.11727527283288,5.3220873290223665,4.781468364947292,0.5406189640750743
2020-05-20,239.66,242.27,238.53,239.66,698956,0.0,233.57800000000015,,62.54573555368394,5.751238755598877,4.975422443077609,0.7758163125212674
2020-05-21,238.98,240.25,235.185,235.29,655982,0.0,235.52600000000015,,58.22336217239511,5.673323334761676,5.115002621414423,0.5583207133472534
2020-05-22,234.46,235.89,233.17,234.35,698901,0.0,236.81000000000012,,57.30596893222137,5.4726394770144395,5.186529992534426,0.28610948448001317
2020-05-26,238.94,240.52,237.24,237.66,933104,0.0,236.55200000000013,,59.71313761005347,5.517087856534232,5.252641565334388,0.2644462911998442
2020-05-27,240.25,240.65,232.405,235.13,931324,0.0,236.41800000000018,,57.06473284201653,5.287215927593536,5.259556437786218,0.02765948980731814
2020-05-28,239.09,242.86,236.665,240.61,770473,0.0,236.60800000000012,,61.09021596687779,5.484014662154607,5.304448082659896,0.17956657949471122
2020-05-29,241.3,242.97,239.55,241.76,682593,0.0,237.90200000000013,,61.89755991637448,5.667443703053948,5.377047206738706,0.29039649631524167
2020-06-01,242.11,244.605,239.43,242.61,661876,0.0,239.55400000000017,,62.51663610823379,5.814375929364786,5.464512951263923,0.3498629781008633
2020-06-02,242.54,245.43,241.81,245.36,696668,0.0,241.0940000000002,,64.52486767436787,6.0826062955129885,5.588131620113737,0.4944746753992515
2020-06-03,246.95,250.61,245.38,248.56,747043,0.0,243.7800000000002,,66.75679517522059,6.478711496392492,5.766247595369489,0.7124639010230034
2020-06-04,247.35,248.82,243.11,244.04,963035,0.0,244.46600000000018,,60.9259500117382,6.354649058376253,5.883927887970842,0.4707211704054117
2020-06-05,249.83,250.34,247.425,248.52,1060077,0.0,245.81800000000015,,64.25819394757835,6.542410406843544,6.015624391745383,0.5267860150981614
2020-06-08,246.93,249.82,245.99,249.65,708902,0.0,247.2260000000002,,65.06740957882903,6.7051019430291205,6.153519902002131,0.5515820410269896
2020-06-09,247.38,251.3,245.83,250.86,850218,0.0,248.3260000000002,,65.95623598981086,6.852679620177042,6.293351845637114,0.5593277745399288
2020-06-10,251.95,252.54,247.49,247.74,494367,0.0,248.1620000000002,,61.603657946457275,6.641321052470403,6.362945687003772,0.2783753654666308
2020-06-11,243.38,244.47,232.63,232.96,1221548,0.0,245.94600000000023,,46.08765540310428,5.221010823612261,6.13455871432547,-0.9135478907132093
2020-06-12,238.88,240.01,235.35,235.35,132465,0.0,243.3120000000002,,48.35296160676604,4.239388726089658,5.755524716678308,-1.5161359905886505
2020-06-15,230.0,238.4,229.17,237.16,574300,0.0,240.81400000000022,,50.06422113934395,3.5663869263087804,5.317697158604403,-1.7513102322956229
2020-06-16,241.22,242.71,236.6128,238.25,838119,0.0,238.2920000000002,,51.11468586713331,3.0854152948416242,4.871240785851848,-1.7858254910102236
2020-06-17,240.13,240.54,236.75,237.61,398784,0.0,236.26600000000022,,50.44369791553983,2.6223701101326924,4.421466650708017,-1.7990965405753245
2020-06-18,237.57,239.56,236.24,238.14,561061,0.0,237.30200000000022,,51.01714545742537,2.2719800638777485,3.991569333341963,-1.7195892694642145
2020-06-19,241.95,241.95,235.39,235.53,1013960,0.0,237.33800000000025,,48.067334627662795,1.7633613089614641,3.5459277284658635,-1.7825664195043993
2020-06-22,235.1,237.625,233.6,236.4,547680,0.0,237.18600000000023,,49.1233254795269,1.4141772552924294,3.119577633831177,-1.7054003785387475
2020-06-23,239.39,240.3228,236.51,239.1,778309,0.0,237.35600000000022,,52.36084773617648,1.3398686405341778,2.7636358351717774,-1.4237671946375996
2020-06-24,236.98,238.99,230.0,233.2,1023621,0.0,236.47400000000025,,45.54107018425663,0.7957252114154869,2.3700537104205197,-1.5743284990050328
2020-06-25,232.94,237.65,230.73,237.3,730814,0.0,236.3060000000002,,50.377843179718106,0.6873994454516605,2.033522857426748,-1.3461234119750873
2020-06-26,236.56,238.03,234.43,235.82,827160,0.0,236.3640000000002,,48.69653545385571,0.47663254111589026,1.7221447941645764,-1.2455122530486862
2020-06-29,238.61,239.925,235.8,238.79,648607,0.0,236.84200000000018,,52.14787942211802,0.5429931426634482,1.4863144638643508,-0.9433213212009026
2020-06-30,236.16,243.05,236.0,241.26,835333,0.0,237.2740000000002,,54.867191766049245,0.785834147948151,1.3462184006811109,-0.5603842527329599
2020-07-01,241.9,244.85,239.36,243.71,756026,0.0,239.3760000000002,,57.450107217262165,1.1625804153598551,1.3094908036168598,-0.14691038825700464
2020-07-02,245.17,247.76,244.92,247.41,827047,0.0,241.39800000000022,,61.07325651139992,1.7396599078862778,1.3955246244707435,0.34413528341553423
2020-07-06,250.33,250.98,244.86,248.93,815599,0.0,244.02000000000027,,62.486452645660385,2.293216092539353,1.5750629180844655,0.7181531744548877
2020-07-07,251.85,265.27,251.67,265.13,2236217,0.0,249.2880000000003,,73.52023842414692,3.99308813359184,2.0586679611859404,1.9344201724058996
2020-07-08,266.4,276.855,265.98,269.78,2551837,0.0,254.99200000000027,,75.727126128129,5.650331605828512,2.7770006901144546,2.8733309157140576
2020-07-09,271.02,272.01,265.94,271.63,1365442,0.0,260.5760000000003,,76.5639871695618,7.031928837856356,3.627986319662835,3.403942518193521
2020-07-10,272.41,273.84,269.84,273.2,876069,0.0,265.73400000000026,,77.27989177215292,8.159483035737367,4.534285662877741,3.625197372859626
2020-07-13,276.07,280.7,273.54,274.34,1106992,0.0,270.81600000000026,,77.8099452441732,9.040849053612902,5.4355983410247735,3.605250712588129
2020-07-14,274.0,281.55,273.03,280.96,1170095,0.0,273.98200000000026,,80.63521425283162,10.156439534243475,6.379766579668514,3.776672954574961
2020-07-15,282.75,285.3,281.1,281.96,1169891,0.0,276.41800000000023,,81.02816441992873,10.994506839190535,7.302714631572918,3.691792207617617
2020-07-16,283.18,288.0,282.76,287.16,2747507,0.0,279.5240000000002,,82.96404792009324,11.940633567121324,8.2302984186826,3.710335148438725
2020-07-17,289.0,295.37,287.62,294.09,1177931,0.0,283.7020000000002,,85.14023567410645,13.098645863168201,9.20396790757972,3.894677955588481
2020-07-20,293.46,295.9,288.0,290.87,932016,0.0,287.0080000000002,,80.0250298040284,13.599782039693082,10.083130734002394,3.5166513056906883
2020-07-21,291.0,292.67,289.91,290.36,940422,0.0,288.8880000000002,,79.21327433623311,13.796743066432612,10.825853200488439,2.970889865944173
2020-07-22,290.43,296.28,289.66,295.66,701746,0.0,291.6280000000002,,81.33249434832047,14.216621442750636,11.504006848940879,2.7126145938097572
2020-07-23,289.44,299.82,289.44,293.16,1141047,0.0,292.8280000000002,,77.32775560222615,14.184143003196368,12.040034079791978,2.1441089234043904
2020-07-24,293.25,293.35,289.35,291.65,765086,0.0,292.3400000000002,,74.9279526357294,13.876598436557629,12.40734695114511,1.469251485412519
2020-07-27,293.65,297.09,292.26,294.65,929380,0.0,293.0960000000002,232.33035,76.48908154667396,13.716823081652024,12.669242177246494,1.04758090440553
