Date,Open,High,Low,Close,Volume,OpenInterest,5 day sma,200 day sma,rsi,macd,signal,histogram
2019-10-09,53.76,54.75,53.2,53.41,16596659,0.0,,,,,,
2019-10-10,52.93,53.84,51.45,53.7,15844704,0.0,,,,,,
2019-10-11,54.35,55.38,54.15,54.79,15762097,0.0,,,,,,
2019-10-14,54.35,55.2,54.01,55.0,9684770,0.0,,,,,,
2019-10-15,55.15,55.6,54.16,55.57,12733680,0.0,54.49400000000001,,,,,
2019-10-16,55.4,55.9398,55.14,55.59,9939813,0.0,54.93000000000002,,,,,
2019-10-17,56.0,56.46,55.51,55.6,10271042,0.0,55.310000000000024,,,,,
2019-10-18,55.66,55.688,53.38,54.53,14968670,0.0,55.258000000000024,,,,,
2019-10-21,55.24,55.82,54.725,55.49,4363387,0.0,55.35600000000003,,,,,
2019-10-22,55.67,55.72,54.49,54.535,4068428,0.0,55.149000000000036,,,,,
2019-10-23,54.56,55.33,54.35,54.81,2982769,0.0,54.99300000000003,,,,,
2019-10-24,55.18,55.735,54.62,55.45,5126843,0.0,54.96300000000002,,,,,
2019-10-25,56.21,56.275,55.02,55.27,5379147,0.0,55.11100000000001,,,,,
2019-10-28,55.99,56.18,54.21,54.56,6863972,0.0,54.92500000000001,,,,,
2019-10-29,54.47,54.63,53.62,54.0,5129303,0.0,54.818000000000005,,53.912466843501335,,,
2019-10-30,55.25,55.95,54.405,55.88,7448979,0.0,55.032000000000004,,63.66816792665272,,,
2019-10-31,55.93,56.07,54.74,56.06,5384395,0.0,55.15400000000001,,64.44420899679118,,,
2019-11-01,56.21,57.43,55.46,55.82,9701370,0.0,55.26400000000001,,62.52649039838846,,,
2019-11-04,55.56,56.01,54.17,55.73,9812623,0.0,55.49800000000001,,61.78399642913098,,,
2019-11-05,55.8,56.27,55.01,55.54,4549502,0.0,55.80600000000002,,60.15982736451903,,,
2019-11-06,55.78,56.59,55.47,56.37,5656425,0.0,55.90400000000002,,64.54459751077752,,,
2019-11-07,56.75,56.82,54.3546,54.55,10962131,0.0,55.60200000000002,,51.230002122371495,,,
2019-11-08,53.5,54.84,52.65,54.3,15455701,0.0,55.29800000000002,,49.71298249561639,,,
2019-11-11,53.85,53.93,52.24,52.53,6204449,0.0,54.658000000000015,,40.556215058924295,,,
2019-11-12,52.7,53.05,51.69,51.95,11886514,0.0,53.94000000000001,,38.08096156820799,,,
2019-11-13,51.6,52.63,51.46,52.33,11175174,0.0,53.132000000000005,,40.63728785191774,-0.714878656345526,,
2019-11-14,52.32,52.98,52.1,52.71,5946101,0.0,52.763999999999996,,43.16424790587642,-0.7672181661516717,,
2019-11-15,53.15,53.71,52.7,53.44,4859112,0.0,52.592,,47.76442906388933,-0.7412480594054713,,
2019-11-18,53.43,53.45,52.2742,52.72,4856912,0.0,52.629999999999995,,43.983188141380836,-0.7698897357791878,,
2019-11-19,53.1,53.38,52.48,53.28,4200073,0.0,52.895999999999994,,47.46660493461984,-0.7388837587411672,,
2019-11-20,53.24,54.19,53.145,54.0804,5590777,0.0,53.24607999999999,,52.05570691994698,-0.6423214262043544,,
2019-11-21,53.95,54.29,53.31,53.7,3571204,0.0,53.44408,,49.82787354491197,-0.5896925739181995,,
2019-11-22,53.77,53.9,52.59,53.03,4122099,0.0,53.362080000000006,,46.08669129698525,-0.5951862927946507,,
2019-11-25,53.23,53.76,53.02,53.73,3303654,0.0,53.56408000000001,,50.28640425684151,-0.5368672828796761,-0.6773539946911006,0.14048671181142447
2019-11-26,53.93,54.23,53.56,54.17,2822072,0.0,53.74208000000001,,52.7765276067929,-0.4499578901214534,-0.6318747737771712,0.1819168836557178
2019-11-27,54.33,54.56,53.9,54.48,2883408,0.0,53.82200000000002,,54.505539207106466,-0.3520094155659095,-0.5759017021349188,0.22389228656900928
2019-11-29,54.13,55.18,54.007,54.84,2070274,0.0,54.05000000000001,,56.49749521460341,-0.24253970569400707,-0.5092293028467365,0.26668959715272944
2019-12-02,54.5963,54.78,53.36,54.23,4093998,0.0,54.290000000000006,,52.31746045678331,-0.20266982239614606,-0.4479174067566184,0.24524758436047234
2019-12-03,53.61,54.61,53.52,54.6,4232604,0.0,54.46400000000001,,54.51566992393308,-0.13960743722094549,-0.38625541284948384,0.24664797562853835
2019-12-04,54.75,54.87,53.755,53.87,3996855,0.0,54.40400000000001,,49.652120674725936,-0.1468422358760222,-0.3383727774547915,0.1915305415787693
2019-12-05,54.09,55.04,53.74,54.99,4290212,0.0,54.50600000000001,,56.12021444004517,-0.06149238028241655,-0.2829966980203165,0.22150431773789997
2019-12-06,55.12,55.4194,54.8,55.21,4604212,0.0,54.58,,57.281139342711725,0.02362779011465932,-0.22167180039332135,0.24529959050798067
2019-12-09,55.12,55.4,54.37,54.38,3532783,0.0,54.60999999999999,,51.72145124766056,0.023837293529858528,-0.1725699816086854,0.19640727513854392
2019-12-10,54.46,55.99,54.1,55.94,3962108,0.0,54.877999999999986,,59.64877649697249,0.14817422875794506,-0.10842113953535931,0.25659536829330437
2019-12-11,55.94,56.98,55.94,56.48,5088284,0.0,55.39999999999999,,61.976232403719905,0.28697753437815265,-0.029341404752656917,0.31631893913080955
2019-12-12,56.6,58.81,56.48,58.56,8304887,0.0,56.11399999999999,,69.31748228186107,0.5583820896717313,0.08820329413222074,0.4701787955395106
2019-12-13,58.5,58.74,57.7908,58.665,5026930,0.0,56.80499999999999,,69.63618215068354,0.7730337259880997,0.22516938050339658,0.5478643454847032
2019-12-16,59.23,59.34,58.57,58.61,4087786,0.0,57.650999999999996,,69.23053665028516,0.9280111193871079,0.36573772828013884,0.5622733911069691
2019-12-17,58.7,58.74,58.1,58.26,3132220,0.0,58.114999999999995,,66.57287869776357,1.0109363008890355,0.49477744280191815,0.5161588580871174
2019-12-18,58.34,59.12,57.96,59.02,4191790,0.0,58.62299999999999,,69.32644612338986,1.125012311457347,0.6208244165330039,0.504187894924343
2019-12-19,58.71,59.23,58.525,59.13,3215909,0.0,58.73699999999999,,69.71529766374081,1.210342378866038,0.7387280089996108,0.47161436986642713
2019-12-20,59.2,59.71,58.79,59.23,6747979,0.0,58.84999999999999,,70.08655762807179,1.2713805527176802,0.8452585177432247,0.42612203497445555
2019-12-23,59.6,59.745,58.83,58.88,2443629,0.0,58.90399999999998,,66.9911014828136,1.27679358861036,0.9315655319166518,0.34522805669370826
2019-12-24,58.78,59.03,58.52,58.81,1349442,0.0,59.01399999999999,,66.35983907277239,1.2609001712771573,0.997432459788753,0.2634677114884043
2019-12-26,58.81,59.27,58.71,58.89,1704268,0.0,58.987999999999985,,66.74551248484511,1.2404605973405864,1.0460380872991197,0.1944225100414667
2019-12-27,59.21,59.59,58.78,59.19,2662089,0.0,58.999999999999986,,68.21705146617805,1.2342420069647417,1.0836788712322443,0.15056313573249747
2019-12-30,59.35,59.5539,58.615,58.88,2439458,0.0,58.929999999999986,,65.01547854670267,1.1905751112917642,1.1050581192441482,0.08551699204761598
2019-12-31,58.72,59.47,58.65,59.42,2595242,0.0,59.03799999999999,,67.84633402964533,1.185872271533249,1.1212209497019685,0.06465132183128053
2020-01-02,59.91,60.05,58.56,58.64,4435746,0.0,59.003999999999984,,60.26117201542834,1.1064512743260693,1.1182670146267888,-0.011815740300719524
2020-01-03,58.03,58.93,57.65,58.67,4098417,0.0,58.959999999999994,,60.44434372762692,1.0340108773765522,1.1014157871767414,-0.0674049098001892
2020-01-06,58.47,59.87,58.435,59.75,3159243,0.0,59.07199999999999,,66.44135601465148,1.0516258270328933,1.0914577951479718,-0.0398319681150785
2020-01-07,59.72,60.41,59.21,60.335,3652016,0.0,59.362999999999985,,69.16809459592235,1.1001090402732459,1.0931880441730266,0.006920996100219234
2020-01-08,60.0,60.885,59.85,59.87,4483902,0.0,59.45299999999999,,64.67004700536359,1.088463591498325,1.0922431536380863,-0.0037795621397613832
2020-01-09,60.24,60.33,58.86,59.34,6328483,0.0,59.59299999999998,,59.88951092265841,1.024656318623407,1.0787257866351505,-0.054069468011743504
2020-01-10,59.76,59.76,58.73,58.95,3816425,0.0,59.64899999999998,,56.57534638225047,0.9318767593211348,1.0493559811723474,-0.11747922185121262
2020-01-13,59.12,59.58,58.82,59.24,3435084,0.0,59.54699999999998,,58.41801236713271,0.8717004463712499,1.0138248742121279,-0.14212442784087798
2020-01-14,59.58,60.575,58.91,60.05,6162369,0.0,59.48999999999999,,63.12472062497061,0.8792352388307876,0.9869069471358599,-0.10767170830507233
2020-01-15,60.05,60.45,59.28,59.63,4987225,0.0,59.441999999999986,,59.37202897915293,0.8416145179505818,0.9578484612988043,-0.11623394334822246
2020-01-16,60.0,60.45,59.72,60.44,5504635,0.0,59.66199999999999,,63.837088126719195,0.8671639301618157,0.9397115550714066,-0.07254762490959088
2020-01-17,60.61,61.28,60.44,61.23,7221886,0.0,60.117999999999995,,67.57947654649014,0.9403190089009712,0.9398330458373195,0.0004859630636516732
2020-01-21,60.9,61.64,60.81,61.43,8900794,0.0,60.556,,68.46910637241271,1.0028727713444496,0.9524409909387456,0.05043178040570406
2020-01-22,61.65,61.9,60.235,60.32,10375183,0.0,60.60999999999999,,58.8218149223499,0.9519063713062152,0.9523340670122395,-0.0004276957060243003
2020-01-23,60.32,60.55,60.06,60.13,7865786,0.0,60.709999999999994,,57.33269925180397,0.8859708000932827,0.9390614136284482,-0.05309061353516553
2020-01-24,60.22,60.35,58.95,59.38,13717953,0.0,60.49799999999999,,51.7621888181618,0.7643862836148472,0.9041263876257281,-0.13974010401088088
2020-01-27,58.19,58.69,57.78,58.32,5455904,0.0,59.91599999999998,,45.093561789586786,0.5758583999509526,0.838472790090773,-0.26261439013982046
2020-01-28,58.79,60.365,58.61,60.05,4683968,0.0,59.639999999999986,,55.230959850833734,0.5595945777077205,0.7826971476141625,-0.22310256990644206
2020-01-29,60.49,60.57,59.9,60.4,3494162,0.0,59.655999999999985,,56.96220996593302,0.568395348568913,0.7398367878051126,-0.1714414392361996
2020-01-30,59.92,60.9,59.92,60.88,4440874,0.0,59.80599999999998,,59.28745213613469,0.6071036978354414,0.7132901698111784,-0.10618647197573705
2020-01-31,60.2,60.3,58.3469,58.46,7290298,0.0,59.62199999999998,,45.84043949981862,0.4374637583965679,0.6581248875282564,-0.22066112913168845
2020-02-03,58.64,58.9,58.09,58.2,4152833,0.0,59.59799999999998,,44.66823210848766,0.2788288912191348,0.5822656882664321,-0.3034367970472973
2020-02-04,58.86,59.38,57.37,59.22,5907913,0.0,59.43199999999998,,50.06318917471067,0.23273229851636756,0.5123590103164192,-0.2796267118000516
2020-02-05,60.14,60.14,58.44,58.85,4829560,0.0,59.12199999999999,,48.22629726712553,0.16444884499122736,0.4427769772513808,-0.27832813226015346
2020-02-06,59.19,60.64,59.0,60.27,8182148,0.0,58.999999999999986,,55.0438090846101,0.2223527051069496,0.3986921228224946,-0.176339417715545
2020-02-07,61.33,62.8412,60.38,61.54,11659412,0.0,59.616,,60.10378478805205,0.36649558462660536,0.3922528151833168,-0.02575723055671142
2020-02-10,61.42,61.945,60.77,61.64,4605829,0.0,60.303999999999995,,60.48096269273586,0.48322866020893684,0.41044798418844086,0.07278067602049598
2020-02-11,61.93,61.93,60.58,61.19,4958762,0.0,60.698,,57.8313927155942,0.5332818828422887,0.43501476391921046,0.09826711892307827
2020-02-12,61.5,63.12,61.44,62.81,4430077,0.0,61.489999999999995,,63.95357289616642,0.6956508534770478,0.48714198183077795,0.20850887164626986
2020-02-13,62.25,62.94,62.0,62.5892,2802081,0.0,61.95384,,62.619152194958424,0.7973216896897313,0.5491779234025687,0.24814376628716261
2020-02-14,62.63,63.54,62.31,63.51,3468921,0.0,62.34784,,65.82192735724712,0.9413461717402498,0.627611573070105,0.31373459867014486
2020-02-18,63.36,64.12,63.26,63.74,4576748,0.0,62.76784,,66.59190172545992,1.0618058523012976,0.7144504289163436,0.34735542338495407
2020-02-19,64.0,64.43,63.79,64.37,3923598,0.0,63.40384,,68.67368451484151,1.194339153569345,0.8104281738469439,0.3839109797224012
2020-02-20,64.3,64.53,62.93,64.0,3505235,0.0,63.64184,,66.06973775596731,1.2550494134965078,0.8993524217768567,0.3556969917196511
2020-02-21,63.82,63.931000000000004,63.07,63.37,2897490,0.0,63.798,,61.77461752614025,1.2380554642827875,0.9670930302780428,0.2709624340047446
2020-02-24,61.21,63.2,61.01,62.31,5159959,0.0,63.55800000000001,,55.264766088884556,1.1260738178699583,0.9988891877964259,0.12718463007353242
2020-02-25,61.8,62.02,59.31,59.51,9724872,0.0,62.712,,42.518662213793235,0.8021443362887339,0.9595402174948875,-0.15739588120615355
2020-02-26,59.9,60.5,58.96,59.36,7453427,0.0,61.71,,41.960338579552506,0.527246373952579,0.8730814487864258,-0.3458350748338468
2020-02-27,57.8,60.29,57.52,58.28,8117948,0.0,60.56600000000001,,38.08282961875014,0.21970812569544762,0.7424067841682301,-0.5226986584727825
2020-02-28,56.29,58.18,55.923,58.16,8663140,0.0,59.524,,37.6663350281843,-0.03331709018345208,0.5872620092978936,-0.6205790994813457
2020-03-02,58.3,60.65,57.91,60.62,8461386,0.0,59.186,,49.7894377358173,-0.0349372212545731,0.46282216318740027,-0.4977593844419734
2020-03-03,60.56,61.82,58.14,58.75,8843838,0.0,59.034000000000006,,42.95101782703475,-0.18498219891707635,0.33326129076650496,-0.5182434896835812
2020-03-04,60.0,62.59,59.59,62.57,6198394,0.0,59.676,,56.18868064135895,0.0042985986284449496,0.26746875233889295,-0.263170153710448
2020-03-05,60.78,62.3,60.34,61.52,6102055,0.0,60.324,,52.57730740684486,0.06878584914271357,0.2277321716996571,-0.15894632255694352
2020-03-06,59.65,60.875,58.355,59.96,8486587,0.0,60.68399999999999,,47.67465521839225,-0.005918280501589379,0.1810020812594078,-0.1869203617609972
2020-03-09,56.6,59.12,55.4,57.165,24446100,0.0,59.992999999999995,,40.40505763657395,-0.28734267517445744,0.08733312997263476,-0.3746758051470922
2020-03-10,59.45,61.12,57.93,60.72,12664830,0.0,60.386999999999986,,50.70173139386078,-0.22096756928938532,0.02567299012023075,-0.24664055940961607
2020-03-11,58.75,60.46,58.4,59.33,9445668,0.0,59.73899999999999,,47.26321803860359,-0.2773293231482157,-0.03492747253345854,-0.24240185061475714
2020-03-12,55.1,57.49,52.83,54.56,10475244,0.0,58.346999999999994,,37.7914728584624,-0.6988397647966025,-0.16770993098608736,-0.5311298338105152
2020-03-13,57.0,59.05,53.1,59.04,8960134,0.0,58.163,,48.27588539195867,-0.6637400850077739,-0.26691596179042465,-0.3968241232173493
2020-03-16,53.11,57.07,52.48,52.76,9493469,0.0,57.282,,38.484460484896395,-1.1296450072813968,-0.4394617708886191,-0.6901832363927778
2020-03-17,53.66,57.0,50.51,56.16,19991150,0.0,56.36999999999998,,44.98970440192834,-1.2105717126834392,-0.5936837592475832,-0.616887953435856
2020-03-18,53.0,58.22,52.05,55.75,11772185,0.0,55.65399999999998,,44.380226608610734,-1.2928866902755516,-0.733524345453177,-0.5593623448223746
2020-03-19,55.62,58.16,53.72,54.1163,9433236,0.0,55.56525999999999,,41.94203739534782,-1.4729683771038395,-0.8814131517833095,-0.5915552253205301
2020-03-20,55.25,55.595,51.38,52.04,11228725,0.0,54.16525999999999,,39.00882672249363,-1.7629028226005943,-1.0577110859467664,-0.7051917366538278
2020-03-23,52.805,57.66,52.33,56.47,18259560,0.0,54.907259999999994,,47.452712362431775,-1.6165790653960528,-1.1694846818366238,-0.447094383559429
2020-03-24,58.34,61.25,53.82,54.41,13702395,0.0,54.55726,,44.37610077399804,-1.6478458759577919,-1.2651569206608575,-0.38268895529693436
2020-03-25,55.01,55.7099,52.52,52.87,9794653,0.0,53.98126,,42.174686987407995,-1.7764127973271542,-1.3674080959941168,-0.40900470133303735
2020-03-26,53.06,57.78,53.06,57.64,8653379,0.0,54.68599999999999,,50.38480803763457,-1.4763850257808926,-1.389203481951472,-0.08718154382942056
2020-03-27,56.55,58.63,55.76,56.96,7413168,0.0,55.66999999999998,,49.30997364263751,-1.278740646070517,-1.3671109147752811,0.08837026870476405
2020-03-30,58.34,59.75,57.5141,58.47,7678159,0.0,56.06999999999998,,51.77038897403009,-0.9888626773963409,-1.2914612672994932,0.30259858990315225
2020-03-31,58.04,60.1,57.83,59.52,7020377,0.0,57.091999999999985,,53.46196298214377,-0.6667205346755836,-1.1665131207747113,0.4997925860991277
2020-04-01,58.0,59.61,57.055,57.49,6572616,0.0,58.015999999999984,,49.823617597117874,-0.5686693341430811,-1.0469443634483853,0.4782750293053042
2020-04-02,58.27,61.09,58.01,60.77,14495684,0.0,58.64199999999998,,55.136330033973465,-0.223715609120255,-0.8822986125827593,0.6585830034625043
2020-04-03,61.26,61.72,58.77,59.98,6474671,0.0,59.245999999999995,,53.662571364712804,-0.013923196534051385,-0.7086235293730178,0.6947003328389664
2020-04-06,61.13,62.395,60.1,61.6,7783882,0.0,59.872,,56.24533962804274,0.27983351642134124,-0.510932120214146,0.7907656366354873
2020-04-07,62.53,62.55,58.12,59.87,13418697,0.0,59.94200000000001,,52.85711101687542,0.3687901033075178,-0.3349876755098133,0.7037777788173312
2020-04-08,60.36,61.495,59.91,61.07,6579684,0.0,60.658,,54.88715838637613,0.5300091944199607,-0.16198830152385846,0.6919974959438192
2020-04-09,61.28,61.8,59.55,60.49,7190903,0.0,60.60200000000001,,53.683882193135915,0.6040126510531323,-0.008788111008460317,0.6128007620615926
2020-04-13,60.3165,63.0,60.02,62.73,5512138,0.0,61.15200000000001,,57.554096938257025,0.8337986908534347,0.1597292493639187,0.6740694414895161
2020-04-14,63.98,64.0,62.72,63.28,12540750,0.0,61.488000000000014,,58.47168256775465,1.0482031529094868,0.33742403007303234,0.7107791228364545
2020-04-15,62.63,66.0566,62.25,65.67,17099446,0.0,62.64800000000001,,62.28692919253127,1.3948937923789302,0.548917982534212,0.8459758098447182
2020-04-16,66.4535,68.32,65.55,68.07,29496207,0.0,64.04800000000002,,65.69517931502955,1.842074278659787,0.8075492417593271,1.03452503690046
2020-04-17,66.5,67.0,64.89,66.89,36250945,0.0,65.328,,62.69512719860854,2.0773060069007983,1.0615005947876215,1.0158054121131768
2020-04-20,66.62,67.15,65.96,66.51,12655415,0.0,66.084,,61.71768475089167,2.2076179762417496,1.290724071078447,0.9168939051633025
2020-04-21,66.24,67.04,64.97,65.72,19928727,0.0,66.572,,59.63609665536496,2.221536265882193,1.4768865100391964,0.7446497558429968
2020-04-22,66.7,67.11,64.73,66.945,21060752,0.0,66.827,,61.78826203751746,2.3048450538810457,1.6424782188075664,0.6623668350734793
2020-04-23,66.98,67.5799,65.82,65.88,9405932,0.0,66.389,,58.850408324458755,2.258892166371524,1.765761008320358,0.4931311580511659
2020-04-24,66.07,66.88,65.8,66.65,16065447,0.0,66.34100000000001,,60.31942897599238,2.2585713323811945,1.8643230731325255,0.3942482592486689
2020-04-27,67.39699999999999,67.77,66.51,67.07,9388057,0.0,66.453,,61.13445298839867,2.2660855355810057,1.9446755656222217,0.321409969958784
2020-04-28,67.0,67.33,63.72,63.85,7223175,0.0,66.07900000000002,,52.270273731223405,1.9892822983662626,1.95359691217103,0.03568538619523265
2020-04-29,64.149,65.2,62.3374,64.81,15095510,0.0,65.65200000000002,,54.39342063250454,1.8263249780599438,1.9281425253488127,-0.10181754728886894
2020-04-30,64.82,65.46,63.41,63.71,8092339,0.0,65.21800000000002,,51.56309618098749,1.5900897558477496,1.8605319714486002,-0.2704422156008506
2020-05-01,63.14,64.935,62.85,64.76,8725716,0.0,64.84,,54.02242828970891,1.4706451828228495,1.78255461372345,-0.3119094309006005
2020-05-04,65.33,66.89,65.23,66.67,6730562,0.0,64.76000000000002,,58.181862359414716,1.5126684354919533,1.728577378077151,-0.21590894258519766
2020-05-05,67.67,69.63,66.97,68.58,26572066,0.0,65.706,,61.89432862104056,1.68071892193651,1.7190056868490229,-0.03828676491251293
2020-05-06,74.0,74.795,71.03,72.87,20378058,0.0,67.31800000000001,,68.63051155380846,2.135451138701484,1.8022947772195153,0.3331563614819686
2020-05-07,72.31,73.645,71.12,73.14,15216624,0.0,69.20400000000001,,69.00191867253902,2.488925654529311,1.9396209526814743,0.5493047018478365
2020-05-08,73.18,74.0,72.51,73.11,5241929,0.0,70.87400000000001,,68.90430036173846,2.7351073902402305,2.0987182401932256,0.6363891500470049
2020-05-11,73.0609,75.97,72.6,75.43,8037090,0.0,72.626,,72.18185338731563,3.081886728586497,2.29535193787188,0.786534790714617
2020-05-12,75.265,75.49,71.95,72.24,15337188,0.0,73.35800000000002,,62.436932190035996,3.063985791637421,2.449078708624988,0.614907083012433
2020-05-13,72.51,75.01,71.97,73.68,7875428,0.0,73.52000000000001,,64.75038763762151,3.129915418909377,2.585246050681866,0.544669368227511
2020-05-14,73.12,73.9,71.61,73.0,5836189,0.0,73.49200000000002,,62.78395154766007,3.091656119263078,2.686528064398108,0.40512805486496983
2020-05-15,72.62,74.0,72.285,73.93,5108032,0.0,73.65600000000002,,64.37734303101637,3.1006363703178437,2.7693497255820554,0.3312866447357883
2020-05-18,73.86,74.68,72.45,72.89,14129544,0.0,73.14800000000001,,61.22069913084061,2.9893743291747796,2.8133546463006,0.17601968287417957
2020-05-19,72.9,74.44,72.72,73.02,4511532,0.0,73.304,,61.474989554277705,2.878506640767256,2.8263850451939314,0.05212159557332452
2020-05-20,73.535,74.54,73.24,73.76,10065028,0.0,73.32000000000001,,62.963767354084375,2.8178723362796774,2.824682503411081,-0.006810167131403588
2020-05-21,74.36,74.49,72.44,72.46,11913520,0.0,73.212,,58.6740424183811,2.634550618105308,2.7866561263499268,-0.15210550824461855
2020-05-22,73.01,73.16,72.2,73.09,9269561,0.0,73.044,,60.09300091033723,2.511155532719627,2.7315560076238667,-0.22040047490423964
2020-05-26,73.37,73.4888,69.61,70.0,9221890,0.0,72.466,,50.867503291906516,2.139365587956263,2.6131179236903463,-0.4737523357340834
2020-05-27,69.29,70.34,66.592,70.15,11197555,0.0,71.89200000000001,,51.258686854166136,1.835662747039592,2.4576268883601955,-0.6219641413206034
2020-05-28,70.0,71.73,69.4006,70.17,7130217,0.0,71.174,,51.31434595578096,1.5783951338195408,2.2817805374520646,-0.7033854036325238
2020-05-29,70.66,72.21,69.82,71.96,13298250,0.0,71.07400000000001,,56.14159313627458,1.5016368028486085,2.1257517905313734,-0.624114987682765
2020-06-01,72.19,73.58,71.72,72.98,8926904,0.0,71.05200000000002,,58.65713157681188,1.505753360602455,2.0017521045455897,-0.4959987439431348
2020-06-02,72.78,73.03,71.0902,73.0,11250430,0.0,71.65200000000002,,58.70714280816468,1.493414443052302,1.9000845722469324,-0.4066701291946304
2020-06-03,72.39,72.63,69.665,69.91,17304764,0.0,71.60400000000001,,48.87087726635947,1.2202325054497436,1.764114158887495,-0.5438816534377513
2020-06-04,69.5,71.1,69.1,69.81,12435232,0.0,71.53200000000001,,48.58715918689697,0.9843180813400494,1.608154943378006,-0.6238368620379566
2020-06-05,67.99,69.59,67.4,69.51,7782195,0.0,71.04200000000002,,47.692630866839885,0.7643359190735879,1.4393911385171225,-0.6750552194435346
2020-06-08,68.49,70.77,68.33,70.68,6108973,0.0,70.58200000000002,,51.44700783430872,0.6766081746303882,1.2868345457397758,-0.6102263711093876
2020-06-09,71.28,72.16,70.23,72.01100000000001,10581304,0.0,70.38420000000002,,55.37133969962458,0.7063416150280801,1.1707359595974367,-0.4643943445693566
2020-06-10,72.38,74.24,72.31,73.85,14512064,0.0,71.17220000000002,,60.16239620316862,0.8682884231456143,1.1102464523070723,-0.24195802916145803
2020-06-11,72.87,74.35,71.02,71.29,6556697,0.0,71.46820000000002,,51.822200980652006,0.7810582765351768,1.0444088171526933,-0.2633505406175165
2020-06-12,71.5,73.21,71.23,71.945,2829486,0.0,71.95520000000002,,53.5947734758013,0.7560653323072302,0.9867401201836007,-0.23067478787637052
2020-06-15,71.48,73.55,71.27,73.2,11714490,0.0,72.45920000000002,,56.86917493893469,0.8279817967177365,0.9549884554904279,-0.12700665877269135
2020-06-16,74.0,74.19,72.23,72.95,5738026,0.0,72.64700000000002,,56.02117040766103,0.8549478950824607,0.9349803434088345,-0.0800324483263738
2020-06-17,73.69,76.48,73.31,75.55,23553114,0.0,72.98700000000001,,62.31491068430988,1.0737395915780894,0.9627321930426855,0.11100739853540387
2020-06-18,75.99,76.37,74.89,76.01,5981210,0.0,73.93100000000001,,63.31518843611722,1.2696163954811794,1.0241090335303844,0.24550736195079503
2020-06-19,76.18,76.75,75.09,76.58,13267331,0.0,74.858,,64.5701267156901,1.4540826504425155,1.1101037569128107,0.3439788935297048
2020-06-22,76.67,77.2,75.87,76.13,4703523,0.0,75.444,,62.745226562977564,1.5461393157205663,1.1973108686743619,0.3488284470462044
2020-06-23,76.73,77.63,76.22,76.42,4056494,0.0,76.138,,63.46190370374912,1.6237775655455948,1.2826042080486086,0.3411733574969862
2020-06-24,76.46,77.17,74.43,75.58,5932320,0.0,76.144,,59.869280768104495,1.5990921195048458,1.345901790339856,0.25319032916498974
2020-06-25,76.61,76.77,74.46,76.22,5036858,0.0,76.186,,61.65060286311885,1.6125825293646159,1.399237938144808,0.21334459121980798
2020-06-26,76.54,76.84,74.65,76.44,5818723,0.0,76.15800000000002,,62.27057628733606,1.6223247874671074,1.443855308009268,0.17846947945783942
2020-06-29,75.82,76.515,74.93,75.46,4399751,0.0,76.02400000000002,,57.78883723103369,1.5332929408241256,1.4617428345722396,0.07155010625188596
2020-06-30,75.69,76.43,75.42,75.87,5132642,0.0,75.91400000000002,,59.11462536503355,1.4787717739007178,1.4651486224379353,0.013623151462782479
2020-07-01,75.45,78.23,74.97,78.03,9558861,0.0,76.40400000000001,,65.29836659453584,1.5915113522496256,1.4904211684002735,0.10109018384935209
2020-07-02,78.86,79.11,77.045,77.53,4676571,0.0,76.66600000000001,,62.92582844568951,1.6218171603320997,1.5167003667866388,0.10511679354546088
2020-07-06,78.46,79.44,78.05,78.67,5365900,0.0,77.11200000000001,,65.96243741080914,1.7180189511621649,1.556964083661744,0.16105486750042086
2020-07-07,79.0,80.38,78.39,78.505,5341863,0.0,77.72100000000002,,65.13092556461251,1.760649767896112,1.5977012205086176,0.1629485473874943
2020-07-08,79.06,79.345,77.97,79.25,4338085,0.0,78.39700000000002,,67.14480211446795,1.8334157950478271,1.6448441354164596,0.18857165963136757
2020-07-09,79.93,80.74,78.8213,80.63,5444066,0.0,78.917,,70.53907181769709,1.9796180579724165,1.711798919927651,0.2678191380447654
2020-07-10,80.72,81.5254,79.63,81.27,4878966,0.0,79.665,,71.98459397308777,2.1226583715689173,1.7939708102559044,0.3286875613130129
2020-07-13,82.01,82.05,77.52,78.0,6414383,0.0,79.531,,56.68169758566068,1.9496824534856216,1.825113138901848,0.12456931458377363
2020-07-14,76.81,79.89,76.21,79.77,4415795,0.0,79.784,,61.45786991618149,1.933137988280933,1.8467181087776652,0.0864198795032678
2020-07-15,78.52,79.585,77.455,79.15,4846837,0.0,79.76400000000001,,59.003774411837526,1.848687048439274,1.8471118967099869,0.0015751517292870165
2020-07-16,78.88,79.48,77.87,79.4,3319077,0.0,79.518,,59.70252912240632,1.7813971434529208,1.8339689460585737,-0.05257180260565297
2020-07-17,79.41,79.85,77.95,78.66,4998803,0.0,78.99600000000001,,56.62591854558273,1.649344971244787,1.7970441510958166,-0.14769917985102965
2020-07-20,79.07,81.37,78.68,81.16,4745747,0.0,79.628,,63.47407926487179,1.7265195375062632,1.7829392283779062,-0.056419690871643
2020-07-21,81.645,81.83,79.62,80.77,4819919,0.0,79.828,,61.833943201706695,1.7361973938364201,1.7735908614696092,-0.03739346763318907
2020-07-22,80.97,81.38,80.42,81.09,2511273,0.0,80.21600000000001,,62.685917110008624,1.749521100148229,1.7687769092053334,-0.019255809057104445
2020-07-23,81.49,82.67,79.38,79.62,5502671,0.0,80.26000000000002,,56.45174984208783,1.622757381729869,1.7395730037102406,-0.11681562198037154
2020-07-24,78.4713,78.49,78.35,78.46,13678,0.0,80.22,63.21975950000001,52.052530168303186,1.4124125039749629,1.6741409037631851,-0.26172839978822227
