Date,Open,High,Low,Close,Volume,OpenInterest,5 day sma,200 day sma,rsi,macd,signal,histogram
2019-10-08,371.05,377.34,368.64,374.0421,3709659,0.0,,,,,,
2019-10-09,376.0,377.86,373.5,374.93,2493869,0.0,,,,,,
2019-10-10,373.7,374.54,370.33,371.04,2482745,0.0,,,,,,
2019-10-11,373.0,376.94,370.08,374.85,3592201,0.0,,,,,,
2019-10-14,374.86,378.7,372.68,373.14,1900973,0.0,373.60041999999993,,,,,
2019-10-15,372.58,373.5268,370.53,370.88,2595619,0.0,372.96799999999996,,,,,
2019-10-16,370.22,377.42,369.24,372.34,3362935,0.0,372.44999999999993,,,,,
2019-10-17,372.42,373.8,369.1,369.12,2168559,0.0,372.066,,,,,
2019-10-18,369.0,369.35,344.01,344.06,12918409,0.0,365.908,,,,,
2019-10-21,332.89,334.24,324.4,331.05,14299036,0.0,357.49000000000007,,,,,
2019-10-22,336.07,341.48,334.46,337.1,7400834,0.0,350.73400000000004,,,,,
2019-10-23,345.0,350.8,336.5,340.6,10084470,0.0,344.386,,,,,
2019-10-24,341.7,345.74,337.77,344.55,4841613,0.0,339.47200000000004,,,,,
2019-10-25,342.92,343.37,338.9,339.91,3671930,0.0,338.64200000000005,,,,,
2019-10-28,341.5,344.98,339.49,340.88,2954549,0.0,340.60800000000006,,27.719003089310476,,,
2019-10-29,340.19,349.72,339.218,348.85,5693168,0.0,342.9580000000001,,35.19353386665421,,,
2019-10-30,346.63,350.0,343.27,346.07,3800155,0.0,344.05200000000013,,33.87757220158478,,,
2019-10-31,342.19,343.13,339.45,339.94,2557318,0.0,343.13000000000017,,31.114784465698207,,,
2019-11-01,340.59,345.11,340.186,345.09,2946363,0.0,344.1660000000001,,35.84820906025516,,,
2019-11-04,346.46,351.45,346.05,351.07,3272565,0.0,346.20400000000006,,40.92438139363621,,,
2019-11-05,355.23,361.61,353.1901,358.27,4954059,0.0,348.0880000000001,,46.421488654973516,,,
2019-11-06,358.86,359.4,353.13,354.05,3316303,0.0,349.68400000000014,,43.846218948112394,,,
2019-11-07,356.12,359.4,355.05,357.54,2534399,0.0,353.2040000000002,,46.49006253769594,,,
2019-11-08,356.4,357.0,350.55,350.69,2864466,0.0,354.3240000000002,,42.2821769610427,,,
2019-11-11,349.04,369.75,345.5643,366.96,11016488,0.0,357.5020000000002,,53.13279570554491,,,
2019-11-12,366.49,367.11,360.01,362.88,5206524,0.0,358.42400000000015,,50.56561101192569,0.2520657454990669,,
2019-11-13,361.87,366.62,361.1153,362.49,2981834,0.0,360.11200000000014,,50.31535523170466,0.7803980809493396,,
2019-11-14,363.1,368.48,361.48,367.46,4900985,0.0,362.0960000000001,,53.47536413095083,1.5819074824451604,,
2019-11-15,370.0,373.48,369.3,371.5,4979163,0.0,366.2580000000001,,55.92909938144888,2.514122455327083,,
2019-11-18,371.67,375.6026,367.9,369.37,3335953,0.0,366.74000000000007,,54.302984078884286,3.04592481350727,,
2019-11-19,373.51,374.83,361.6101,366.89,5791692,0.0,367.54200000000003,,52.392941480574194,3.230032931015785,,
2019-11-20,366.0,370.99,365.75,370.8,3312088,0.0,369.20400000000006,,55.07586819624154,3.6493765224425943,,
2019-11-21,369.75,370.7642,366.255,366.44,2015511,0.0,369.0,,51.58483542320637,3.588527467036897,,
2019-11-22,368.27,373.55,366.61,371.16,3491563,0.0,368.93199999999996,,54.91642227888832,3.87648302229411,2.5020931689463675,1.3743898533477426
2019-11-25,372.52,374.3,369.2,373.13,2383395,0.0,369.684,,56.26901757376885,4.215063779007949,2.844687290958684,1.3703764880492648
2019-11-26,373.66,374.77,371.36,373.51,2373930,0.0,371.0080000000001,,56.539876101195006,4.462612078097095,3.168272248386366,1.294339829710729
2019-11-27,369.96,371.83,366.8,368.08,3695456,0.0,370.46400000000006,,51.61981352186776,4.17254180441364,3.369126159591821,0.8034156448218193
2019-11-29,367.5,368.3,366.31,366.41,1041900,0.0,370.4580000000001,,50.17372964329962,3.7645090623036594,3.4482027401341893,0.3163063221694702
2019-12-02,367.08,367.38,355.16,355.31,4089705,0.0,367.28800000000007,,41.793161377265314,2.5164548163508016,3.261853155377512,-0.7453983390267105
2019-12-03,352.09,355.55800000000005,347.61,352.24,4193326,0.0,363.11,,39.8124722838666,1.2650567055176225,2.862493865405534,-1.5974371598879116
2019-12-04,354.7,355.29,348.82,348.85,2527214,0.0,358.178,,37.68842083047826,-0.00022736086754093776,2.289949620150919,-2.29017698101846
2019-12-05,350.22,350.42,345.59,345.68,3547831,0.0,353.69800000000004,,35.7667894124495,-1.2444216879685541,1.5830753585270245,-2.8274970464955786
2019-12-06,347.74,354.4,347.1104,354.06,2457491,0.0,351.228,,43.908712551068,-1.536546340962559,0.9591510186291079,-2.495697359591667
2019-12-09,352.67,353.6,349.57,351.15,2214387,0.0,350.396,,41.921528333577264,-1.9800451848643092,0.3713117779304245,-2.3513569627947337
2019-12-10,350.15,351.4024,347.45,347.9,2653442,0.0,349.528,,39.75741207185768,-2.564210430828723,-0.21579266382140505,-2.348417767007318
2019-12-11,342.1,350.03,338.5,350.01,6823538,0.0,349.76000000000005,,41.85602329187431,-2.8243488949794937,-0.7375039100530227,-2.086844984926471
2019-12-12,348.25,351.07,341.0,346.29,5409831,0.0,349.882,,39.25935374585946,-3.292726906550797,-1.2485485093525777,-2.0441783971982197
2019-12-13,346.3,349.31,341.1,341.62,3897436,0.0,347.39400000000006,,36.22139083785114,-3.9947013953140527,-1.7977790865448728,-2.19692230876918
2019-12-16,328.53,336.233,326.43,327.0,14747902,0.0,342.564,,28.726884593219367,-5.665425551521025,-2.5713083795401035,-3.0941171719809217
2019-12-17,322.06,330.95,320.61,326.91,12590949,0.0,338.3660000000001,,28.6875340310076,-6.917013701808287,-3.4404494439937405,-3.4765642578145464
2019-12-18,328.72,335.25,328.14,330.73,6207074,0.0,334.5100000000001,,32.88955365300184,-7.5140469967420245,-4.2551689545433975,-3.258878042198627
2019-12-19,332.9,334.81,330.98,333.5,4359908,0.0,331.9520000000001,,35.84175638214343,-7.675209299077721,-4.939177023450263,-2.7360322756274584
2019-12-20,334.62,335.5,328.11,328.14,7550507,0.0,329.25600000000014,,32.83205237820337,-8.141587635106248,-5.57965914578146,-2.561928489324788
2019-12-23,336.75,340.5899,334.2,337.54,8555315,0.0,331.36400000000015,,42.026246505903465,-7.6643445919934265,-5.996596235023854,-1.6677483569695726
2019-12-24,339.51,339.75,332.62,333.0277,3553511,0.0,332.5875400000001,,39.24887724469194,-7.563048822124529,-6.309886752443989,-1.2531620696805392
2019-12-26,332.7,333.36,329.3,329.92,3814549,0.0,332.4255400000001,,37.414942379761,-7.645405141205856,-6.576990430196362,-1.0684147110094937
2019-12-27,330.2,333.65,329.17,330.12,3495762,0.0,331.74954000000014,,37.61696442532157,-7.606847782751572,-6.782961900707405,-0.8238858820441672
2019-12-30,330.5,330.6299,325.7127,326.54,3801439,0.0,331.4295400000002,,35.413363245194915,-7.775535347691971,-6.981476590104318,-0.7940587575876528
2019-12-31,325.41,326.57,323.32,325.63,4275965,0.0,329.0475400000002,,34.85444223389956,-7.891680472956466,-7.163517366674748,-0.728163106281718
2020-01-02,328.55,333.35,327.7,333.35,3938945,0.0,329.1120000000002,,43.064182446289244,-7.276903229525999,-7.186194539244999,-0.0907086902809997
2020-01-03,330.63,334.89,330.3,332.75,3309355,0.0,329.67800000000017,,42.614689818799896,-6.760175722798124,-7.100990775955625,0.3408150531575007
2020-01-06,329.3,334.86,327.88,333.7,4718688,0.0,330.3940000000001,,43.618155862770365,-6.202509719261457,-6.921294564616791,0.7187848453553345
2020-01-07,334.26,344.19,330.71,337.22,8970019,0.0,332.53000000000014,,47.295651280246695,-5.414110317980487,-6.61985771528953,1.2057473973090431
2020-01-08,332.4,334.03,329.6,331.36,7221744,0.0,333.6760000000001,,42.34405789355826,-5.2021836039514255,-6.33632289302191,1.1341392890704842
2020-01-09,334.95,341.73,332.05,336.25,7646232,0.0,334.25600000000014,,47.30212909947548,-4.586774541917805,-5.986413222801089,1.3996386808832844
2020-01-10,335.56,337.7,329.4548,330.09,6502027,0.0,333.7240000000001,,42.36033538125062,-4.543741521328343,-5.69787888250654,1.154137361178197
2020-01-13,332.4,334.1,330.08,330.15,4998169,0.0,333.01400000000007,,42.42343183062484,-4.45345933686275,-5.448994973377783,0.995535636515033
2020-01-14,330.76,335.35,328.28,332.29,6205414,0.0,332.0280000000001,,44.74664641083479,-4.161261507587881,-5.191448280219802,1.0301867726319216
2020-01-15,332.35,333.11,329.69,329.95,3951196,0.0,331.7460000000001,,42.71695236753042,-4.071576467471232,-4.967473917670088,0.8958974501988566
2020-01-16,331.05,332.87,329.31,331.92,3533970,0.0,330.8800000000001,,44.97965982544218,-3.7977596814257595,-4.733531070421223,0.9357713889954633
2020-01-17,332.39,332.5,323.0,324.1,10266443,0.0,329.68200000000013,,38.48163944670872,-4.163769211658746,-4.619578698668728,0.45580948700998203
2020-01-21,322.6,326.5999,305.75,313.4,35918406,0.0,326.33200000000005,,31.727596932531114,-5.256639707292493,-4.746990900393481,-0.5096488068990119
2020-01-22,309.82,312.8399,302.72,309.0,35996529,0.0,321.6740000000001,,29.43940312178178,-6.403969700084815,-5.0783866603317485,-1.3255830397530666
2020-01-23,308.5,318.17,307.7,317.71,16915393,0.0,319.22600000000006,,38.84221104785788,-6.535080438596367,-5.369725415984672,-1.1653550226116947
2020-01-24,322.0,326.2,312.51,323.04,34060293,0.0,317.45000000000005,,43.77944999502495,-6.138143490836512,-5.523409030955041,-0.614734459881471
2020-01-27,316.21,321.2564,314.5819,316.59,6320398,0.0,315.94800000000004,,39.61194849329657,-6.271732566057892,-5.673073737975612,-0.5986588280822804
2020-01-28,318.05,319.355,314.0,316.56,4937421,0.0,316.58000000000004,,39.59306984641064,-6.307316798028353,-5.7999223499861605,-0.5073944480421924
2020-01-29,326.10200000000003,327.175,319.14,321.83,9914469,0.0,319.146,,44.58898239285448,-5.8429190675433915,-5.808521693497607,-0.0343973740457848
2020-01-30,320.5,325.35,317.635,323.22,5468010,0.0,320.248,,45.860811247905524,-5.301605528644359,-5.7071384605269575,0.40553293188259865
2020-01-31,321.75,321.93,316.99,318.01,4342717,0.0,319.242,,41.97213968661849,-5.232694858240393,-5.612249740069645,0.379554881829252
2020-02-03,318.75,320.7399,314.88,316.13,3749706,0.0,319.15000000000003,,40.63324670356881,-5.269044676490921,-5.5436087273539005,0.2745640508629794
2020-02-04,318.28,319.48,315.03,317.93,3379363,0.0,319.4240000000001,,42.52372927062735,-5.093888042054857,-5.453664590294092,0.35977654823923455
2020-02-05,320.5,329.68,319.23,329.6,5539685,0.0,320.97800000000007,,52.978389291305724,-3.9676668835416535,-5.156465048943604,1.1887981654019502
2020-02-06,330.91,343.44,325.66,341.46,12006646,0.0,324.6260000000001,,60.785143095841356,-2.093987435891222,-4.543969526333127,2.449982090441905
2020-02-07,340.37,340.74,335.69,336.77,4894759,0.0,328.37800000000004,,56.771176850026556,-0.976272912109323,-3.8304302034883664,2.8541572913790434
2020-02-10,337.22,345.94,336.3201,344.68,5347158,0.0,334.0880000000001,,61.40077391464691,0.5415521183420537,-2.956033739122282,3.497585857464336
2020-02-11,347.64,348.0745,342.1,344.48,4913144,0.0,339.3980000000001,,61.22224144906273,1.7086053231875553,-2.023105926660315,3.73171124984787
2020-02-12,346.42,349.95,345.85,347.41,3952583,0.0,342.96000000000015,,62.92310330851456,2.8372241552096966,-1.0510399102863126,3.888264065496009
2020-02-13,344.32,347.89,342.63,343.0,3401641,0.0,343.26800000000014,,58.74649315859389,3.3373417682730633,-0.17336357457443752,3.510705342847501
2020-02-14,342.3,344.5,338.0,340.5,3708174,0.0,344.0140000000001,,56.45862899110395,3.4917092227441344,0.559650984889277,2.932058237854857
2020-02-18,338.77,339.99,336.1,338.92,2600649,0.0,342.86200000000014,,55.00075920414569,3.4468209409451447,1.1370849761004507,2.309735964844694
2020-02-19,338.12,341.4742,335.861,338.26,4565764,0.0,341.6180000000001,,54.369201705153834,3.3197224758212087,1.5736124760446024,1.7461099997766063
2020-02-20,338.29,341.24,335.39,336.29,2471718,0.0,339.3940000000001,,52.43383696175101,3.025161313962599,1.8639222436282017,1.161239070334397
2020-02-21,334.05,334.6599,330.23,330.41,3429265,0.0,336.8760000000001,,47.05029610778514,2.2908451750253676,1.949306829907635,0.3415383451177325
2020-02-24,320.0,321.74,316.33,317.9,5496284,0.0,332.3560000000001,,38.08983879176949,0.691471047082814,1.697739673342671,-1.006268626259857
2020-02-25,318.26,320.64,303.63,304.08,6909187,0.0,325.3880000000001,,31.05393528504257,-1.6719300052606059,1.0238057376220158,-2.6957357428826216
2020-02-26,307.0,315.22,304.06,305.51,6397339,0.0,318.8380000000001,,32.444477805196655,-3.3904700889455057,0.1409505723085115,-3.531420661254017
2020-02-27,300.37,301.0,284.29,287.91,10013997,0.0,309.16200000000015,,25.600798930225565,-6.102255395662155,-1.107690621285622,-4.994564774376533
2020-02-28,278.07,282.86,269.6,275.35,13770970,0.0,298.15000000000015,,22.02957836081154,-9.159269463367082,-2.718006389701914,-6.4412630736651675
2020-03-02,279.54,291.7099,274.29,288.99,9360076,0.0,292.3680000000001,,32.96583675022829,-10.361895647883955,-4.2467842413383226,-6.1151114065456325
2020-03-03,292.0,297.44,278.08,280.3,6211315,0.0,287.61200000000014,,30.07189511890823,-11.879259232358493,-5.773279239542356,-6.1059799928161365
2020-03-04,284.55,285.91,277.01,283.08,6221414,0.0,283.1260000000001,,32.12469750927886,-12.710934300167821,-7.160810251667449,-5.550124048500372
2020-03-05,275.79,276.31,259.65,260.18,13139169,0.0,277.5800000000001,,25.487339301214362,-15.044458250159039,-8.737539851365767,-6.306918398793272
2020-03-06,253.7,264.29,249.8,262.13,11383786,0.0,274.93600000000015,,26.872877508940462,-16.545715381916693,-10.299174957475953,-6.24654042444074
2020-03-09,238.0035,241.48,224.37,227.17,10643948,0.0,262.5720000000002,,19.77382224880303,-20.322190737203528,-12.303778113421469,-8.018412623782059
2020-03-10,237.0,237.83,215.0,231.0025,11755438,0.0,252.71250000000018,,22.20021014627399,-22.743649312004322,-14.391752353138042,-8.35189695886628
2020-03-11,222.99,226.99,187.0,189.135,26577826,0.0,233.9235000000002,,16.374075996652678,-27.72147412916155,-17.057696708342746,-10.663777420818803
2020-03-12,160.53,189.85,154.813,154.825,29509442,0.0,212.8525000000002,,13.29488658873116,-34.042545149678915,-20.45466639660998,-13.587878753068935
2020-03-13,174.97,178.28,161.3755,170.17,19707427,0.0,194.4605000000002,,20.495996794569606,-37.38289942330729,-23.840313001949443,-13.54258642135785
2020-03-16,149.42,151.0,128.76,129.6,24959381,0.0,174.9465000000002,,16.57620752043806,-42.81032343343429,-27.63431508824641,-15.176008345187881
2020-03-17,132.51,134.96,101.25,124.03,52088741,0.0,153.55200000000022,,16.120376652442005,-47.01904226263997,-31.511260523125124,-15.507781739514847
2020-03-18,99.86,107.85,89.0,101.89,52457537,0.0,136.10300000000024,,14.422639651458425,-51.54679584948042,-35.51836758839619,-16.02842826108423
2020-03-19,98.8,103.57,90.35,97.71,38196591,0.0,124.68000000000025,,14.120281328944714,-54.84020055883428,-39.38273418248381,-15.457466376350474
2020-03-20,99.85,107.0,94.28,95.01,38848406,0.0,109.64800000000025,,13.917323843686304,-57.01092845865472,-42.90837303771799,-14.102555420936724
2020-03-23,98.53,114.49,93.56,105.49,42338289,0.0,104.82600000000025,,18.796205129428103,-57.22593261425584,-45.77188495302556,-11.454047661230277
2020-03-24,123.68,127.96,116.13,127.5,38984638,0.0,105.52000000000025,,28.022826939738067,-54.986452307513105,-47.61479842392308,-7.371653883590028
2020-03-25,154.9,174.77,141.0,158.68,71954112,0.0,116.87800000000027,,38.65634127705305,-50.11795403519312,-48.11542954617708,-2.0025244890160394
2020-03-26,172.29,186.48,167.18,180.4,58598168,0.0,133.41600000000025,,44.776648070931984,-43.99980918895733,-47.29230547473313,3.2924962857758047
2020-03-27,172.0,172.92,155.5401,161.99,44801196,0.0,146.81200000000027,,41.03915356127177,-40.1735725237987,-45.868558884546246,5.694986360747549
2020-03-30,153.81,153.81,140.68,152.27,48634546,0.0,156.16800000000026,,39.17969217982025,-37.4933748798847,-44.193522083613935,6.700147203729237
2020-03-31,155.0,160.64,149.0,149.12,28211403,0.0,160.49200000000025,,38.569783323606444,-35.217512054825164,-42.398320077856184,7.18080802303102
2020-04-01,138.91,144.38,130.0,130.62,39853804,0.0,154.88000000000025,,35.1126698768028,-34.50887295194576,-40.8204306526741,6.311557700728336
2020-04-02,128.51,136.68,120.0204,123.13,39577901,0.0,143.42600000000024,,33.7920561033407,-34.157900743684735,-39.487924670876225,5.33002392719149
2020-04-03,125.0,131.29,122.5,124.64,34963826,0.0,135.95600000000024,,34.32830940439874,-33.37320285124454,-38.264980306949894,4.891777455705352
2020-04-06,133.7,149.69,129.21,148.43,46730255,0.0,135.18800000000024,,42.262779515931996,-30.480311877381183,-36.708046621036154,6.22773474365497
2020-04-07,162.0,164.8,140.26,141.51,53148116,0.0,133.66600000000022,,40.72157376258175,-28.418470665637756,-35.05013142995647,6.631660764318717
2020-04-08,147.51,154.0,144.55,146.81,39442102,0.0,136.90400000000025,,42.45251905432327,-26.05641876850956,-33.25138889766709,7.194970129157532
2020-04-09,154.71,157.98,150.09,151.81,35445505,0.0,142.64000000000027,,44.110560005404245,-23.510008663711034,-31.30311285087588,7.793104187164847
2020-04-13,155.5,156.0,146.26,147.44,24198797,0.0,147.20000000000024,,42.94593238156688,-21.595641673755324,-29.361618615451768,7.765976941696444
2020-04-14,150.51,152.4,140.0,140.99,31958950,0.0,145.71200000000027,,41.2162133418182,-20.36420723235122,-27.562136338831657,7.197929106480437
2020-04-15,139.0,148.6873,132.9,145.89,37864192,0.0,146.58800000000025,,43.09143334050908,-18.77645423999931,-25.80499991906519,7.0285456790658785
2020-04-16,141.46,143.24,134.0,134.1248,36931435,0.0,144.05096000000026,,39.80782720372402,-18.257046006789125,-24.29540913660998,6.038363129820855
2020-04-17,149.41,153.79,145.0,153.7579,50295523,0.0,144.44054000000028,,47.05779961205714,-16.075871510606902,-22.651501611409365,6.575630100802464
2020-04-20,147.21,151.6299,142.5,143.58,33669229,0.0,143.6685400000003,,44.092842507998704,-14.9956855490897,-21.120338398945435,6.124652849855735
2020-04-21,139.01,141.8962,135.45,136.31,26211314,0.0,142.73254000000028,,42.05457598411765,-14.558438023125063,-19.80795832378136,5.249520300656297
2020-04-22,140.42,140.8199,135.01,135.08,20374601,0.0,140.5705400000003,,41.70332388400412,-14.14807670764705,-18.675982000554498,4.527905292907448
2020-04-23,136.5,142.38,136.05,137.61,25027767,0.0,141.26758000000032,,42.762304244597445,-13.463513549279412,-17.63348831029948,4.169974761020068
2020-04-24,137.0,137.57,128.33,129.0,34838295,0.0,136.31600000000032,,40.09310428393114,-13.460582145438309,-16.798907077327247,3.3383249318889376
2020-04-27,129.97,131.2,123.83,128.51,32982251,0.0,133.3020000000003,,39.940309317789406,-13.34397683307921,-16.10792102847764,2.7639441953984303
2020-04-28,133.88,137.2,127.74,130.91,36644834,0.0,132.2220000000003,,41.12383776573427,-12.909098291110354,-15.468156481004183,2.559058189893829
2020-04-29,138.08,147.18,135.25,138.98,56511188,0.0,133.0020000000003,,45.04529486757307,-11.777508569726052,-14.730026898748557,2.9525183290225048
2020-04-30,137.67,144.65,132.31,140.86,36388285,0.0,133.6520000000003,,45.948496577777696,-10.606747294342625,-13.905370977867372,3.298623683524747
2020-05-01,143.23,143.71,132.84,133.34,34760623,0.0,134.5200000000003,,42.91049452074879,-10.168495613693608,-13.157995905032621,2.989500291339013
2020-05-04,127.115,131.5,124.35,131.39,29537712,0.0,135.0960000000003,,42.13257228323925,-9.864811298499149,-12.499358983725928,2.6345476852267797
2020-05-05,132.88,133.8,125.0,125.3501,29821433,0.0,133.9840200000003,,39.73002822494477,-9.996277874361056,-11.998742761852956,2.0024648874919
2020-05-06,125.8,126.8591,121.37,121.85,28697461,0.0,130.5580200000003,,38.36475005277551,-10.264571312721642,-11.651908472026694,1.3873371593050514
2020-05-07,122.81,130.71,122.36,128.57,28922756,0.0,128.10002000000028,,42.45353639481938,-9.821729176819332,-11.285872612985223,1.464143436165891
2020-05-08,132.57,135.55,131.56,133.37,21647069,0.0,128.10602000000029,,45.247531295036985,-8.979938566903627,-10.824685803768904,1.8447472368652775
2020-05-11,130.92,131.0,127.95,128.9,19114655,0.0,127.60802000000028,,43.14663382980624,-8.57466172361464,-10.374680987738053,1.8000192641234136
2020-05-12,129.72,133.12,125.2,125.27,21473256,0.0,127.59200000000028,,41.46297454993457,-8.448992838147575,-9.989543357819958,1.540550519672383
2020-05-13,125.0,125.07,119.33,121.5,24963988,0.0,127.52200000000028,,39.72903208636979,-8.554990231720154,-9.702632732599998,1.1476425008798437
2020-05-14,118.98,122.61,113.89,122.44,36932520,0.0,126.29600000000028,,40.398306182458434,-8.46555810153663,-9.455217806387324,0.9896597048506948
2020-05-15,118.33,121.8899,117.78,120.0,25803871,0.0,123.62200000000027,,39.18203750565966,-8.493660471318321,-9.262906339373524,0.7692458680552026
2020-05-18,126.18,136.2,125.7998,135.42,42147297,0.0,124.92600000000027,,49.524544897662764,-7.188798675890098,-8.84808480667684,1.6592861307867413
2020-05-19,137.0,137.04,130.28,130.5,31578150,0.0,125.97200000000028,,46.790432016345314,-6.477026059233907,-8.373873057188252,1.896846997954345
2020-05-20,133.27,135.45,131.3101,133.23,20945368,0.0,128.31800000000027,,48.489739316406144,-5.6277794101815175,-7.824654327786906,2.1968749176053883
2020-05-21,137.0,144.239,136.1508,138.9613,46836886,0.0,131.62226000000027,,51.95849694037394,-4.4410832673606535,-7.1479401157016556,2.706856848341002
2020-05-22,141.01,141.08,135.7766,137.55,20107269,0.0,135.13226000000026,,51.04690493973417,-3.5733072777732104,-6.433013548115968,2.859706270342757
2020-05-26,145.21,145.91,142.61,144.79,29402902,0.0,137.00626000000028,,55.37254115356785,-2.275154496440905,-5.601441737780955,3.32628724134005
2020-05-27,149.14,149.65,141.24,149.51,29951842,0.0,140.80826000000027,,57.97941518211617,-0.8556313259219905,-4.6522796554091626,3.796648329487172
2020-05-28,156.1,156.7,149.05,149.79,33027250,0.0,144.12026000000026,,58.13564467071026,0.288617668939537,-3.664100190539423,3.95271785947896
2020-05-29,145.3,152.0,142.94,145.845,32872222,0.0,145.49700000000024,,55.031202453491176,0.8671191017348576,-2.7578563320845673,3.624975433819425
2020-06-01,145.45,153.55,144.55,151.37,26599294,0.0,148.26100000000025,,58.3830288413459,1.7512200066117316,-1.8560410643453076,3.607261070957039
2020-06-02,154.0,155.85,151.8101,153.32,23897596,0.0,149.96700000000024,,59.529583920859125,2.579490288135048,-0.9689347938492364,3.5484250819842846
2020-06-03,157.1,173.78,155.49,173.07,63399929,0.0,154.67900000000023,,68.88083239441686,4.77452267066036,0.17975669905268288,4.594765971607678
2020-06-04,181.28,188.6,177.4,184.2,64446952,0.0,161.56100000000023,,72.70801975286463,7.327730119411939,1.609351383124534,5.718378736287405
2020-06-05,205.0,218.79,197.36,205.11,95972135,0.0,173.41400000000024,,78.14588586555497,10.912633617785275,3.4700078300566823,7.442625787728593
2020-06-08,222.94,234.2,218.93,230.54,75044358,0.0,189.24800000000025,,82.66864113122081,15.625562186393637,5.901118701324074,9.724443485069564
2020-06-09,222.14,227.0,213.08,216.885,63919721,0.0,201.9610000000003,,73.83277549121411,18.0506707551165,8.33102911208256,9.71964164303394
2020-06-10,211.17,213.03,197.4,203.33,87705926,0.0,208.0130000000003,,66.26160921772615,18.663668400068985,10.397556969679846,8.26611143038914
2020-06-11,179.35,192.18,166.01,170.0,97973324,0.0,205.1730000000003,,52.11129893084142,16.272442413634963,11.57253405847087,4.6999083551640926
2020-06-12,187.15,191.3,178.37,179.1401,32678220,0.0,199.97902000000028,,54.95233400611082,14.94265860758398,12.246558968293494,2.6960996392904857
2020-06-15,177.18,193.23,175.89,190.99,76271194,0.0,192.06902000000028,,58.398241746417476,14.675809658597188,12.732409106354234,1.943400552242954
2020-06-16,207.15,208.3,192.6,197.84,72654385,0.0,188.26002000000025,,60.28927737300443,14.845933021543743,13.155113889392137,1.6908191321516064
2020-06-17,194.52,196.43,191.25,192.46,51135592,0.0,186.08602000000025,,58.05714429926388,14.38086234554413,13.400263580622537,0.9805987649215933
2020-06-18,188.24,198.0345,187.2,192.17,59304500,0.0,190.52002000000024,,57.932634455571204,13.829472358985498,13.48610533629513,0.34336702269036756
2020-06-19,197.9,197.96,184.571,186.82,63570106,0.0,192.05600000000024,,55.56512992096868,12.813090205881338,13.351502310212373,-0.5384121043310355
2020-06-22,184.56,188.7,181.9,188.41,52143630,0.0,191.54000000000025,,56.13881809456943,11.997598887000493,13.080721625569996,-1.0831227385695037
2020-06-23,189.3,190.12,183.55,187.75,48913424,0.0,189.52200000000022,,55.81667602310823,11.16930684073202,12.698438668602403,-1.5291318278703834
2020-06-24,183.61,185.2,176.07,176.79,55332139,0.0,186.38800000000023,,50.62182299783224,9.518772538490566,12.062505442580036,-2.5437329040894703
2020-06-25,169.87,177.5,169.59,174.875,55267133,0.0,182.92900000000026,,49.75055821392449,7.96437930980008,11.242880216024046,-3.2785009062239663
2020-06-26,173.42,173.85,167.6,169.93,43525198,0.0,179.55100000000024,,47.478139922064564,6.261314765272772,10.246567125873792,-3.98525236060102
2020-06-29,181.0,194.5,176.27,194.42,73846087,0.0,180.75300000000027,,57.766660196591786,6.809269156138583,9.559107531926752,-2.749838375788169
2020-06-30,188.02,188.49,180.38,183.07,63343658,0.0,179.8170000000003,,52.621835603015285,6.255566537516216,8.898399333044646,-2.642832795528429
2020-07-01,185.88,190.61,180.04,180.31,46165655,0.0,180.52100000000027,,51.42249007478904,5.530294496857437,8.224778365807204,-2.694483868949767
2020-07-02,185.58,187.79,180.43,180.76,39975658,0.0,181.69800000000026,,51.61611762709765,4.93493555335715,7.566809803317193,-2.6318742499600436
2020-07-06,184.52,189.36,181.6,187.85,47864843,0.0,185.28200000000024,,54.68111117032416,4.977831702428404,7.049014183139436,-2.071182480711032
2020-07-07,185.07,185.07,178.65,178.95,35928796,0.0,182.18800000000027,,50.367804602575916,4.244740859650278,6.488159518441605,-2.2434186587913265
2020-07-08,179.05,181.58,175.51,179.98,36951579,0.0,181.57000000000025,,50.85099646772422,3.704174064201311,5.931362427593546,-2.2271883633922354
2020-07-09,179.67,180.75,172.81,173.26,32831291,0.0,180.16000000000025,,47.59534897456847,2.7023718846991187,5.285564319014661,-2.583192434315542
2020-07-10,171.7,179.3251,169.75,178.31,40011463,0.0,179.67000000000024,,50.17687020853335,2.2895368792805755,4.686358831067843,-2.3968219517872678
2020-07-13,180.2,183.25,174.3601,175.62,41317809,0.0,177.22400000000022,,48.79790709419468,1.725412167009324,4.094169498256139,-2.3687573312468153
2020-07-14,177.0,181.3,173.41,179.95,37125548,0.0,177.4240000000002,,51.12624028870421,1.6091844047795973,3.597172479560831,-1.9879880747812337
2020-07-15,185.54,189.53,181.25,187.88,45911128,0.0,179.0040000000002,,55.148791147197215,2.13237707648247,3.304213398945159,-1.1718363224626889
2020-07-16,184.32,184.59,177.3385,179.01,33683560,0.0,180.15400000000017,,50.17436700426234,1.8104069238111151,3.0054521039183504,-1.1950451801072353
2020-07-17,178.41,181.1,175.55,175.65,25602010,0.0,179.6220000000002,,48.39364751020712,1.269485500221748,2.65825878317903,-1.388773282957282
2020-07-20,175.13,176.57,171.62,174.33,23316654,0.0,179.3640000000002,,47.677753494652386,0.7259204475494698,2.271791116053118,-1.5458706685036483
2020-07-21,178.43,182.65,176.75,178.51,40052672,0.0,179.07600000000016,,50.19056011243755,0.6252250877914491,1.9424779104007843,-1.3172528226093352
2020-07-22,176.43,182.95,175.39,179.8,29097641,0.0,177.46000000000015,,50.973097776499124,0.642113622593115,1.6824050528392505,-1.0402914302461355
2020-07-23,178.0,182.5,176.26,180.93,18929165,0.0,177.84400000000014,251.50110750000005,51.68909636953717,0.7381702966104058,1.4935581015934816,-0.7553878049830758
