Date,Open,High,Low,Close,Volume,OpenInterest,5 day sma,200 day sma,rsi,macd,signal,histogram
2019-10-09,27.83,28.07,27.75,27.9,32103292,0.0,,,,,,
2019-10-10,28.04,28.75,28.04,28.45,42346081,0.0,,,,,,
2019-10-11,28.99,29.34,28.86,28.89,59727002,0.0,,,,,,
2019-10-14,28.74,29.16,28.73,29.15,30735541,0.0,,,,,,
2019-10-15,29.34,30.24,29.11,29.74,67443871,0.0,28.826,,,,,
2019-10-16,30.37,30.72,30.15,30.18,76052400,0.0,29.282,,,,,
2019-10-17,30.3,30.54,30.0,30.27,50211989,0.0,29.646000000000004,,,,,
2019-10-18,30.13,30.49,30.1,30.36,44846276,0.0,29.94000000000001,,,,,
2019-10-21,30.67,31.15,30.63,31.02,54015763,0.0,30.31400000000001,,,,,
2019-10-22,30.97,31.37,30.75,31.19,52738394,0.0,30.604000000000006,,,,,
2019-10-23,31.13,31.44,31.09,31.425,41413779,0.0,30.85300000000001,,,,,
2019-10-24,31.45,31.52,31.2,31.35,34203196,0.0,31.069000000000006,,,,,
2019-10-25,31.36,31.85,31.34,31.69,36653332,0.0,31.335,,,,,
2019-10-28,31.97,32.23,31.74,31.84,52070443,0.0,31.499000000000002,,,,,
2019-10-29,31.94,32.14,31.81,32.06,42934719,0.0,31.673000000000002,,98.25986078886312,,,
2019-10-30,32.01,32.01,31.53,31.63,40562060,0.0,31.714,,88.726833199033,,,
2019-10-31,30.925,31.28,30.92,31.28,25424555,0.0,31.7,,81.77263638960298,,,
2019-11-01,31.7,31.84,31.3738,31.805,36050906,0.0,31.723000000000003,,83.82105259052099,,,
2019-11-04,32.24,32.5,32.1,32.4,46415716,0.0,31.835,,85.7725333223713,,,
2019-11-05,32.51,33.09,32.5,32.815,54932744,0.0,31.986,,86.95446335390923,,,
2019-11-06,32.76,33.06,32.67,32.785,39288787,0.0,32.217,,86.39571758413588,,,
2019-11-07,33.11,33.6,33.01,33.21,56539879,0.0,32.603,,87.61032172349222,,,
2019-11-08,33.07,33.27,32.9342,33.255,34164148,0.0,32.893,,87.73518319551043,,,
2019-11-11,33.03,33.25,32.97,33.19,25078101,0.0,33.051,,86.3810161023718,,,
2019-11-12,33.13,33.32,32.99,33.1,32746090,0.0,33.108,,84.43767703321292,,,
2019-11-13,32.72,32.89,32.48,32.77,36053200,0.0,33.105000000000004,,77.54861007977942,1.180375855774848,,
2019-11-14,32.69,32.86,32.49,32.74,30555474,0.0,33.011,,76.93409158652713,1.1137894322039692,,
2019-11-15,32.92,32.9597,32.7,32.92,30426697,0.0,32.944,,78.05761149594196,1.0632867991247394,,
2019-11-18,32.86,33.03,32.75,32.95,26568897,0.0,32.896,,78.24778375023675,1.0139951430185086,,
2019-11-19,33.12,33.15,32.82,32.93,27199232,0.0,32.86200000000001,,77.76390700477809,0.9622253823310807,,
2019-11-20,32.79,32.83,32.42,32.68,36201503,0.0,32.84400000000001,,71.78793108424576,0.8907564771505463,,
2019-11-21,32.78,33.04,32.63,32.84,35544837,0.0,32.864000000000004,,73.20704121378026,0.8373747824689275,,
2019-11-22,32.96,33.32,32.94,33.18,32778129,0.0,32.91600000000001,,75.9728779243624,0.8131312919637388,,
2019-11-25,33.33,33.51,33.255,33.46,38197744,0.0,33.01800000000001,,77.98811818371502,0.8072068331125095,0.964682444127652,-0.1574756110151425
2019-11-26,33.26,33.39,33.1248,33.34,33388241,0.0,33.10000000000001,,75.08164221208133,0.7837935752306393,0.9285046703482496,-0.14471109511761027
2019-11-27,33.49,33.6,33.31,33.43,27887866,0.0,33.25000000000001,,75.80979707472255,0.7636972213319524,0.8955431805449903,-0.13184595921303788
2019-11-29,33.37,33.52,33.24,33.34,16137689,0.0,33.35000000000001,,73.4968910428212,0.7320696252992818,0.8628484694958487,-0.13077884419656693
2019-12-02,33.42,33.75,33.34,33.46,40304589,0.0,33.406000000000006,,74.60921723654744,0.7085201454981984,0.8319828046963187,-0.12346265919812027
2019-12-03,32.87,32.9,32.55,32.85,48310073,0.0,33.284000000000006,,60.66988977501833,0.6333344260472273,0.7922531289665005,-0.15891870291927312
2019-12-04,33.08,33.3,32.85,33.16,39561116,0.0,33.248000000000005,,64.31835908598288,0.591940093986814,0.7521905219705632,-0.16025042798374922
2019-12-05,33.16,33.22,33.0,33.1,32033353,0.0,33.182,,63.09830945586011,0.5479765564011672,0.7113477288566841,-0.1633711724555169
2019-12-06,33.68,33.8,33.57,33.66,40276216,0.0,33.245999999999995,,69.00741563383531,0.5519598069377523,0.6794701444728978,-0.1275103375351455
2019-12-09,33.5,33.7,33.435,33.515,26668882,0.0,33.257,,66.05780735303618,0.5372234954557342,0.651020814669465,-0.11379731921373082
2019-12-10,33.4,33.63,33.3,33.53,33750236,0.0,33.393,,66.2186692827527,0.5207523283919784,0.6249671174139677,-0.10421478902198933
2019-12-11,33.48,33.76,33.48,33.63,34925829,0.0,33.487,,67.33027874142806,0.5098902763802897,0.6019517492072322,-0.09206147282694244
2019-12-12,33.78,34.805,33.677,34.67,55301697,0.0,33.801,,76.1281792674626,0.578532369232903,0.5972678732123663,-0.01873550397946333
2019-12-13,34.69,34.96,34.345,34.44,40189996,0.0,33.95700000000001,,71.53978797399257,0.6073712468896986,0.5992885479478327,0.008082698941865862
2019-12-16,34.95,35.09,34.7,34.7,39413819,0.0,34.194,,73.48529164163958,0.6437849402459932,0.6081878264074648,0.03559711383852837
2019-12-17,34.85,35.27,34.74,35.03,37848535,0.0,34.49400000000001,,75.75104305866827,0.6913023929867279,0.6248107397233175,0.06649165326341044
2019-12-18,35.11,35.27,35.05,35.11,36454427,0.0,34.790000000000006,,76.28021509078727,0.7270348429347493,0.6452555603656038,0.08177928256914546
2019-12-19,35.14,35.23,34.89,34.945,31572945,0.0,34.845000000000006,,72.75376351169699,0.7335826616355092,0.662920980619585,0.07066168101592418
2019-12-20,35.24,35.24,34.91,34.97,55586481,0.0,34.95100000000001,,72.95775381609708,0.732347104644532,0.6768062054245745,0.05554089921995753
2019-12-23,35.04,35.19,34.95,35.17,30652394,0.0,35.045,,74.5963565785605,0.7389876556670529,0.6892424954730703,0.049745160193982674
2019-12-24,35.19,35.2799,35.12,35.23,12355584,0.0,35.085,,75.08412425286858,0.7405551796229588,0.699505032303048,0.04105014731991086
2019-12-26,35.32,35.56,35.29,35.51,23467931,0.0,35.165,,77.27681634266082,0.7556801037522547,0.7107400465928894,0.04494005715936533
2019-12-27,35.7,35.72,35.26,35.35,22173168,0.0,35.245999999999995,,73.30679917087741,0.7461548436968357,0.7178230060136787,0.028331837683157057
2019-12-30,35.57,35.65,35.09,35.16,25229962,0.0,35.284,,68.78750098490372,0.715032148853453,0.7172648345816335,-0.0022326857281804724
2019-12-31,35.03,35.26,34.97,35.2,23425646,0.0,35.29,,69.21774832936734,0.6856906398011873,0.7109499956255443,-0.02525935582435701
2020-01-02,35.35,35.66,35.29,35.65,30804474,0.0,35.374,,73.6228395288623,0.690785575560227,0.7069171116124808,-0.016131536052253814
2020-01-03,34.98,35.15,34.76,34.9,40963905,0.0,35.252,,58.57703713817653,0.6270760742254566,0.690948904135076,-0.0638728299096194
2020-01-06,34.41,34.9,34.37,34.86,29681514,0.0,35.154,,57.897449247067144,0.566824173473421,0.666123958002745,-0.09929978452932409
2020-01-07,34.7,34.92,34.53,34.62,28047535,0.0,35.04600000000001,,53.85988378494643,0.4940134344400775,0.6317018532902116,-0.13768841885013405
2020-01-08,34.72,35.19,34.71,34.98,34012914,0.0,35.001999999999995,,58.53137681189571,0.46005614961976704,0.5973727125561227,-0.13731656293635564
2020-01-09,35.3,35.315,34.94,35.04,30896509,0.0,34.879999999999995,,59.27150813226209,0.43299495895291784,0.5644971618354817,-0.13150220288256387
2020-01-10,35.0,35.07,34.66,34.75,33198402,0.0,34.849999999999994,,54.233188289680605,0.3837248527728718,0.5283427000229598,-0.14461784725008797
2020-01-13,34.84,35.07,34.66,35.04,30279095,0.0,34.88599999999999,,58.071447567134186,0.3638838880702977,0.4954509376324274,-0.13156704956212972
2020-01-14,35.3,35.67,35.11,35.32,56071048,0.0,35.02599999999999,,61.434455086699586,0.3665283301059432,0.4696664161271306,-0.1031380860211874
2020-01-15,34.765,34.79,34.34,34.68,61792135,0.0,34.965999999999994,,51.30503497543404,0.3133690943206986,0.4384069517658442,-0.12503785744514562
2020-01-16,34.9,34.99,34.6005,34.73,43456716,0.0,34.90399999999999,,51.971301668724976,0.2721375666334467,0.40515307473936474,-0.13301550810591806
2020-01-17,34.92,34.95,34.6,34.71,43117425,0.0,34.895999999999994,,51.66677866510562,0.23513693876869013,0.37114984754522984,-0.1360129087765397
2020-01-21,34.42,34.52,34.22,34.25,70387147,0.0,34.73799999999999,,45.118545690788835,0.16677306293426142,0.33027449062303615,-0.16350142768877474
2020-01-22,34.37,34.45,34.23,34.37,54076548,0.0,34.547999999999995,,47.00545909440111,0.12088372360034327,0.28839633721849756,-0.16751261361815428
2020-01-23,34.09,34.26,33.73,34.12,72526506,0.0,34.43599999999999,,43.63920687268796,0.06360992527775977,0.24343905483035,-0.17982912955259023
2020-01-24,34.12,34.14,33.27,33.55,81979180,0.0,34.199999999999996,,37.11321584802567,-0.02745769363911421,0.18925970513645715,-0.21671739877557136
2020-01-27,32.57,33.13,32.47,32.84,42034535,0.0,33.82599999999999,,30.912142046031676,-0.15513223616783733,0.12038131687559826,-0.2755135530434356
2020-01-28,33.02,33.49,32.945,33.24,29910290,0.0,33.623999999999995,,37.27118451503539,-0.22148542776535152,0.052007967947408314,-0.2734933957127598
2020-01-29,33.395,33.44,32.98,33.02,29320055,0.0,33.354,,35.34429550337245,-0.2884973536293316,-0.016093096367939666,-0.27240425726139195
2020-01-30,32.7,33.52,32.67,33.47,44186436,0.0,33.224,,41.9546596359753,-0.30181441972072065,-0.07323736103849586,-0.22857705868222478
2020-01-31,33.07,33.17,32.65,32.82,42527439,0.0,33.077999999999996,,36.19779317348574,-0.3606603897954983,-0.13072196678989634,-0.22993842300560197
2020-02-03,33.12,33.4,32.915,32.96,39147790,0.0,33.102,,38.16583276963739,-0.39148660122393864,-0.18287489367670481,-0.20861170754723382
2020-02-04,33.56,33.9,33.53,33.62,35200713,0.0,33.178,,46.538100365825194,-0.3585272329559217,-0.21800536153254818,-0.14052187142337352
2020-02-05,34.1,34.81,34.07,34.7,46367835,0.0,33.513999999999996,,56.836997787794324,-0.24246473949287406,-0.22289723712461337,-0.019567502368260686
2020-02-06,34.94,35.01,34.6,34.66,31053748,0.0,33.751999999999995,,56.40361247859678,-0.15196033875125892,-0.20870985744994247,0.056749518698683554
2020-02-07,34.32,34.655,34.245,34.61,25115615,0.0,34.10999999999999,,55.83053996298212,-0.0833091947086615,-0.18362972490168628,0.10032053019302478
2020-02-10,34.44,34.69,34.38,34.68,20000707,0.0,34.45399999999999,,56.49694026144782,-0.022989247727039697,-0.15150162946675697,0.12851238173971727
2020-02-11,34.85,35.04,34.76,34.775,27636963,0.0,34.68499999999999,,57.435518940213335,0.032110303301031706,-0.11477924291319924,0.14688954621423095
2020-02-12,35.08,35.45,34.785,34.92,31663682,0.0,34.729,,58.893300878996286,0.08648048939652142,-0.07452729645125511,0.16100778584777653
2020-02-13,34.76,35.03,34.55,34.91,23036253,0.0,34.778999999999996,,58.743875454631265,0.1272949601049902,-0.034162845140006046,0.16145780524499626
2020-02-14,34.88,34.96,34.7,34.85,20837176,0.0,34.827,,57.796341281318014,0.1530351299181234,0.0032767498716198447,0.14975838004650355
2020-02-18,34.77,34.83,34.01,34.275,31438676,0.0,34.745999999999995,,49.548112797291175,0.1255889936757839,0.02773919863245266,0.09784979504333124
2020-02-19,34.45,34.85,34.41,34.72,23756584,0.0,34.735,,54.91110072019252,0.1381529724753605,0.049821953401034236,0.08833101907432628
2020-02-20,34.46,35.08,34.46,34.85,37249917,0.0,34.72099999999999,,56.37018636755815,0.15679252313059067,0.07121606734694552,0.08557645578364514
2020-02-21,34.53,34.635,34.135,34.3601,38071730,0.0,34.61101999999999,,49.82652892018112,0.1305290084230748,0.08307865556217138,0.04745035286090342
2020-02-24,33.18,33.21,32.52,32.73,62374735,0.0,34.18701999999999,,35.188958672443135,-0.021571796643186758,0.06214856512109975,-0.08372036176428652
2020-02-25,32.69,32.76,30.84,31.1,74456724,0.0,33.552019999999985,,26.7322419658892,-0.27052175164789105,-0.004385498232698411,-0.26613625341519265
2020-02-26,31.39,31.6,30.56,30.615,68412320,0.0,32.73101999999999,,24.820845592835198,-0.5011746024162704,-0.10374331906941282,-0.3974312833468576
2020-02-27,29.55,30.3,28.91,29.13,101089953,0.0,31.58701999999999,,20.085361119774788,-0.7946356723639596,-0.2419217897283222,-0.5527138826356374
2020-02-28,28.0,28.75,27.7,28.5,139582562,0.0,30.414999999999985,,18.474973417410638,-1.0657560471393452,-0.40668864121052684,-0.6590674059288184
2020-03-02,28.35,29.38,27.44,29.38,128520447,0.0,29.744999999999987,,27.249317823059286,-1.1958274969247356,-0.5645164123533686,-0.631311084571367
2020-03-03,29.37,29.74,27.62,27.73,117004358,0.0,29.070999999999987,,22.384587417099155,-1.4157315957944903,-0.734759449041593,-0.6809721467528973
2020-03-04,28.25,28.42,27.395,28.38,93484575,0.0,28.623999999999985,,27.84918844384967,-1.5200355866947852,-0.8918146765722315,-0.6282209101225538
2020-03-05,27.24,27.35,26.4,26.78,91582375,0.0,28.153999999999986,,23.468969501758053,-1.7120682224520536,-1.0558653857481959,-0.6562028367038577
2020-03-06,25.47,26.21,25.1,25.71,100873816,0.0,27.595999999999986,,21.08102871595638,-1.9283665185872145,-1.2303656123159996,-0.6980009062712149
2020-03-09,22.23,23.49,21.51,21.72,123679882,0.0,26.063999999999986,,14.965894299605836,-2.394145907085278,-1.4631216712698554,-0.9310242358154226
2020-03-10,23.25,23.675,21.585,23.61,111628923,0.0,25.239999999999988,,25.926854195299967,-2.581019833605584,-1.6867013037370011,-0.894318529868583
2020-03-11,22.84,23.96,22.26,22.66,111936249,0.0,24.095999999999993,,24.235793599893498,-2.7738011739436494,-1.904121277778331,-0.8696798961653185
2020-03-12,20.59,22.87,20.15,20.505,122262480,0.0,22.84099999999999,,20.90486671404912,-3.065139247724826,-2.13632487176763,-0.9288143759571956
2020-03-13,22.19,24.25,21.48,24.15,109127291,0.0,22.52899999999999,,36.74146574980831,-2.967695980770195,-2.3025990935681433,-0.6650968872020515
2020-03-16,19.85,21.726999999999997,19.58,20.44,101675914,0.0,22.27299999999999,,30.129068657941517,-3.1534860595861396,-2.4727764867717426,-0.680709572814397
2020-03-17,21.06,22.685,20.03,21.98,102422824,0.0,21.94699999999999,,35.331725882224134,-3.140261921227278,-2.60627357366285,-0.5339883475644283
2020-03-18,20.27,20.97,19.7,20.78,114801972,0.0,21.570999999999987,,33.253867017117855,-3.1898411641515096,-2.722987091760582,-0.4668540723909276
2020-03-19,20.26,21.75,19.0,21.2,111301842,0.0,21.709999999999987,,34.701332577872805,-3.158829560583296,-2.810155585525125,-0.3486739750581713
2020-03-20,21.76,21.84,19.56,19.67,133084990,0.0,20.813999999999982,,31.98054397059697,-3.2205859445616625,-2.8922416573324323,-0.32834428722923015
2020-03-23,19.26,19.67,17.95,18.09,161546966,0.0,20.343999999999983,,29.415606432456684,-3.3583086277975767,-2.985455051425461,-0.37285357637211547
2020-03-24,19.42,21.15,19.01,21.02,126630704,0.0,20.15199999999998,,39.16039749133774,-3.194207497822319,-3.027205540704833,-0.1670019571174861
2020-03-25,21.71,22.1,20.4089,21.11,123178945,0.0,20.217999999999982,,39.43698394847876,-3.0220575242197967,-3.026175937407826,0.004118413188029191
2020-03-26,21.31,22.95,21.17,22.7,92005289,0.0,20.51799999999998,,44.258284158237274,-2.7259051799532124,-2.9661217859169033,0.240216605963691
2020-03-27,21.68,22.2,21.1,21.6,79590743,0.0,20.903999999999982,,41.78024639279682,-2.5505618312548535,-2.8830097949844937,0.33244796372964025
2020-03-30,21.65,22.35,21.27,22.0398,73173770,0.0,21.693959999999983,,43.15076580074591,-2.349034571377164,-2.776214750263028,0.42718017888586424
2020-03-31,21.82,22.49,20.96,21.22,74879161,0.0,21.733959999999982,,41.20366666384956,-2.2297703698048714,-2.6669258741713966,0.43715550436652517
2020-04-01,19.93,20.35,19.51,19.7794,73931626,0.0,21.46783999999998,,37.96199679222249,-2.2258389256122832,-2.5787084844595745,0.3528695588472912
2020-04-02,19.65,20.79,19.59,20.56,62104127,0.0,21.03983999999998,,40.68511462915812,-2.1351229630612565,-2.4899913801799114,0.3548684171186549
2020-04-03,20.4,20.74,19.6804,20.03,60422944,0.0,20.725839999999984,,39.41992274092287,-2.0819965198881007,-2.408392408121549,0.32639588823344834
2020-04-06,21.03,21.6,20.81,21.33,82424255,0.0,20.583879999999983,,44.018441923544124,-1.9129430784289276,-2.309302542183025,0.39635946375409725
2020-04-07,22.8,22.88,21.85,22.13,84989879,0.0,20.76587999999998,,46.69976191743093,-1.6948762159930588,-2.186417276945032,0.49154106095197303
2020-04-08,22.625,23.6,22.44,23.43,68406182,0.0,21.495999999999984,,50.82182051629842,-1.4010075777200228,-2.0293353371000302,0.6283277593800074
2020-04-09,24.06,25.32,24.05,24.845,109064779,0.0,22.352999999999987,,54.90942232492916,-1.0419252249110045,-1.8318533146622251,0.7899280897512206
2020-04-13,24.78,24.85,23.78,23.93,69483237,0.0,23.13299999999999,,51.90504127965418,-0.8217105584662079,-1.6298247634230216,0.8081142049568137
2020-04-14,24.5,24.65,23.1,23.6801,76898056,0.0,23.60301999999999,,51.082961341453235,-0.6597485199870547,-1.4358095147358283,0.7760609947487735
2020-04-15,22.16,22.65,21.91,22.21,85417659,0.0,23.61901999999999,,46.42474805746135,-0.6426096178169232,-1.2771695353520471,0.634559917535124
2020-04-16,22.15,22.21,21.09,21.415,79779121,0.0,23.216019999999986,,44.083618370319265,-0.6852773199022408,-1.1587910922620859,0.47351377235984504
2020-04-17,22.34,23.4,22.31,23.26,82107956,0.0,22.899019999999986,,50.342217863208504,-0.5637175158961227,-1.0397763769888932,0.4760588610927705
2020-04-20,22.57,23.13,22.18,22.49,68655258,0.0,22.611019999999986,,47.93101492859991,-0.5234787234024871,-0.9365168462716121,0.413038122869125
2020-04-21,21.9,22.365,21.5,21.64,70407078,0.0,22.20299999999998,,45.34886911055615,-0.5537933022362189,-0.8599721374645336,0.3061788352283147
2020-04-22,22.16,22.23,21.750999999999998,21.88,42466948,0.0,22.136999999999983,,46.229682163168,-0.5520877067100969,-0.7983952513136463,0.24630754460354942
2020-04-23,21.96,22.39,21.85,21.86,46757577,0.0,22.22599999999998,,46.16291218651817,-0.5460552577171498,-0.747927252594347,0.2018719948771972
2020-04-24,22.11,22.3,21.67,22.1877,42520276,0.0,22.011539999999982,,47.500873401353914,-0.5089648175350163,-0.7001347655824809,0.19116994804746457
2020-04-27,22.52,23.65,22.45,23.45,60758704,0.0,22.203539999999983,,52.40738015348453,-0.37340889069676564,-0.6347895906053379,0.26138069990857227
2020-04-28,24.45,24.81,23.845,23.9,61293511,0.0,22.65553999999998,,54.055865210789854,-0.2270512968411893,-0.5532419318525081,0.32619063501131884
2020-04-29,24.91,25.11,24.51,24.77,66922857,0.0,23.233539999999984,,57.146336942125366,-0.04039447775957328,-0.4506724410339212,0.4102779632743479
2020-04-30,24.21,24.38,23.85,24.05,47839287,0.0,23.671539999999986,,53.91415760827775,0.04887105830448135,-0.3507637411662407,0.39963479947072206
2020-05-01,23.38,23.46,22.8128,23.1,46526825,0.0,23.853999999999985,,49.903514853855405,0.0424680331888041,-0.27211738629523174,0.31458541948403584
2020-05-04,22.7,22.99,22.43,22.93,39167100,0.0,23.749999999999986,,49.198220272313954,0.023406198318241422,-0.21301266937253713,0.23641886769077855
2020-05-05,23.48,23.515,22.62,22.6505,41938588,0.0,23.500099999999986,,47.99713915724547,-0.014091321290525372,-0.1732283997561348,0.15913707846560943
2020-05-06,23.0,23.08,22.23,22.3464,47554083,0.0,23.015379999999986,,46.66236143231163,-0.06756782444508147,-0.15209628469392414,0.08452846024884267
2020-05-07,22.66,23.37,22.61,22.85,48114561,0.0,22.775379999999988,,49.18270157100991,-0.06852214658104216,-0.13538145707134774,0.06685931049030558
2020-05-08,23.47,23.62,23.25,23.5621,40218144,0.0,22.86779999999999,,52.59384552089339,-0.011683257695185745,-0.11064181719611535,0.0989585595009296
2020-05-11,23.11,23.12,22.56,22.58,64798707,0.0,22.797799999999985,,47.82570283148518,-0.04536238169977125,-0.09758593009684655,0.0522235483970753
2020-05-12,22.71,22.82,21.85,21.87,64917668,0.0,22.641699999999986,,44.67256790101216,-0.12787038618542113,-0.10364282131456147,-0.024227564870859655
2020-05-13,21.66,21.75,20.72,20.86,106409825,0.0,22.34441999999998,,40.57447488941889,-0.2716259978344553,-0.13723945661854023,-0.13438654121591506
2020-05-14,20.29,21.79,20.1,21.71,80628290,0.0,22.116419999999984,,45.136005106225255,-0.31335331752718076,-0.17246222880026835,-0.14089108872691242
2020-05-15,21.4,21.6979,21.225,21.43,53481057,0.0,21.689999999999984,,43.939494980984854,-0.36481086637444804,-0.2109319563151043,-0.15387891005934373
2020-05-18,22.42,23.06,22.07,22.92,72777047,0.0,21.757999999999985,,51.33285789038282,-0.2821088221223107,-0.2251673294765456,-0.05694149264576509
2020-05-19,22.66,23.0,22.185,22.2099,56722187,0.0,21.82597999999998,,48.078580400254666,-0.2707450117011554,-0.23428286592146758,-0.036462145779687816
2020-05-20,22.68,23.0,22.64,22.92,54725532,0.0,22.237979999999986,,51.396825472195836,-0.20211017434325385,-0.22784832760582485,0.025738153262571006
2020-05-21,22.81,23.27,22.78,22.9,50588639,0.0,22.475979999999982,,51.29738748749475,-0.14762863311591445,-0.2118043887078428,0.06417575559192834
2020-05-22,22.93,22.9502,22.46,22.65,44884522,0.0,22.719979999999982,,49.995300795092675,-0.12320430727551113,-0.19408437242137647,0.07088006514586534
2020-05-26,23.75,24.6,23.67,24.29,103153763,0.0,22.99397999999998,,57.59876761305324,0.028161809064126686,-0.14963513612427584,0.17779694518840253
2020-05-27,26.07,26.17,24.97,25.98,106243067,0.0,23.74799999999998,,63.72068487349459,0.2812473781728002,-0.06345863326486065,0.3447060114376609
2020-05-28,26.08,26.14,24.79,24.865,79105500,0.0,24.13699999999998,,57.79210920519576,0.3873828254440035,0.02670965847691218,0.3606731669670913
2020-05-29,24.42,24.91,24.06,24.09,67528865,0.0,24.37499999999998,,54.02931138961897,0.4042993972326272,0.1022276062280552,0.302071791004572
2020-06-01,24.28,24.87,24.05,24.63,54910583,0.0,24.770999999999976,,56.17064417630566,0.4560226441071009,0.17298661380386435,0.28303603030323654
2020-06-02,24.96,25.39,24.56,24.85,56720626,0.0,24.882999999999974,,57.04844434486079,0.5088995737767661,0.2401692057984447,0.2687303679783214
2020-06-03,25.5,26.14,25.385,25.98,80336746,0.0,24.882999999999974,,61.33216262525836,0.6346703924777692,0.3190694431343096,0.3156009493434596
2020-06-04,25.71,26.83,25.57,26.79,85817614,0.0,25.267999999999976,,64.09637591397272,0.7905914567879151,0.41337384586503073,0.37721761092288436
2020-06-05,28.95,29.01,27.88,28.09,108503273,0.0,26.067999999999973,,68.04465784134311,1.0074459492612498,0.5321882665442745,0.4752576827169752
2020-06-08,28.59,28.9,28.14,28.54,73817205,0.0,26.849999999999973,,69.30305817221853,1.2017627630308247,0.6661031658415846,0.5356595971892402
2020-06-09,27.72,28.54,27.55,28.23,71890734,0.0,27.52599999999997,,67.33582692941893,1.3155806340693132,0.7959986594871303,0.5195819745821829
2020-06-10,27.97,28.1,26.51,26.59,80444082,0.0,27.647999999999975,,57.96206905846171,1.2589355970303053,0.8885860469957654,0.37034955003453995
2020-06-11,24.98,25.69,23.68,23.93,138594533,0.0,27.075999999999976,,46.62483079129383,0.9880150056518211,0.9084718387269766,0.07954316692484453
2020-06-12,25.03,25.05,24.2,24.2,25113381,0.0,26.297999999999973,,47.74216127891629,0.7860343143364652,0.8839843338488743,-0.09795001951240911
2020-06-15,23.76,25.17,23.69,25.17,69963706,0.0,25.623999999999974,,51.65745666835287,0.696208595336266,0.8464291861463528,-0.15022059081008676
2020-06-16,26.18,26.24,24.86,25.84,83341762,0.0,25.145999999999972,,54.20943422207817,0.6713456121271513,0.8114124713425126,-0.14006685921536133
2020-06-17,25.9,25.9,24.92,24.995,50261341,0.0,24.82699999999997,,50.58269827302332,0.5768079972239732,0.7644915765188047,-0.18768357929483148
2020-06-18,24.7,25.49,24.58,25.04,42554494,0.0,25.048999999999968,,50.771583250734615,0.4997564983998437,0.7115445608950126,-0.2117880624951689
2020-06-19,25.44,25.49,24.49,24.97,83399696,0.0,25.202999999999967,,50.448557345782504,0.42810923865558337,0.6548574964471268,-0.2267482577915434
2020-06-22,24.89,25.025,24.61,24.61,46865534,0.0,25.090999999999966,,48.731382485695505,0.3383786592131486,0.5915617290003312,-0.25318306978718264
2020-06-23,25.01,25.41,24.76,24.79,40203618,0.0,24.880999999999965,,49.6541329712124,0.27857973048516627,0.5289653292972982,-0.25038559881213196
2020-06-24,24.54,24.54,23.68,23.83,63991178,0.0,24.647999999999968,,45.002040941915915,0.15197282358449726,0.45356682815473803,-0.30159400457024077
2020-06-25,23.7,24.77,23.55,24.7153,56141949,0.0,24.58305999999997,,49.68375645178363,0.12166971619981481,0.38718740576375343,-0.2655176895639386
2020-06-26,24.09,24.11,23.02,23.1448,87236427,0.0,24.218019999999974,,42.73407478589816,-0.028740635354562727,0.3040017975400902,-0.33274243289465294
2020-06-29,23.41,23.835,23.1,23.3801,52466156,0.0,23.97203999999997,,43.998003748520844,-0.12748560440309475,0.21770431715145322,-0.345189921554548
2020-06-30,23.2,23.91,23.0999,23.73,50257365,0.0,23.760039999999975,,45.90984279115271,-0.17548481827983053,0.1390664900651965,-0.31455130834502704
2020-07-01,24.03,24.07,23.23,23.25,52900216,0.0,23.644039999999976,,43.70556398385726,-0.249381811279779,0.06137682979620141,-0.3107586410759804
2020-07-02,23.84,23.99,23.22,23.29,49046646,0.0,23.358979999999978,,43.94708911566424,-0.3012454746127382,-0.011147631085586515,-0.2900978435271517
2020-07-06,23.82,24.08,23.46,23.66,48009151,0.0,23.462019999999978,,46.24453806350258,-0.3089307324990962,-0.07070425136828845,-0.23822648113080774
2020-07-07,23.38,23.39,22.9,23.01,50213330,0.0,23.387999999999977,,42.916642042160035,-0.3632832196465401,-0.1292200450239388,-0.2340631746226013
2020-07-08,23.03,23.19,22.7,23.11,48047580,0.0,23.263999999999978,,43.58922015941952,-0.3937498894099605,-0.18212601390114314,-0.21162387550881734
2020-07-09,22.94,23.16,22.39,22.78,70567577,0.0,23.16999999999998,,41.83737285529615,-0.4394573954706473,-0.233592290215044,-0.20586510525560334
2020-07-10,22.71,24.05,22.68,24.02,74753505,0.0,23.315999999999985,,49.973370629386274,-0.371342679188043,-0.2611423680096438,-0.11020031117839918
2020-07-13,24.37,24.51,23.855,24.18,65375349,0.0,23.419999999999987,,50.92724294781297,-0.30098109031491305,-0.26911011247069766,-0.03187097784421539
2020-07-14,23.8903,24.145,23.45,24.14,60487283,0.0,23.64599999999999,,50.66714309161311,-0.24561538860161036,-0.2644111676968802,0.01879577909526986
2020-07-15,24.76,24.87,24.28,24.6258,50896961,0.0,23.949159999999992,,53.75619836156154,-0.16068538995327586,-0.24366601214815936,0.0829806221948835
2020-07-16,23.75,24.22,23.54,23.9299,71691010,0.0,24.17913999999999,,49.020926310058144,-0.14782701049998437,-0.22449821181852436,0.07667120131854
2020-07-17,23.88,23.975,23.2,23.215,62566792,0.0,24.018139999999992,,44.66786552736381,-0.19309720311635203,-0.2182180100780899,0.02512080696173788
2020-07-20,23.19,23.7,23.11,23.59,57357023,0.0,23.900139999999986,,47.31091057362651,-0.19645023490278035,-0.213864455043028,0.017414220140247655
2020-07-21,23.71,24.48,23.69,24.43,67741389,0.0,23.95813999999999,,52.75489261007597,-0.12982995798442332,-0.19705755563130709,0.06722759764688377
2020-07-22,24.24,24.33,23.965,24.31,48533132,0.0,23.894979999999986,,51.929432277054204,-0.08572769022235249,-0.17479158254951618,0.08906389232716369
2020-07-23,24.52,24.64,24.11,24.54,51663397,0.0,24.016999999999985,,53.43340252332194,-0.03185009935209848,-0.14620328591003265,0.11435318655793417
2020-07-24,24.73,24.75,24.27,24.37,39338037,0.0,24.247999999999983,28.251959499999998,52.135041453302215,-0.0028366010993110535,-0.11752994894788833,0.11469334784857728
