Date,Open,High,Low,Close,Volume,OpenInterest,5 day sma,200 day sma,rsi,macd,signal,histogram
2019-10-08,118.79,119.2,117.69,117.95,3148185,0.0,,,,,,
2019-10-09,119.49,120.06,118.0,119.45,2260669,0.0,,,,,,
2019-10-10,120.04,123.03,119.76,122.73,2756444,0.0,,,,,,
2019-10-11,125.61,130.38,125.4,128.4,6110715,0.0,,,,,,
2019-10-14,126.57,128.56,126.31,128.38,2311717,0.0,123.38199999999999,,,,,
2019-10-15,127.99,131.68,127.65,131.03,2961641,0.0,125.99799999999998,,,,,
2019-10-16,131.0,132.81,130.11,130.19,2550185,0.0,128.14599999999996,,,,,
2019-10-17,130.97,132.86,130.18,132.09,3037517,0.0,130.01799999999997,,,,,
2019-10-18,130.15,132.03,129.99,130.67,3953936,0.0,130.47199999999995,,,,,
2019-10-21,131.95,133.45,131.5,132.25,3755362,0.0,131.24599999999995,,,,,
2019-10-22,132.59,134.26,130.94,133.69,4337777,0.0,131.77799999999996,,,,,
2019-10-23,134.23,135.99,130.7,135.35,9630676,0.0,132.81,,,,,
2019-10-24,135.09,135.29,132.3834,133.83,3418993,0.0,133.158,,,,,
2019-10-25,135.0,139.98,134.85,139.7,7898827,0.0,134.964,,,,,
2019-10-28,139.97,141.63,138.87,140.0702,5656168,0.0,136.52804,,87.21408335071766,,,
2019-10-29,139.38,141.45,138.7701,141.33,3839096,0.0,138.05604000000002,,87.77227117439165,,,
2019-10-30,141.0,141.0,139.61,140.35,3552924,0.0,139.05604000000002,,84.67545667150132,,,
2019-10-31,136.83,137.83,136.57,137.81,2112725,0.0,139.85204000000002,,77.08417017968159,,,
2019-11-01,139.37,144.61,139.23,144.47,5349111,0.0,140.80604000000002,,81.7134616969614,,,
2019-11-04,145.35,147.0,145.02,146.92,4658478,0.0,142.17600000000002,,83.06849810390764,,,
2019-11-05,146.86,148.0,145.665,146.37,3156067,0.0,143.18400000000003,,81.60657045676747,,,
2019-11-06,146.47,146.47,144.66,145.45,2859411,0.0,144.204,,79.09890379120311,,,
2019-11-07,147.39,148.405,146.7508,147.06,3318573,0.0,146.05400000000003,,80.24306441129201,,,
2019-11-08,146.66,148.18,145.8,148.18,2483952,0.0,146.79600000000005,,81.02138630606203,,,
2019-11-11,146.74,148.15,146.61,147.98,1921786,0.0,147.00800000000007,,80.41218867893986,,,
2019-11-12,148.11,148.4699,146.02,146.41,2550949,0.0,147.01600000000005,,75.60632963533465,7.318988940965227,,
2019-11-13,144.36,145.86,143.69,144.46,2819437,0.0,146.81800000000007,,70.00969478668473,6.830706443363312,,
2019-11-14,144.21,145.34,143.21,143.46,2254598,0.0,146.0980000000001,,67.26005315245806,6.290534042753677,,
2019-11-15,144.56,145.88,144.51,145.33,2435136,0.0,145.5280000000001,,69.65978571451367,5.944808839509591,,
2019-11-18,144.24,144.78,143.02,143.6,2142978,0.0,144.6520000000001,,64.91904526624764,5.468188707742769,,
2019-11-19,144.35,144.76,142.76,143.17,1755094,0.0,144.0040000000001,,63.75758872487633,4.99815084145547,,
2019-11-20,142.45,142.7,140.1018,141.52,3060148,0.0,143.4160000000001,,59.36838021998977,4.4413046403306,,
2019-11-21,141.55,143.94,140.95,143.34,2625296,0.0,143.3920000000001,,62.43989920686317,4.099601153519586,,
2019-11-22,143.92,144.46,143.03,143.88,1697391,0.0,143.1020000000001,,63.325743599838646,3.828242568086239,5.468947353080718,-1.6407047849944796
2019-11-25,144.75,146.57,143.8,146.42,2330898,0.0,143.66600000000008,,67.23959710391432,3.7746340744494375,5.130084697354462,-1.3554506229050247
2019-11-26,146.4,146.65,145.49,146.035,1604206,0.0,144.2390000000001,,66.08832054823806,3.658905094255914,4.835848776734752,-1.1769436824788384
2019-11-27,145.02,145.72,143.7,145.68,1759041,0.0,145.07100000000008,,64.98345442079892,3.498218228357814,4.568322667059364,-1.0701044387015504
2019-11-29,144.19,145.46,143.94,144.76,1082485,0.0,145.35500000000008,,62.086598034971026,3.259067912017599,4.3064717160510115,-1.0474038040334124
2019-12-02,145.02,146.04,142.84,143.02,2124160,0.0,145.18300000000008,,56.91857659942218,2.8957556366853225,4.024328500177874,-1.1285728634925514
2019-12-03,140.05,140.43,138.5604,140.07,3176168,0.0,143.91300000000007,,49.40938265572369,2.3427815675596264,3.6880191136542244,-1.345237546094598
2019-12-04,140.98,142.28,140.0,140.13,1974702,0.0,142.73200000000008,,49.555153280394386,1.8876277348536519,3.32794083789411,-1.4403131030404581
2019-12-05,140.58,141.12,139.53,141.12,1602544,0.0,141.82000000000008,,52.012125132856745,1.5884886609688635,2.9800504025090606,-1.391561741540197
2019-12-06,142.91,143.42,142.17,142.68,1922958,0.0,141.40400000000008,,55.67565540206514,1.4604624502503611,2.676132812057321,-1.2156703618069598
2019-12-09,142.97,143.28,142.37,142.82,1111324,0.0,141.3640000000001,,56.00029845794163,1.3546816589438606,2.411842581434629,-1.0571609224907683
2019-12-10,142.69,143.59,141.75,142.93,1458243,0.0,141.9360000000001,,56.271304919378856,1.2651419317499517,2.1825024514976934,-0.9173605197477417
2019-12-11,143.77,144.62,143.29,143.99,1916440,0.0,142.7080000000001,,58.89846092681902,1.2651305565210578,1.9990280725023664,-0.7338975159813086
2019-12-12,143.54,147.4,143.0,146.76,3223536,0.0,143.8360000000001,,64.84266697708549,1.471672863033831,1.8935570306086595,-0.4218841675748286
2019-12-13,146.8,148.3999,145.15,145.57,2634510,0.0,144.41400000000007,,60.77616542848433,1.5217937828027175,1.8192043810474712,-0.2974105982447537
2019-12-16,147.71,148.3,145.23,145.4,1799577,0.0,144.93000000000006,,60.19538772850973,1.5301586768347306,1.761395240204923,-0.2312365633701925
2019-12-17,145.5,146.99,145.46,146.36,2133876,0.0,145.61600000000007,,62.38156015330557,1.5958558596024375,1.728287364084426,-0.1324315044819886
2019-12-18,146.5,147.3,145.6,147.2,1757563,0.0,146.2580000000001,,64.23266222391409,1.6961501667896073,1.7218599246254624,-0.025709757835855163
2019-12-19,146.98,146.98,144.3,144.99,2677619,0.0,145.90400000000008,,56.37308699789739,1.5791026847648766,1.6933084766533455,-0.11420579188846891
2019-12-20,147.38,147.77,145.24,147.57,4609685,0.0,146.3040000000001,,62.18964453638658,1.6752153107025833,1.6896898434631933,-0.014474532760609948
2019-12-23,147.68,148.53,146.78,148.5,1646207,0.0,146.9240000000001,,64.0502542908265,1.8056144870275261,1.71287477217606,0.09273971485146615
2019-12-24,148.7,148.8,147.29,147.5,889752,0.0,147.1520000000001,,60.597234462009304,1.8074302008202778,1.7317858579049037,0.07564434291537414
2019-12-26,147.9,148.23,146.99,148.22,1181592,0.0,147.35600000000008,,62.17825305849792,1.8456911708764494,1.754566920499213,0.09112425037723648
2019-12-27,148.64,148.9299,147.99,148.28,1055456,0.0,148.01400000000007,,62.31395755688093,1.859420521537288,1.7755376407068282,0.08388288083045992
2019-12-30,148.42,148.47,147.01,147.55,1453686,0.0,148.01000000000008,,59.51599036711746,1.7907535396158778,1.7785808204886382,0.012172719127239606
2019-12-31,147.43,148.23,146.79,147.63,1462295,0.0,147.83600000000007,,59.729391776100265,1.7229289407929116,1.767450444549493,-0.04452150375658137
2020-01-02,149.0,150.55,147.977,150.54,2516690,0.0,148.44400000000007,,66.62171277571447,1.8822922443841037,1.7904188045164153,0.09187343986768837
2020-01-03,148.77,149.96,147.45,148.39,2420047,0.0,148.47800000000007,,58.63667788464649,1.8141889381448948,1.7951728312421114,0.019016106902783436
2020-01-06,147.27,148.56,146.5408,148.39,1702656,0.0,148.50000000000006,,58.63667788464649,1.7401571291182165,1.7841696908173326,-0.04401256169911605
2020-01-07,147.35,147.57,145.51,146.38,2323279,0.0,148.26600000000008,,51.893000695809164,1.5019822687227986,1.727732206398426,-0.22574993767562734
2020-01-08,146.83,148.57,146.4584,147.68,1723481,0.0,148.2760000000001,,55.46081057156413,1.401965130023001,1.662578791123341,-0.26061366110034
2020-01-09,147.81,147.969,146.51,147.32,1884429,0.0,147.63200000000012,,54.26069622186468,1.2789093646026117,1.5858449058191952,-0.3069355412165835
2020-01-10,147.45,147.72,145.83,146.16,1775446,0.0,147.1860000000001,,50.47088556396504,1.0753880741496005,1.4837535394852763,-0.40836546533567586
2020-01-13,146.53,146.83,145.55,146.8,2882319,0.0,146.8680000000001,,52.44440077185947,0.9547330679638719,1.3779494451809955,-0.4232163772171236
2020-01-14,147.45,147.98,146.31,146.64,2301546,0.0,146.9200000000001,,51.887766955033406,0.8365591107760508,1.2696713783000066,-0.4331122675239558
2020-01-15,146.22,146.74,145.2,145.61,2196950,0.0,146.50600000000009,,48.331436655947556,0.6522739977568222,1.1461919021913698,-0.49391790443454764
2020-01-16,146.43,147.93,146.24,147.89,2689302,0.0,146.62000000000006,,55.58783850220716,0.6823380944197197,1.0534211406370397,-0.37108304621732
2020-01-17,147.21,148.2742,146.6,147.76,2870950,0.0,146.94000000000008,,55.11257026228461,0.687746283036887,0.9802861691170092,-0.29253988608012216
2020-01-21,147.2,147.87,145.69,145.86,3922294,0.0,146.7520000000001,,48.57565833885613,0.5325789518049078,0.890744725654589,-0.3581657738496812
2020-01-22,146.25,146.56,142.52,142.6,6151948,0.0,145.9440000000001,,39.84339230983868,0.14488284953705488,0.7415723504310822,-0.5966895008940273
2020-01-23,141.81,143.21,139.8,142.75,5009857,0.0,145.3720000000001,,40.37451945404025,-0.14855293257636504,0.5635472938295927,-0.7121002264059577
2020-01-24,142.55,142.7,139.26,140.38,4334668,0.0,143.8700000000001,,35.10125476230262,-0.5658196800148119,0.33767389906071177,-0.9034935790755236
2020-01-27,136.9,137.8,135.57,135.71,2516924,0.0,141.4600000000001,,27.483905490511233,-1.2588255968965711,0.018373999869255198,-1.2771995967658263
2020-01-28,137.02,137.6,135.62,136.76,2232680,0.0,139.6400000000001,,31.10409843367394,-1.703672675970381,-0.3260353352986721,-1.377637340671709
2020-01-29,137.59,137.76,135.67,135.78,2280720,0.0,138.2760000000001,,29.617912270603853,-2.110961154720826,-0.683020499183103,-1.427940655537723
2020-01-30,134.76,135.97,132.91,135.37,3490933,0.0,136.8000000000001,,28.993743053667245,-2.4387118300413135,-1.034158765354745,-1.4045530646865685
2020-01-31,133.82,134.99,130.54,131.29,4883969,0.0,134.98200000000008,,23.652062511168737,-2.993175044836107,-1.4259620212510176,-1.5672130235850896
2020-02-03,131.44,133.16,129.3,129.77,3725630,0.0,133.79400000000007,,22.024115691108832,-3.514726850788321,-1.8437149871584784,-1.6710118636298428
2020-02-04,133.0,134.78,132.68,133.52,3037304,0.0,133.14600000000007,,34.07910087664321,-3.5841508941891504,-2.191802168564613,-1.3923487256245375
2020-02-05,135.55,137.47,135.44,137.39,3846614,0.0,133.46800000000007,,43.744802921734255,-3.288979977831559,-2.4112377304180024,-0.8777422474135568
2020-02-06,138.2,138.33,136.13,137.25,2059147,0.0,133.84400000000008,,43.49633820120223,-3.0314075507384928,-2.5352716944821005,-0.4961358562563922
2020-02-07,136.04,136.49,133.0,133.36,3115956,0.0,134.2580000000001,,37.17765589595444,-3.105373226939207,-2.649292000973522,-0.456081225965685
2020-02-10,133.04,134.33,132.78,134.3,1911808,0.0,135.16400000000007,,39.466075145631365,-3.052948919382061,-2.73002338465523,-0.32292553472683094
2020-02-11,135.49,137.23,135.06,136.195,2091401,0.0,135.69900000000007,,43.90247989894956,-2.8259162121007364,-2.7492019501443314,-0.07671426195640496
2020-02-12,138.4,139.94,138.09,139.63,2876265,0.0,136.14700000000008,,50.92361180475839,-2.3418203165145144,-2.6677256234183684,0.325905306903854
2020-02-13,140.0,140.5,138.43,139.73,2917748,0.0,136.6430000000001,,51.11543150031074,-1.9278782864510617,-2.519756156024907,0.5918778695738451
2020-02-14,139.49,139.6155,136.89,138.02,2462245,0.0,137.57500000000007,,47.68327211393779,-1.718004863621303,-2.3594058975441863,0.6414010339228833
2020-02-18,137.46,138.57,135.08,136.58,2302983,0.0,138.0310000000001,,44.9463590746453,-1.6488675111065731,-2.217298220256664,0.5684307091500909
2020-02-19,136.79,137.2099,136.06,136.84,1652936,0.0,138.16000000000008,,45.55401307676519,-1.5551688159898447,-2.0848723394033,0.5297035234134553
2020-02-20,136.26,138.89,136.2,136.95,2453656,0.0,137.62400000000008,,45.82644729495869,-1.455260507097904,-1.9589499729422208,0.5036894658443167
2020-02-21,136.5,137.44,135.11,137.29,2592905,0.0,137.13600000000008,,46.71397118248563,-1.3332780940675093,-1.8338155971672787,0.5005375030997694
2020-02-24,132.53,133.8595,132.05,132.14,4223482,0.0,135.9600000000001,,36.862689329511355,-1.6333399859204007,-1.7937204749179032,0.16038048899750246
2020-02-25,132.97,133.14,128.25,129.01,4062927,0.0,134.44600000000008,,32.39171939258824,-2.0995042603246077,-1.8548772319992444,-0.24462702832536332
2020-02-26,129.65,130.99,127.55,128.26,3397082,0.0,132.73000000000008,,31.40869074089035,-2.5006357657942715,-1.9840289387582501,-0.5166068270360213
2020-02-27,125.6,128.53,123.22,123.22,6187956,0.0,129.98400000000007,,25.75269775903483,-3.1884665946859343,-2.2249164699437873,-0.963550124742147
2020-02-28,119.57,124.24,119.03,124.24,7088545,0.0,127.37400000000007,,28.556678240002014,-3.6096620692342754,-2.501865589801885,-1.1077964794323902
2020-03-02,125.05,127.88,123.005,127.6,4881205,0.0,126.46600000000008,,36.99734832087694,-3.6304885855415705,-2.7275901889498226,-0.9028983965917479
2020-03-03,127.0,129.56,123.7824,124.45,5508988,0.0,125.55400000000009,,33.05456676996417,-3.856714618710612,-2.9534150749019807,-0.9032995438086311
2020-03-04,126.07,127.44,124.31,127.36,4279527,0.0,125.3740000000001,,39.47192252628796,-3.757869321407611,-3.1143059242031073,-0.6435633972045038
2020-03-05,123.15,124.85,121.24,121.94,3613785,0.0,125.11800000000008,,33.10635034738473,-4.069966375413429,-3.305438014445172,-0.7645283609682574
2020-03-06,119.0,121.85,118.83,121.41,4442848,0.0,124.55200000000006,,32.55349932962983,-4.310384678404716,-3.5064273472370813,-0.8039573311676351
2020-03-09,112.99,112.99,104.03,104.06,7820634,0.0,119.84400000000008,,20.49045887944243,-5.833670987832036,-3.9718760753560725,-1.8617949124759638
2020-03-10,108.64,109.06,99.11,106.49,7594855,0.0,116.25200000000007,,24.69918126986481,-6.766802187664467,-4.530861297817752,-2.2359408898467157
2020-03-11,103.8,104.745,100.07,100.69,5781675,0.0,110.91800000000005,,21.741046946708963,-7.883451393371757,-5.201379316928553,-2.6820720764432044
2020-03-12,93.5,94.28,87.5,92.26,9514905,0.0,104.98200000000006,,18.30879367216052,-9.340957735240764,-6.029295000590995,-3.3116627346497687
2020-03-13,98.39,99.91,90.14,99.635,7563450,0.0,100.62700000000007,,28.886045346835232,-9.78810990923796,-6.781057982320388,-3.0070519269175717
2020-03-16,89.0,105.85,88.5,93.4,8955856,0.0,98.49500000000006,,25.83991975128339,-10.524276314401149,-7.529701648736541,-2.994574665664608
2020-03-17,96.01,100.44,92.97,100.0401,6438309,0.0,97.20502000000006,,33.84137586368436,-10.451415505746652,-8.114044420138564,-2.3373710856080887
2020-03-18,93.99,102.9514,93.105,100.17,5771844,0.0,97.10102000000005,,33.99141979770229,-10.264863983231052,-8.544208332757062,-1.72065565047399
2020-03-19,99.23,104.4,97.25,103.01,6156222,0.0,99.25102000000007,,37.33747967555375,-9.775174169485425,-8.790401500102735,-0.9847726693826893
2020-03-20,103.12,103.99,94.16,95.49,7256033,0.0,98.42202000000006,,32.621979064072846,-9.880002102653549,-9.008321620612898,-0.8716804820406505
2020-03-23,93.9,96.244,90.64,91.86,5894086,0.0,98.11402000000007,,30.612189150794734,-10.139112282740783,-9.234479753038476,-0.9046325297023063
2020-03-24,96.06,102.03,95.17,101.17,6420727,0.0,98.34000000000006,,40.70249871047582,-9.48389533229357,-9.284362868889495,-0.1995324634040756
2020-03-25,101.17,108.5,98.501,104.4,5488163,0.0,99.18600000000006,,43.75824766955778,-8.60480632174611,-9.148451559460819,0.5436452377147081
2020-03-26,104.85,110.97,102.8927,110.6414,5109425,0.0,100.71228000000008,,49.205326155424686,-7.320111440869937,-8.782783535742643,1.4626720948727066
2020-03-27,104.43,109.64,103.4,105.44,5101163,0.0,102.70228000000006,,45.270354529490206,-6.645090534874413,-8.355244935568997,1.7101544006945844
2020-03-30,106.33,112.84,104.93,111.71,5114389,0.0,106.67228000000007,,50.41775167370866,-5.540329534053143,-7.792261855265826,2.251932321212683
2020-03-31,110.73,116.91,110.26,116.04,8094202,0.0,109.64628000000008,,53.65916167216399,-4.266225279460372,-7.087054540104735,2.8208292606443637
2020-04-01,112.09,116.75,109.5,111.34,6192521,0.0,111.03428000000008,,49.84968910600013,-3.594306273389563,-6.388504886761702,2.7941986133721386
2020-04-02,111.23,118.52,111.13,116.72,6178903,0.0,112.25000000000009,,53.885472348272344,-2.5977394592498797,-5.630351801259338,3.0326123420094584
2020-04-03,115.5,116.84,112.12,114.62,4244468,0.0,114.0860000000001,,52.122281500448054,-1.954870992795719,-4.8952556395666145,2.9403846467708954
2020-04-06,120.04,121.73,118.13,120.09,4568820,0.0,115.7620000000001,,56.14737470942741,-0.9925681089037681,-4.114718133434045,3.122150024530277
2020-04-07,122.89,128.8,120.51,121.93,7578953,0.0,116.9400000000001,,57.44343220919788,-0.08053515874451023,-3.3078815384961384,3.227346379751628
2020-04-08,122.99,128.17600000000002,121.04,127.42,3978747,0.0,120.15600000000009,,61.13434564986241,1.072887068972804,-2.43172781700235,3.5046148859751542
2020-04-09,128.65,129.5998,123.15,125.03,4222009,0.0,121.81800000000007,,58.745690166037704,1.7736835485920892,-1.5906455438834626,3.364329092475552
2020-04-13,119.95,120.05,113.58,114.17,9976634,0.0,121.72800000000007,,49.31645064311703,1.4362029152614184,-0.9852758520544864,2.4214787673159046
2020-04-14,116.5,117.84,114.51,116.46,6451034,0.0,121.00200000000007,,51.098870011358514,1.3381060895435297,-0.5205994637348832,1.858705553278413
2020-04-15,112.96,113.1,109.8,111.54,5137755,0.0,118.92400000000006,,47.2538846353731,0.8535218974335805,-0.24577519150119043,1.099297088934771
2020-04-16,111.85,113.47,108.86,113.22,4855280,0.0,116.08400000000009,,48.674082896313976,0.5981522666074426,-0.07698969987946383,0.6751419664869064
2020-04-17,114.45,116.54,113.85,116.3,3646840,0.0,114.33800000000008,,51.26484177249146,0.6369578006712118,0.06579980023067128,0.5711580004405405
2020-04-20,114.44,117.07,112.12,114.47,3082771,0.0,114.3980000000001,,49.66089527391521,0.5141193125369057,0.15546370269191817,0.3586556098449875
2020-04-21,111.04,111.04,108.6,109.86,5159807,0.0,113.07800000000009,,45.77547802520551,0.044270134511023684,0.1332249890557393,-0.0889548545447156
2020-04-22,112.03,112.1,109.2128,110.56,2910108,0.0,112.8820000000001,,46.46046063763021,-0.26850936547518245,0.052878118149554953,-0.3213874836247374
2020-04-23,111.33,115.23,110.95,112.8,2982541,0.0,112.79800000000009,,48.693965616691976,-0.3318151348036906,-0.02406053244109417,-0.30775460236259644
2020-04-24,113.99,114.38,111.21,114.04,2364908,0.0,112.34600000000009,,49.93896872811097,-0.27871492405192555,-0.07499141076326045,-0.20372351328866511
2020-04-27,110.85,116.13,109.73,115.24,4763810,0.0,112.50000000000009,,51.173776537903834,-0.13820946065322914,-0.08763502074125419,-0.05057443991197495
2020-04-28,117.86,118.0,113.37,115.51,5060149,0.0,113.63000000000008,,51.46386600354642,-0.005013334507196987,-0.07111068349444274,0.06609734898724576
2020-04-29,116.96,120.82,116.53,120.08,3499127,0.0,115.5340000000001,,56.20655900576936,0.4639581413565992,0.035903081475765646,0.42805505988083353
2020-04-30,118.0,118.25,115.33,116.21,2589402,0.0,116.21600000000012,,51.60766412126954,0.517380714852635,0.13219860815113954,0.3851821067014955
2020-05-01,114.0,114.59,110.57,110.94,3328981,0.0,115.59600000000015,,46.078617422330915,0.13294107055635607,0.13234710063218286,0.0005939699241732099
2020-05-04,110.02,110.28,106.58,107.69,3816145,0.0,114.08600000000015,,43.017771995644765,-0.42903233817213504,0.020071212871319286,-0.44910355104345434
2020-05-05,109.23,111.09,108.74,108.91,2916939,0.0,112.76600000000015,,44.5079357374954,-0.7671137001312474,-0.13736576972919404,-0.6297479304020533
2020-05-06,110.03,110.24,106.7,107.67,3400543,0.0,110.28400000000013,,43.26936275308844,-1.122167602519383,-0.33432613628723185,-0.7878414662321511
2020-05-07,109.02,110.0501,106.78,107.28,3658494,0.0,108.49800000000012,,42.8653287515426,-1.418666613193622,-0.5511942316685099,-0.8674723815251122
2020-05-08,108.97,112.2,108.3026,112.11,3115486,0.0,108.73200000000011,,49.19279616117251,-1.2495001216911703,-0.690855409673042,-0.5586447120181283
2020-05-11,110.16,110.77,108.1801,108.61,3331074,0.0,108.91600000000012,,45.279544067378346,-1.3819252337996204,-0.8290693744983577,-0.5528558593012627
2020-05-12,109.11,109.33,105.0,105.0,3014465,0.0,108.13400000000013,,41.60342753419623,-1.7579058745250222,-1.0148366745036907,-0.7430692000213315
2020-05-13,105.14,105.29,102.55,104.49,4330868,0.0,107.49800000000013,,41.09581483510957,-2.0731282468936456,-1.2264949889816816,-0.846633257911964
2020-05-14,102.48,106.23,100.22,106.17,4660641,0.0,107.27600000000014,,43.53964359205117,-2.162454854910166,-1.4136869621673787,-0.7487678927427874
2020-05-15,105.18,107.99,104.28,107.9,4032645,0.0,106.43400000000013,,46.023086444051664,-2.0697910309355336,-1.5449077759210097,-0.5248832550145239
2020-05-18,112.22,115.66,112.0061,115.02,4586739,0.0,107.71600000000012,,54.82924462754557,-1.4056265986940417,-1.5170515404756162,0.11142494178157447
2020-05-19,114.95,115.44,112.05,112.07,2599834,0.0,109.13000000000011,,51.108752252198144,-1.1045789483772808,-1.4345570220559491,0.3299780736786684
2020-05-20,113.31,117.48,113.05,115.72,3186087,0.0,111.37600000000012,,55.16274274970815,-0.5649595192302002,-1.2606375214907994,0.6956780022605993
2020-05-21,114.95,115.68,113.82,114.06,1899358,0.0,112.95400000000011,,53.00991815637447,-0.26816413150265817,-1.0621428434931712,0.7939787119905131
2020-05-22,114.13,114.16,111.47,112.46,2466873,0.0,113.86600000000013,,50.94610508171275,-0.1602114587075505,-0.8817565665360471,0.7215451078284966
2020-05-26,115.98,118.5623,115.98,117.41,3557673,0.0,114.34400000000012,,56.57844087333201,0.32106441266989805,-0.6411923706948581,0.9622567833647562
2020-05-27,119.72,122.4899,119.53,122.42,3947215,0.0,116.41400000000013,,61.40821795311297,1.0941316690178269,-0.2941275627523211,1.388259231770148
2020-05-28,124.75,124.83,120.28,120.81,3324861,0.0,117.4320000000001,,59.13198369820536,1.5589093579625768,0.07647982139065845,1.4824295365719182
2020-05-29,119.63,120.71,117.57,120.09,3242962,0.0,118.6380000000001,,58.09488600591776,1.8478501757060286,0.4307538922537325,1.4170962834522962
2020-06-01,119.86,121.2,117.61,120.48,1738770,0.0,120.2420000000001,,58.5192713621713,2.0842812987163626,0.7614593735462586,1.3228219251701039
2020-06-02,121.84,123.82,121.28,123.32,2410837,0.0,121.42400000000009,,61.57129263305032,2.472319571174978,1.1036314130720026,1.3686881581029755
2020-06-03,125.45,127.345,125.01,127.08,3146820,0.0,122.35600000000011,,65.219892879522,3.0481065986434146,1.492526450186285,1.5555801484571297
2020-06-04,125.41,129.03,124.74,128.99,2784380,0.0,123.9920000000001,,66.9371713263505,3.6168502059347247,1.917391201335973,1.6994590045987517
2020-06-05,137.85,139.37,133.39,135.04,5121570,0.0,126.98200000000008,,71.70317341184081,4.503850465710713,2.434683054210921,2.0691674114997918
2020-06-08,135.32,139.94,135.32,137.72,3395509,0.0,130.4300000000001,,73.52385137022642,5.361256931737913,3.0199978297163197,2.341259102021593
2020-06-09,135.02,135.41,133.2101,134.2,3216751,0.0,132.60600000000008,,67.39064514196627,5.6911194685770425,3.5542221574884643,2.1368973110885783
2020-06-10,133.72,135.38,130.555,132.44,3537789,0.0,133.67800000000008,,64.49375726694092,5.744303855347567,3.9922384970602853,1.752065358287282
2020-06-11,126.41,126.8448,121.52,121.58,5366249,0.0,132.19600000000008,,50.16432752131821,4.854185595918807,4.164627916831989,0.6895576790868176
2020-06-12,124.4,125.165,122.2,122.2,1126387,0.0,129.6280000000001,,50.83591980074364,4.150939830315977,4.161890299528787,-0.010950469212810177
2020-06-15,118.51,124.38,118.01,123.62,3464943,0.0,126.8080000000001,,52.417509683035846,3.665935998800194,4.062699439383069,-0.39676344058287505
2020-06-16,131.37,132.44,126.39,130.11,6091420,0.0,125.9900000000001,,58.921780383897975,3.7618909912160348,4.002537749749662,-0.24064675853362694
2020-06-17,130.16,130.47,127.76,128.24,2817004,0.0,125.15000000000009,,56.52423028905971,3.645025062297208,3.9310352122591707,-0.28601014996196295
2020-06-18,127.14,128.98,126.7001,127.6,2090161,0.0,126.35400000000008,,55.68904156267502,3.460870558873083,3.8370022815819533,-0.3761317227088705
2020-06-19,130.0,130.0,125.73,127.39,4726010,0.0,127.39200000000008,,55.39978577606333,3.2603977079410953,3.7216813668537823,-0.46128365891268697
2020-06-22,126.36,126.48,124.6,125.73,2439615,0.0,127.81400000000008,,53.05391944226694,2.933754902134666,3.564096073909959,-0.6303411717752931
2020-06-23,127.39,127.57,125.825,126.27,1791396,0.0,127.04600000000008,,53.74014953197081,2.687481992717835,3.3887732576715344,-0.7012912649536993
2020-06-24,124.79,124.84,121.83,122.13,3378552,0.0,125.82400000000007,,47.95284827287395,2.1336501463916306,3.1377486354155537,-1.004098489023923
2020-06-25,121.61,124.83,120.8,124.69,2492434,0.0,125.24200000000008,,51.435577840174496,1.879637729510506,2.886126454234544,-1.0064887247240382
2020-06-26,124.33,124.44,121.45,122.4,2231994,0.0,124.24400000000007,,48.32073245269174,1.4765267165180518,2.604206506691246,-1.127679790173194
2020-06-29,123.72,126.04,123.28,125.23,2166988,0.0,124.14400000000008,,52.17517763317301,1.369627470253107,2.3572906994036185,-0.9876632291505114
2020-06-30,124.01,127.06,124.01,126.37,2239251,0.0,124.16400000000007,,53.674077760910535,1.3612063802135879,2.1580738355656126,-0.7968674553520247
2020-07-01,129.38,129.4,125.88,126.05,2525739,0.0,124.94800000000006,,53.17032383156446,1.3135692711488502,1.98917292268226,-0.6756036515334098
2020-07-02,128.25,130.34,127.19,127.79,2279706,0.0,125.56800000000007,,55.60995085243883,1.4000807182217727,1.8713544817901626,-0.4712737635683899
2020-07-06,130.13,130.5,128.17,129.42,1970386,0.0,126.97200000000007,,57.826439870189944,1.581933496205167,1.8134702846731636,-0.23153678846799663
2020-07-07,127.74,128.75,126.8,127.19,1575584,0.0,127.36400000000008,,53.86384858066898,1.5284912738707277,1.7564744825126766,-0.22798320864194888
2020-07-08,129.33,129.33,126.47,128.16,1876710,0.0,127.72200000000007,,55.29875634539939,1.5465808002597612,1.7144957460620935,-0.16791494580233235
2020-07-09,127.54,128.35,125.115,125.76,2383934,0.0,127.66400000000007,,51.0667615019664,1.3516756622424992,1.6419317292981748,-0.2902560670556755
2020-07-10,125.97,128.23,125.82,127.99,2280825,0.0,127.7040000000001,,54.54745867602199,1.3614602331720818,1.5858374300729563,-0.22437719690087454
2020-07-13,129.42,132.0899,128.85,130.57,3361487,0.0,127.93400000000008,,58.24779519589488,1.5594229570266265,1.5805545354636905,-0.021131578437064036
2020-07-14,130.32,137.31,129.23,136.97,5397338,0.0,129.8900000000001,,65.70616703157589,2.207292065949403,1.7059020415608332,0.5013900243885698
2020-07-15,140.17,140.17,137.11,138.36,4610279,0.0,131.93000000000012,,67.08154958173608,2.800610688997736,1.9248437710482138,0.8757669179495222
2020-07-16,138.3,140.99,137.595,138.7,3194577,0.0,134.51800000000011,,67.42568672616105,3.2606681778362088,2.192008652405813,1.0686595254303959
2020-07-17,137.87,138.43,136.525,136.9,2111096,0.0,136.30000000000013,,63.63295165526105,3.4403637240448575,2.441679666733622,0.9986840573112357
2020-07-20,135.76,136.95,134.255,134.62,1950912,0.0,137.11000000000013,,59.09824945873728,3.360064066811816,2.625356546749261,0.734707520062555
2020-07-21,134.77,137.184,134.4301,135.91,2645176,0.0,136.8980000000001,,60.800362127815795,3.3617658844575544,2.77263841429092,0.5891274701666345
2020-07-22,135.25,137.87,135.19,136.98,1862316,0.0,136.62200000000013,,62.20529670029467,3.4101446203970056,2.9001396555121373,0.5100049648848684
2020-07-23,136.9,137.5238,136.18,136.79,762728,0.0,136.2400000000001,129.16253350000002,61.78185899904738,3.3940294463279486,2.9989176136752995,0.39511183265264904
