Date,Open,High,Low,Close,Volume,OpenInterest,5 day sma,200 day sma,rsi,macd,signal,histogram
2019-10-10,121.34,122.85,120.995,122.54,2084344,0.0,,,,,,
2019-10-11,123.97,125.41,123.24,124.42,1388575,0.0,,,,,,
2019-10-14,123.62,124.4,123.2,123.29,864411,0.0,,,,,,
2019-10-15,123.33,124.34,123.0,123.36,1600863,0.0,,,,,,
2019-10-16,123.37,124.925,123.01,123.66,1248692,0.0,123.454,,,,,
2019-10-17,123.92,124.75,122.78,123.96,1161783,0.0,123.73800000000001,,,,,
2019-10-18,124.43,125.0,122.7,123.89,1461287,0.0,123.63200000000002,,,,,
2019-10-21,124.3,125.215,123.93,124.06,495045,0.0,123.78600000000002,,,,,
2019-10-22,124.89,124.98,122.21,122.41,754635,0.0,123.596,,,,,
2019-10-23,122.1,123.26,121.75,123.07,573112,0.0,123.478,,,,,
2019-10-24,124.03,124.5116,122.94,124.44,617338,0.0,123.57399999999998,,,,,
2019-10-25,123.85,125.0575,123.54,124.84,626672,0.0,123.76399999999998,,,,,
2019-10-28,126.08,127.01,125.6538,125.99,703678,0.0,124.15,,,,,
2019-10-29,125.12,127.25,125.11,126.2,863553,0.0,124.90800000000002,,,,,
2019-10-30,126.15,127.51,124.91,127.39,927544,0.0,125.77200000000002,,72.98578199052133,,,
2019-10-31,131.5,132.35,127.42,127.92,1529760,0.0,126.46800000000003,,74.37227640589334,,,
2019-11-01,128.96,131.4,128.47,131.19,987614,0.0,127.73800000000003,,80.88940733951507,,,
2019-11-04,132.34,133.44,131.41,131.79,1103205,0.0,128.89800000000002,,81.80376505091877,,,
2019-11-05,131.99,136.31,131.59,135.81,1059973,0.0,130.82000000000002,,86.47345738278742,,,
2019-11-06,135.2,135.605,132.35,132.96,1111863,0.0,131.93400000000003,,72.30620065124627,,,
2019-11-07,132.81,134.04,132.41,132.9,841455,0.0,132.93000000000004,,72.03861711932446,,,
2019-11-08,132.48,134.1,132.0073,133.51,630198,0.0,133.39400000000006,,73.12743737472289,,,
2019-11-11,132.98,134.53,132.6,134.11,786967,0.0,133.85800000000006,,74.1919688763064,,,
2019-11-12,133.77,134.45,132.25,133.86,855200,0.0,133.46800000000007,,72.89619935216467,,,
2019-11-13,133.25,135.57,133.125,135.5,759300,0.0,133.97600000000006,,75.87307907918046,,,
2019-11-14,134.81,135.2528,132.5501,132.82,967773,0.0,133.96000000000006,,63.583164551203396,4.182848805973322,,
2019-11-15,134.19,136.63,133.4,136.55,901099,0.0,134.56800000000007,,70.69737096495636,4.2278586981948365,,
2019-11-18,136.1,137.9,135.71,137.64,504671,0.0,135.27400000000006,,72.3945271015363,4.301893699813462,,
2019-11-19,138.78,138.88,137.55,137.79,511307,0.0,136.06000000000006,,72.62946224475765,4.322839713049518,,
2019-11-20,137.35,138.79,136.7,137.72,436486,0.0,136.50400000000008,,72.32014541513576,4.28440323096325,,
2019-11-21,137.6,137.81,136.35,137.59,529596,0.0,137.45800000000008,,71.7093489754051,4.195093699631144,,
2019-11-22,137.79,137.84,136.18,136.45,540831,0.0,137.4380000000001,,66.41232348058669,3.986374338050382,,
2019-11-25,137.04,138.49,136.36,138.02,471300,0.0,137.5140000000001,,69.72872070517141,3.9026611705662617,,
2019-11-26,137.92,138.38,136.81,136.98,543243,0.0,137.35200000000012,,65.14038414178874,3.709636196946917,4.123734394798788,-0.41409819785187096
2019-11-27,137.25,137.25,133.98,136.45,654418,0.0,137.0980000000001,,62.86992482664003,3.473851545855439,3.9937578250101184,-0.5199062791546796
2019-11-29,136.04,136.88,134.84,135.09,381142,0.0,136.5980000000001,,57.346388628964,3.141041901315333,3.8232146402711615,-0.6821727389558285
2019-12-02,134.68,135.41,133.24,134.08,988028,0.0,136.1240000000001,,53.58146641862446,2.763928454438428,3.6113574031046154,-0.8474289486661872
2019-12-03,132.27,133.42,130.82,133.11,726051,0.0,135.1420000000001,,50.174498691375014,2.3595925236438404,3.361004427212461,-1.0014119035686204
2019-12-04,134.47,135.91,134.29,135.33,524420,0.0,134.81200000000013,,56.92511567763768,2.193009187281774,3.1274053792263237,-0.9343961919445496
2019-12-05,135.5,135.84,134.275,134.44,393583,0.0,134.41000000000014,,53.779331621801774,1.9665064686244875,2.8952255971059566,-0.9287191284814691
2019-12-06,135.32,136.89,135.05,136.67,602585,0.0,134.7260000000001,,59.77719871841873,1.9445284814300976,2.705086173970785,-0.7605576925406874
2019-12-09,136.37,136.59,134.2,134.34,533451,0.0,134.7780000000001,,52.16093878723347,1.7192804460905506,2.5079250283947383,-0.7886445823041877
2019-12-10,134.16,135.82,134.0,135.75,471083,0.0,135.3060000000001,,55.828646981542846,1.6356897580485565,2.3334779743255023,-0.6977882162769458
2019-12-11,135.74,135.96,134.99,135.63,464517,0.0,135.3660000000001,,55.43908639724531,1.5419854895478693,2.175179477369976,-0.6331939878221067
2019-12-12,135.88,137.65,135.26,136.76,438189,0.0,135.8300000000001,,58.383921242576754,1.541140430300345,2.04837166795605,-0.5072312376557049
2019-12-13,136.75,137.88,135.9287,137.73,392641,0.0,136.04200000000012,,60.779954928962916,1.6002944103166499,1.9587562164281702,-0.35846180611152034
2019-12-16,139.07,141.75,139.07,140.69,1128853,0.0,137.3120000000001,,67.01999211984207,1.864528503944058,1.9399106739313479,-0.07538216998728986
2019-12-17,140.14,141.11,138.46,139.33,866649,0.0,138.0280000000001,,62.12891260844529,1.941811300900639,1.940290799325206,0.001520501575432931
2019-12-18,139.36,140.91,139.24,140.62,655723,0.0,139.02600000000012,,64.7562618292505,2.083137579987408,1.9688601554576466,0.11427742452976153
2019-12-19,140.76,142.41,140.23,142.27,733482,0.0,140.1280000000001,,67.83047250323219,2.301747769243576,2.0354376782148327,0.2663100910287435
2019-12-20,143.38,144.21,141.725,143.93,1386857,0.0,141.3680000000001,,70.60818266193422,2.5792144671594315,2.1441930360037524,0.43502143115567904
2019-12-23,144.0,144.17,141.96,142.82,666162,0.0,141.7940000000001,,66.47486052550899,2.678663139690002,2.2510870567410026,0.4275760829489994
2019-12-24,143.07,143.45,142.55,142.97,164870,0.0,142.5220000000001,,66.75805424685797,2.7380185026163417,2.3484733459160703,0.38954515670027146
2019-12-26,143.06,144.73,143.0,144.64,372535,0.0,143.32600000000008,,69.8151685547422,2.886538875249613,2.4560864517827787,0.4304524234668343
2019-12-27,144.78,144.95,143.52,143.98,306957,0.0,143.6680000000001,,67.18543048710785,2.9173563879936353,2.54834043902495,0.36901594896868506
2019-12-30,143.87,143.9,142.1,142.78,401070,0.0,143.4380000000001,,62.57060729694265,2.812528440565245,2.6011780393330093,0.2113504012322358
2019-12-31,142.21,143.155,141.94,142.79,354538,0.0,143.4320000000001,,62.59366566412868,2.69914439696106,2.6207713108586193,0.07837308610244076
2020-01-02,144.49,144.49,141.775,143.86,780518,0.0,143.6100000000001,,65.07305554611196,2.664907389613518,2.629598526609599,0.03530886300391867
2020-01-03,141.99,143.44,141.81,142.1,728694,0.0,143.10200000000012,,58.235497350914166,2.4673153480778183,2.5971418909032433,-0.12982654282542505
2020-01-06,141.0,141.65,140.295,141.05,769866,0.0,142.51600000000013,,54.552703347294496,2.2006285309421116,2.5178392189110173,-0.3172106879689056
2020-01-07,141.19,141.78,140.655,140.92,652123,0.0,142.14400000000012,,54.09656345877267,1.956237109756671,2.405518797080148,-0.44928168732347684
2020-01-08,141.01,141.84,140.32,140.71,808745,0.0,141.72800000000012,,53.3209589018333,1.7257169124204097,2.2695584201482006,-0.5438415077277909
2020-01-09,141.28,143.0,141.05,141.9786,641505,0.0,141.35172000000014,,57.303439442385304,1.6266424910040485,2.14097523431937,-0.5143327433153217
2020-01-10,142.42,143.93,141.23,142.36,577790,0.0,141.40372000000013,,58.451147511994996,1.5609079159227974,2.0249617706400556,-0.46405385471725813
2020-01-13,142.76,143.72,141.86,143.4,1109066,0.0,141.87372000000013,,61.49090664121744,1.5745813067745473,1.934885677866954,-0.36030437109240676
2020-01-14,143.35,145.06,142.795,143.95,731499,0.0,142.47972000000016,,63.03128880644998,1.6112247747435902,1.8701534972422815,-0.25892872249869137
2020-01-15,143.89,145.4,143.44,144.6,562283,0.0,143.25772000000015,,64.82218101919527,1.67342436047727,1.8308076698892795,-0.1573833094120094
2020-01-16,145.48,146.09,143.58,144.2,695170,0.0,143.70200000000017,,62.80582875887268,1.671177034650583,1.7988815428415401,-0.12770450819095713
2020-01-17,140.89,141.62,136.08,136.87,2176876,0.0,142.60400000000016,,38.91645701117128,1.0656422120268303,1.6522336766785983,-0.586591464651768
2020-01-21,136.14,138.12,135.83,135.99,2629147,0.0,141.12200000000016,,37.092341211701715,0.5088768414580898,1.4235623096344967,-0.914685468176407
2020-01-22,137.18,138.25,136.35,136.53,1947610,0.0,139.63800000000015,,38.98237758562033,0.10994241333204968,1.1608383303740073,-1.0508959170419576
2020-01-23,136.58,138.85,135.47,138.73,1767132,0.0,138.46400000000014,,46.08891889952853,-0.028367379796122805,0.9229971883399813,-0.9513645681361041
2020-01-24,139.04,139.5,137.15,137.92,1329829,0.0,137.20800000000014,,44.05450035694168,-0.20102186296156788,0.6981933780796715,-0.8992152410412394
2020-01-27,135.48,136.05,133.76,133.87,691217,0.0,136.60800000000012,,35.594327065042876,-0.6570785450659855,0.4271389934505402,-1.0842175385165258
2020-01-28,134.66,135.73,133.91,135.45,958383,0.0,136.50000000000014,,40.402742690088374,-0.8808599507595432,0.1655392046085235,-1.0463991553680667
2020-01-29,135.9,136.47,134.34,134.83,657833,0.0,136.16000000000014,,39.167029179782546,-1.0956076623341744,-0.08669016878001606,-1.0089174935541583
2020-01-30,133.24,134.715,132.7307,133.87,824930,0.0,135.18800000000016,,37.266436547915006,-1.3279529330854132,-0.3349427216410955,-0.9930102114443177
2020-01-31,133.39,133.72,129.92,130.43,902623,0.0,133.69000000000017,,31.388659923367797,-1.7692724137812945,-0.6218086600691353,-1.1474637537121593
2020-02-03,130.74,133.76,130.54,132.93,1155083,0.0,133.50200000000015,,38.92754059647895,-1.895442691662339,-0.876535466387776,-1.018907225274563
2020-02-04,134.47,136.2406,133.9926,136.15,906899,0.0,133.64200000000014,,47.00454208566766,-1.715827465595794,-1.0443938662293797,-0.6714335993664142
2020-02-05,137.22,137.4896,134.89,136.03,1008994,0.0,133.88200000000012,,46.756368483845144,-1.5651223458502557,-1.148539562153555,-0.41658278369670065
2020-02-06,134.51,138.45,133.68,134.63,1084817,0.0,134.03400000000013,,43.847701111332974,-1.5408932936752535,-1.2270103084578947,-0.3138829852173588
2020-02-07,134.41,134.49,131.17,132.65,1065982,0.0,134.47800000000012,,40.05273979049885,-1.6622990984535306,-1.314068066457022,-0.34823103199650873
2020-02-10,132.66,134.07,132.5,133.99,781691,0.0,134.6900000000001,,43.60977869774136,-1.6315794401065205,-1.3775703411869218,-0.25400909891959866
2020-02-11,134.31,136.18,133.33,135.98,1026242,0.0,134.65600000000012,,48.497233928113374,-1.4301713950756323,-1.388090551964664,-0.04208084311096827
2020-02-12,136.0,137.56,135.69,136.6,775822,0.0,134.77000000000012,,49.952637657442125,-1.206616130221505,-1.3517956676160323,0.14517953739452727
2020-02-13,135.3,137.31,134.8853,137.3,743370,0.0,135.30400000000012,,51.615107379668004,-0.9618749269286866,-1.273811519478563,0.3119365925498765
2020-02-14,137.94,138.96,137.055,138.33,1012012,0.0,136.4400000000001,,54.03461672853579,-0.6769993411359678,-1.154449083810044,0.47744974267407625
2020-02-18,137.47,137.655,133.33,134.87,794870,0.0,136.61600000000013,,45.75710798609627,-0.7221025221686261,-1.0679797714817605,0.34587724931313435
2020-02-19,135.27,137.36,135.08,136.64,595184,0.0,136.7480000000001,,49.97859367424679,-0.6080141024971226,-0.975986637684833,0.36797253518771034
2020-02-20,136.53,138.44,135.76,138.23,587755,0.0,137.07400000000013,,53.480961510253024,-0.38486204603088936,-0.8577617193540443,0.47289967332315497
2020-02-21,137.37,138.3,133.145,133.89,731781,0.0,136.3920000000001,,44.35243615241997,-0.5518527477051407,-0.7965799250242636,0.24472717731912286
2020-02-24,131.39,132.87,128.36,129.54,1218480,0.0,134.63400000000007,,37.45221327987576,-1.0234055453393296,-0.8419450490872769,-0.18146049625205274
2020-02-25,130.34,131.07,124.75,125.16,1117637,0.0,132.69200000000006,,32.046044423708054,-1.730594711060263,-1.0196749814818742,-0.7109197295783889
2020-02-26,125.79,129.17,124.68,124.81,914314,0.0,130.32600000000008,,31.652853393432878,-2.29285864761016,-1.2743117147075314,-1.0185469329026287
2020-02-27,121.74,121.98,116.04,116.04,1759567,0.0,125.88800000000008,,23.77965829349442,-3.4068505221422924,-1.7008194761944837,-1.7060310459478087
2020-02-28,113.29,117.87,110.92,114.35,2515211,0.0,121.98000000000009,,22.612426495912004,-4.375626486267009,-2.235780878208989,-2.13984560805802
2020-03-02,115.36,119.97,113.125,119.95,1870104,0.0,120.0620000000001,,34.1472605816797,-4.638050657746277,-2.716234834116447,-1.9218158236298297
2020-03-03,118.15,120.91,113.87,115.62,1314659,0.0,118.15400000000011,,30.37701398616639,-5.136211468361125,-3.2002301609653827,-1.9359813073957426
2020-03-04,117.81,119.26,115.94,119.16,1095358,0.0,117.02400000000011,,36.54547124617955,-5.185582912935587,-3.5973007113594235,-1.5882822015761633
2020-03-05,115.99,116.77,111.68,113.8,1441896,0.0,116.5760000000001,,31.932293040702902,-5.592747629762485,-3.996390095040036,-1.5963575347224488
2020-03-06,108.96,112.01,108.32,111.64,1376661,0.0,116.0340000000001,,30.273823192595472,-6.020324001866044,-4.401176876405238,-1.619147125460806
2020-03-09,102.15,105.52,98.19,98.22,4802418,0.0,111.6880000000001,,22.46657758571068,-7.357253364603949,-4.99239217404498,-2.364861190558969
2020-03-10,102.18,104.07,99.075,104.07,1601060,0.0,109.37800000000009,,30.83949420160468,-7.8541951346737875,-5.564752766170741,-2.289442368503046
2020-03-11,100.37,104.64,100.37,102.87,2587212,0.0,106.12000000000009,,30.12092890993962,-8.249756975786369,-6.101753608093867,-2.1480033676925014
2020-03-12,96.01,101.38,91.25,91.73,2433414,0.0,101.7060000000001,,24.430128343208352,-9.354316743315735,-6.752266235138241,-2.602050508177494
2020-03-13,96.52,101.38,92.51,101.3,1868580,0.0,99.6380000000001,,35.673715758452246,-9.349691868949108,-7.271751361900415,-2.0779405070486936
2020-03-16,88.06,91.58,85.01,86.97,2295476,0.0,97.3880000000001,,28.770870289302223,-10.38265309992741,-7.893931709505814,-2.4887213904215955
2020-03-17,88.68,89.47,84.36,87.25,3640516,0.0,94.0240000000001,,29.059718204383955,-11.051296194284461,-8.525404606461544,-2.525891587822917
2020-03-18,80.99,88.58,75.2,84.22,1754708,0.0,90.2940000000001,,27.748369047220947,-11.690930570840152,-9.158509799337265,-2.5324207715028866
2020-03-19,84.07,89.45,78.7628,88.26,1724477,0.0,89.6000000000001,,32.145116037878495,-11.736559434855693,-9.674119726440951,-2.0624397084147414
2020-03-20,89.66,91.03,79.33,79.55,1661160,0.0,85.25000000000009,,28.16564784108688,-12.333373394584612,-10.205970460069684,-2.1274029345149277
2020-03-23,78.38,87.0,73.39,85.6,2030888,0.0,84.97600000000007,,34.25401942766433,-12.177790332895498,-10.600334434634847,-1.5774558982606504
2020-03-24,90.24,95.475,88.8,93.93,1543823,0.0,86.31200000000008,,41.59408760649466,-11.25261510982969,-10.730790569673816,-0.5218245401558743
2020-03-25,92.66,96.79,90.41,91.82,1475446,0.0,87.83200000000006,,40.36479361090034,-10.567846885378373,-10.698201832814728,0.13035494743635567
2020-03-26,91.5,101.9,90.01,100.81,1364765,0.0,90.34200000000006,,47.4861098098951,-9.193765263538978,-10.397314518959579,1.2035492554206009
2020-03-27,95.86,97.8,92.52,93.57,1124157,0.0,93.14600000000004,,43.029660040483705,-8.58998319214301,-10.035848253596265,1.4458650614532562
2020-03-30,92.01,97.75,91.82,96.92,781620,0.0,95.41000000000004,,45.574809582495334,-7.751806547121731,-9.57903991230136,1.8272333651796284
2020-03-31,96.44,98.41,92.46,93.26,1266482,0.0,95.27600000000004,,43.298863583279406,-7.298741579687729,-9.122980245778635,1.8242386660909062
2020-04-01,89.32,92.6701,88.01,88.83,1385964,0.0,94.67800000000003,,40.6526020515717,-7.213989920533592,-8.741182180729627,1.5271922601960348
2020-04-02,86.63,89.29,85.78,87.92,2549986,0.0,92.10000000000004,,40.110308281932355,-7.137970929224409,-8.420539930428584,1.282569001204175
2020-04-03,87.44,89.77,85.88,86.89,890656,0.0,90.76400000000004,,39.46854058999441,-7.079232734560804,-8.152278491255029,1.0730457566942242
2020-04-06,92.64,96.29,91.3,95.71,1009746,0.0,90.52200000000003,,47.251550637142685,-6.248948020968967,-7.771612397197817,1.5226643762288496
2020-04-07,101.52,102.96,98.51,98.63,1004753,0.0,91.59600000000005,,49.56366298940445,-5.294292498685124,-7.276148417495279,1.9818559188101554
2020-04-08,100.05,103.29,98.7,102.27,857347,0.0,94.28400000000005,,52.36660424213225,-4.195638827395101,-6.660046499475244,2.464407672080143
2020-04-09,104.2,107.805,103.28,106.21,1181834,0.0,97.94200000000004,,55.264622300874,-2.972754739320081,-5.922588147444212,2.949833408124131
2020-04-13,105.91,107.0,101.58,103.88,720201,0.0,101.34000000000003,,53.203178471719276,-2.166646069297542,-5.171399731814878,3.004753662517336
2020-04-14,104.66,107.24,104.66,106.71,1692334,0.0,103.54000000000003,,55.38022099538869,-1.2846333384331956,-4.394046453138542,3.1094131147053465
2020-04-15,102.43,105.35,102.42,103.75,1210138,0.0,104.56400000000004,,52.62273128774321,-0.8150833830444952,-3.678253839119733,2.863170456075238
2020-04-16,103.83,105.69,101.1,104.2,2400490,0.0,104.95000000000005,,53.00582824405851,-0.4020162284460014,-3.023006316984987,2.6209900885389854
2020-04-17,106.14,109.03,105.64,108.85,3169518,0.0,105.47800000000004,,56.88543586583901,0.2971334365920768,-2.3589783662695742,2.656111802861651
2020-04-20,106.47,107.11,104.51,105.66,2279047,0.0,105.83400000000003,,53.61537692181888,0.5870411976721357,-1.7697744534812323,2.3568156511533678
2020-04-21,102.7,103.75,98.12,98.85,3402556,0.0,104.26200000000003,,47.35676999386937,0.26423911649359866,-1.3629717394862662,1.6272108559798648
2020-04-22,100.9,102.84,99.36,102.09,2321672,0.0,103.93000000000004,,50.327653167199834,0.26678176951334365,-1.0370210376863442,1.3038028071996879
2020-04-23,102.51,104.34,100.7,100.86,1438196,0.0,103.26200000000003,,49.192673052846,0.16761397037480208,-0.796094036074115,0.9637080064489171
2020-04-24,103.05,105.71,102.335,104.77,2565333,0.0,102.44600000000003,,52.83405661885214,0.3999171024414778,-0.5568918083709965,0.9568089108124743
2020-04-27,104.77,107.04,104.6,106.31,1008696,0.0,102.57600000000005,,54.22558332791672,0.7002125238334145,-0.3054709419301143,1.0056834657635287
2020-04-28,108.62,109.06,106.18,107.12,787562,0.0,104.23000000000005,,54.97796315347598,0.9921224690967989,-0.04595225972473169,1.0380747288215306
2020-04-29,109.17,112.14,108.43,111.25,1477116,0.0,106.06200000000004,,58.70498286789328,1.5389792926610255,0.2710340507524198,1.2679452419086057
2020-04-30,110.93,111.19,108.95,110.85,981384,0.0,108.06000000000003,,58.20244085821321,1.9179813134858676,0.6004235032991094,1.3175578101867582
2020-05-01,108.22,108.69,106.18,106.83,1409468,0.0,108.47200000000005,,53.267203457427456,1.8723791211009342,0.8548146268594745,1.0175644942414597
2020-05-04,106.22,108.34,104.46,108.12,580344,0.0,108.83400000000006,,54.59763837441176,1.9182192367981798,1.0674955488472158,0.8507236879509641
2020-05-05,107.83,111.005,107.63,110.16,1396574,0.0,109.44200000000005,,56.69712787394185,2.0950088518111585,1.2729982094400043,0.8220106423711542
2020-05-06,110.61,111.3,104.66,106.77,1064543,0.0,108.54600000000005,,52.36380845455937,1.9392171387664945,1.4062419953053025,0.532975143461192
2020-05-07,106.47,108.89,104.97,106.6716,1611754,0.0,107.71032000000005,,52.23900270162443,1.7872091910674897,1.4824354344577402,0.3047737566097495
2020-05-08,108.05,109.83,107.54,108.5,497649,0.0,108.04432000000004,,54.4132207026278,1.7936028594962892,1.5446689194654502,0.24893394003083902
2020-05-11,106.97,107.31,104.97,104.98,628163,0.0,107.41632000000004,,49.7205334225119,1.4973745044533615,1.5352100364630326,-0.03783553200967105
2020-05-12,105.38,106.32,101.96,101.98,1298422,0.0,105.78032000000005,,46.073562893411825,1.0089064256652733,1.429949314303481,-0.4210428886382076
2020-05-13,100.99,102.77,96.5,97.99,872726,0.0,104.02432000000006,,41.69331010487689,0.29641540751889295,1.2032425329465635,-0.9068271254276705
2020-05-14,95.27,99.825,93.75,99.79,1013937,0.0,102.64800000000005,,44.267497809169186,-0.1215922609151221,0.9382755741742264,-1.0598678350893485
2020-05-15,98.01,98.81,96.91,97.81,1100761,0.0,100.51000000000003,,42.06738615656746,-0.6056541975979854,0.629489619819784,-1.2351438174177694
2020-05-18,102.48,107.14,101.49,106.45,3071714,0.0,100.80400000000004,,53.036129287022774,-0.28877219132276366,0.44583725759127446,-0.7346094489140381
2020-05-19,106.36,108.51,105.11,106.06,816502,0.0,101.62000000000003,,52.55244473781259,-0.0683230731148683,0.34300519145004593,-0.4113282645649142
2020-05-20,105.83,109.39,105.83,109.28,1553226,0.0,103.87800000000001,,56.111366198381596,0.3620381798755403,0.3468117891351448,0.015226390740395501
2020-05-21,108.44,109.9602,107.01,107.2,872336,0.0,105.36000000000004,,53.328720736879724,0.529164082590242,0.38328224782616427,0.14588183476407768
2020-05-22,106.23,106.7,105.41,105.82,1042500,0.0,106.96200000000003,,51.50378890212064,0.543987350157721,0.41542326829247567,0.12856408186524537
2020-05-26,108.56,110.52,107.97,108.01,772393,0.0,107.27400000000003,,54.183320042812156,0.7241025899879787,0.4771591326315763,0.24694345735640244
2020-05-27,109.61,110.38,107.11,110.3,726889,0.0,108.12200000000003,,56.86703486265071,1.0396446999406095,0.589656246093383,0.4499884538472265
2020-05-28,110.0,111.66,108.39299999999999,109.65,548187,0.0,108.19600000000003,,55.86673864696552,1.223164647055171,0.7163579262857406,0.5068067207694303
2020-05-29,110.42,111.5,108.34,110.92,1745682,0.0,108.94000000000001,,57.441900952717674,1.4543194244576796,0.8639502259201284,0.5903691985375512
2020-06-01,110.26,113.2,109.58,111.91,1059594,0.0,110.15799999999999,,58.679945664141115,1.6978245130270864,1.03072508334152,0.6670994296855663
2020-06-02,111.97,113.645,111.6,113.27,1128674,0.0,111.21,,60.38486428301924,1.9777464540654819,1.2201293574863126,0.7576170965791693
2020-06-03,113.51,115.75,113.51,115.06,994230,0.0,112.16199999999999,,62.57372525164743,2.317312117795666,1.4395659095481832,0.8777462082474827
2020-06-04,114.4,117.0,114.01,116.75,1855122,0.0,113.582,,64.56446453164679,2.691760291740465,1.6900047859866398,1.0017555057538252
2020-06-05,119.34,126.0,119.3167,125.44,1830901,0.0,116.48599999999999,,72.62709032894944,3.647675410452294,2.081538910879771,1.566136499572523
2020-06-08,126.4,129.23,125.35,128.34,1493994,0.0,119.772,,74.69621164676067,4.58638183781396,2.582507496266609,2.003874341547351
2020-06-09,126.57,127.14,124.295,124.46,2269366,0.0,122.01000000000002,,67.35979239297396,4.9600534622390455,3.0580166894610965,1.902036772777949
2020-06-10,124.11,124.52,121.48,121.66,1557104,0.0,123.33000000000001,,62.58283070981248,4.972929481805821,3.4409992479300415,1.5319302338757792
2020-06-11,120.24,120.6,110.53,110.54,805420,0.0,122.08800000000001,,48.01848675659424,4.0392804432122205,3.5606554869864775,0.47862495622574297
2020-06-12,113.9,116.02,113.0199,113.0199,353946,0.0,119.60398,,50.77004810278069,3.4595841258729223,3.5404412147637667,-0.08085708889084442
2020-06-15,111.0,114.075,108.64,113.95,1488169,0.0,116.72598,,51.80055866011131,3.040176650739596,3.440388301958933,-0.4002116512193368
2020-06-16,118.04,120.65,115.85,119.37,1090818,0.0,115.70797999999999,,57.3970636212034,3.109299835170887,3.374170608601324,-0.26487077343043675
2020-06-17,119.99,120.43,116.64,117.15,1127134,0.0,114.80598,,54.60059080611757,2.950928542800284,3.289522195441116,-0.33859365264083197
2020-06-18,116.54,117.56,115.64,117.25,496556,0.0,116.14798,,54.707638570104834,2.801196863104778,3.1918571289738487,-0.39066026586907077
2020-06-19,117.86,121.0,116.33,116.97,1692289,0.0,116.93800000000002,,54.32141286841228,2.6296270643336044,3.0794111160458,-0.4497840517121956
2020-06-22,115.99,116.58,114.64,116.15,579965,0.0,117.378,,53.138259534428734,2.399825916415068,2.943494076119654,-0.5436681597045858
2020-06-23,117.99,117.99,115.52,115.95,820989,0.0,116.694,,52.83598565840446,2.1764794225596376,2.790091145407651,-0.6136117228480136
2020-06-24,114.79,114.84,110.39,111.53,737584,0.0,115.57000000000001,,46.53574783235605,1.6240970764044107,2.556892331607003,-0.9327952552025924
2020-06-25,111.7,112.7799,109.7,112.37,624798,0.0,114.59400000000001,,47.8094294327818,1.2398192031898674,2.293477705923576,-1.0536585027337084
2020-06-26,112.8,112.8,108.16,108.49,1272210,0.0,112.898,,42.74406889502696,0.6151021321164762,1.957802591162156,-1.3427004590456797
2020-06-29,112.65,115.165,111.5,114.0,1786241,0.0,112.468,,50.72775904371601,0.5581858840434109,1.677879249738407,-1.1196933656949961
2020-06-30,113.6,116.895,112.5,116.17,770226,0.0,112.51199999999999,,53.478978609826136,0.6803377024016299,1.4783709402710516,-0.7980332378694217
2020-07-01,116.03,117.91,115.16,115.54,734405,0.0,113.314,,52.561374917155035,0.718031147526716,1.3263029817221847,-0.6082718341954687
2020-07-02,116.78,118.7574,116.5,117.1,677520,0.0,114.25999999999999,,54.636970927391175,0.8638248022825223,1.2338073458342522,-0.3699825435517299
2020-07-06,119.75,120.0,117.2,117.48,564305,0.0,116.05799999999999,,55.15172543074177,0.9985198331905423,1.1867498433055104,-0.1882300101149681
2020-07-07,116.87,118.03,113.71,114.14,686141,0.0,116.08599999999998,,49.80243431747855,0.826232238224577,1.1146463222893237,-0.28841408406474667
2020-07-08,114.22,114.96,112.3,113.39,728458,0.0,115.53,,48.6610854776766,0.6220042679438507,1.0161179114202292,-0.39411364347637856
2020-07-09,113.62,114.005,110.19,112.52,559049,0.0,114.926,,47.30672768518961,0.38550652179290523,0.8899956334947645,-0.5044891117018593
2020-07-10,111.81,114.24,111.29,113.86,488396,0.0,114.27799999999999,,49.63201398727722,0.3027176150160358,0.7725400297990188,-0.46982241478298303
2020-07-13,115.11,115.12,112.46,112.66,651840,0.0,113.314,,47.60599262743301,0.138678242298937,0.6457676722990024,-0.5070894300000655
2020-07-14,111.26,114.56,110.98,114.41,502968,0.0,113.36799999999998,,50.762587380404504,0.1481781270100555,0.5462497632412131,-0.3980716362311576
2020-07-15,115.74,118.27,114.92,117.7,539872,0.0,114.22999999999999,,56.11550820123082,0.4163825594531403,0.5202763224835986,-0.10389376303045827
2020-07-16,117.12,117.41,116.12799999999999,116.73,426764,0.0,115.072,,54.24309965446165,0.5443902195216168,0.5250991018912022,0.019291117630414578
2020-07-17,117.16,119.62,116.55,118.51,457749,0.0,116.002,,57.073672894021016,0.7804715461333984,0.5761735907396415,0.20429795539375695
2020-07-20,117.74,118.36,115.75,118.13,412760,0.0,117.096,,56.27334344682212,0.9262278955172007,0.6461844516951534,0.2800434438220474
2020-07-21,117.67,119.72,116.22,117.03,546618,0.0,117.62,,53.91640794940041,0.9421198741453338,0.7053715361851896,0.23674833796014427
2020-07-22,117.8,119.719,117.61,119.08,423394,0.0,117.896,,57.48982518816536,1.1073672092625628,0.7857706708006643,0.3215965384618985
2020-07-23,119.28,121.48,118.28,118.78,357704,0.0,118.306,,56.79575189281266,1.2002833013428784,0.8686731969091073,0.33161010443377115
2020-07-24,115.71,116.16,113.72,114.62,758170,0.0,117.52799999999999,,48.12017599735697,0.9275505153506316,0.8804486605974122,0.047101854753219374
2020-07-27,115.28,116.54,114.26,116.33,646104,0.0,117.168,120.60900050000001,51.40605864151325,0.8397108623327512,0.8723011009444801,-0.03259023861172894
