Date,Open,High,Low,Close,Volume,OpenInterest,5 day sma,200 day sma,rsi,macd,signal,histogram
2019-10-10,6.9,6.9201,6.6,6.62,163605,0.0,,,,,,
2019-10-11,6.71,6.91,6.71,6.77,140904,0.0,,,,,,
2019-10-14,6.73,6.79,6.65,6.71,88506,0.0,,,,,,
2019-10-15,6.72,6.82,6.7,6.76,105090,0.0,,,,,,
2019-10-16,6.72,6.8,6.65,6.68,102706,0.0,6.708,,,,,
2019-10-17,6.68,6.78,6.65,6.66,315407,0.0,6.716000000000001,,,,,
2019-10-18,6.62,6.74,6.62,6.69,184704,0.0,6.7,,,,,
2019-10-21,6.74,6.84,6.74,6.79,83076,0.0,6.715999999999999,,,,,
2019-10-22,6.85,6.92,6.78,6.82,75227,0.0,6.728,,,,,
2019-10-23,6.81,6.81,6.7063,6.77,65060,0.0,6.7459999999999996,,,,,
2019-10-24,6.77,6.77,6.63,6.7,76269,0.0,6.754,,,,,
2019-10-25,6.7,6.835,6.7,6.82,63341,0.0,6.779999999999999,,,,,
2019-10-28,6.84,7.02,6.84,7.01,61810,0.0,6.824,,,,,
2019-10-29,7.01,7.09,6.97,7.03,53348,0.0,6.866,,,,,
2019-10-30,7.02,7.1,6.94,7.09,99963,0.0,6.9300000000000015,,72.81553398058254,,,
2019-10-31,7.09,7.09,6.81,6.86,141780,0.0,6.962000000000001,,58.69957856712826,,,
2019-11-01,6.9,7.16,6.86,7.09,47812,0.0,7.016000000000001,,65.83272671545154,,,
2019-11-04,7.13,7.29,7.01,7.22,39478,0.0,7.058000000000002,,69.0830299878662,,,
2019-11-05,7.2,7.32,7.04,7.125,39008,0.0,7.077000000000001,,64.27135838551294,,,
2019-11-06,7.59,7.76,7.41,7.76,134337,0.0,7.211000000000001,,76.20265992520781,,,
2019-11-07,7.88,7.96,7.69,7.8,111840,0.0,7.399000000000001,,76.72981940422072,,,
2019-11-08,7.75,8.12,7.695,7.98,124169,0.0,7.577000000000001,,78.98574512432597,,,
2019-11-11,7.99,7.99,7.88,7.95,34444,0.0,7.723000000000002,,77.6348696924614,,,
2019-11-12,7.94,8.03,7.89,7.96,62837,0.0,7.890000000000002,,77.77134160074488,,,
2019-11-13,7.86,8.06,7.67,8.05,39580,0.0,7.948000000000003,,79.01258775918106,,,
2019-11-14,8.07,8.11,7.9,8.06,31608,0.0,8.000000000000004,,79.15188854285361,0.5135404172196543,,
2019-11-15,8.1,8.18,8.01,8.13,35080,0.0,8.030000000000005,,80.14532517151434,0.5130943569767892,,
2019-11-18,8.08,8.08,7.86,8.04,43386,0.0,8.048000000000004,,75.1847465064022,0.4997181632597085,,
2019-11-19,8.06,8.08,7.87,7.97,30158,0.0,8.050000000000002,,71.47902336367923,0.47795939993994807,,
2019-11-20,7.94,8.08,7.86,7.9,41986,0.0,8.020000000000001,,67.87618059273137,0.4498810594479421,,
2019-11-21,7.92,7.92,7.6,7.67,23985,0.0,7.942000000000002,,57.602571220738554,0.4044079316043723,,
2019-11-22,7.7,7.84,7.64,7.8,23053,0.0,7.876,,61.17917335129915,0.37454257011320546,,
2019-11-25,7.83,8.07,7.78,8.04,48413,0.0,7.876,,66.75500833955101,0.3660207903681236,,
2019-11-26,8.0,8.07,7.86,7.99,24794,0.0,7.880000000000001,,64.6710060265431,0.35118440121892114,0.43892767668318494,-0.0877432754642638
2019-11-27,7.97,8.05,7.89,7.94,21327,0.0,7.888000000000001,,62.56748094117922,0.3315697441793022,0.4174560901824084,-0.08588634600310624
2019-11-29,7.92,7.93,7.79,7.87,14357,0.0,7.928,,59.642605312801734,0.30683951722029157,0.39533277558998503,-0.08849325836969346
2019-12-02,7.96,8.02,7.78,7.82,25519,0.0,7.932,,57.572325011355346,0.2799786326544558,0.3722619470028792,-0.0922833143484234
2019-12-03,7.76,7.82,7.67,7.8,39947,0.0,7.884,,56.724150496445574,0.25414769879057264,0.3486390973604179,-0.09449139856984529
2019-12-04,7.81,7.91,7.72,7.855,43198,0.0,7.857000000000001,,58.533355265105186,0.23540098195943227,0.3259914742802208,-0.09059049232078853
2019-12-05,7.86,7.92,7.8191,7.86,14442,0.0,7.841000000000001,,58.702383442192506,0.21842961142837414,0.3044791017098515,-0.08604949028147735
2019-12-06,7.99,8.05,7.8891,7.92,38235,0.0,7.851000000000002,,60.76898017826488,0.20743005205015574,0.28506929177791235,-0.0776392397277566
2019-12-09,7.89,8.05,7.89,7.96,43951,0.0,7.879000000000002,,62.129561515360116,0.19963917160226252,0.2679832677427824,-0.0683440961405199
2019-12-10,7.94,7.98,7.92,7.97,38207,0.0,7.913000000000002,,62.47989659831942,0.19205783596243453,0.25279818138671284,-0.06074034542427831
2019-12-11,8.0,8.0,7.91,7.97,44016,0.0,7.936000000000002,,62.479896598319414,0.18392934979490683,0.23902441506835165,-0.05509506527344482
2019-12-12,7.94,8.37,7.94,8.16,153002,0.0,7.996,,68.8331864244706,0.19062151191670207,0.22934383443802175,-0.038722322521319685
2019-12-13,8.14,8.18,7.98,8.12,44937,0.0,8.036,,66.28833278014284,0.1905014507652112,0.22157535770345965,-0.031073906938248463
2019-12-16,8.16,8.32,8.04,8.11,59886,0.0,8.065999999999999,,65.63501389824428,0.18743870825888465,0.21474802781454466,-0.027309319555660017
2019-12-17,8.13,8.18,8.02,8.13,30774,0.0,8.098,,66.34933977427238,0.18449851161422526,0.2086981245744808,-0.02419961296025555
2019-12-18,8.13,8.13,8.005,8.02,45961,0.0,8.108,,59.075928596631236,0.17131746282864668,0.20122199222531398,-0.029904529396667295
2019-12-19,8.02,8.02,7.88,7.97,71023,0.0,8.070000000000002,,56.06726975604958,0.15504949055699768,0.19198749189165074,-0.03693800133465305
2019-12-20,7.99,8.01,7.73,7.9,169806,0.0,8.026000000000002,,52.06915173888816,0.13495293689052534,0.18058058089142565,-0.0456276440009003
2019-12-23,7.87,7.9,7.6697,7.76,47782,0.0,7.956000000000001,,45.13664700916431,0.10650175738670242,0.16576481619048103,-0.05926305880377861
2019-12-24,7.75,7.76,7.58,7.63,24824,0.0,7.856000000000002,,39.83323626439362,0.07262688162289077,0.147137229276963,-0.07451034765407222
2019-12-26,7.67,7.77,7.5,7.71,44151,0.0,7.794000000000002,,44.17982436413477,0.05164084640482791,0.12803795270253598,-0.07639710629770807
2019-12-27,7.7,7.71,7.53,7.61,16338,0.0,7.722000000000003,,40.26416233894059,0.02663308836897027,0.10775697983582284,-0.08112389146685257
2019-12-30,7.59,7.71,7.55,7.66,47302,0.0,7.674000000000002,,42.98513394775887,0.010725208558892696,0.08835062558043683,-0.07762541702154413
2019-12-31,7.64,7.7,7.57,7.66,57921,0.0,7.6540000000000035,,42.98513394775887,-0.0018604546377076758,0.07030840953680793,-0.07216886417451561
2020-01-02,7.65,7.72,7.58,7.68,63900,0.0,7.664000000000003,,44.16497931516523,-0.010104373613532225,0.05422585290673991,-0.06433022652027214
2020-01-03,7.6,7.72,7.59,7.71,42313,0.0,7.664000000000003,,45.97106895287312,-0.01405497254201471,0.04056968781698899,-0.0546246603590037
2020-01-06,7.64,7.88,7.635,7.83,29904,0.0,7.708000000000003,,52.57876629718809,-0.007417350932797717,0.030972280067031652,-0.038389630999829366
2020-01-07,7.77,7.95,7.63,7.7,32876,0.0,7.716000000000003,,46.013453967215895,-0.012502777296711898,0.022277268594282945,-0.03478004589099484
2020-01-08,7.69,7.86,7.62,7.74,37616,0.0,7.732000000000002,,48.158439598590874,-0.013153720718050543,0.01519107073181625,-0.02834479144986679
2020-01-09,7.73,7.97,7.73,7.81,41836,0.0,7.758000000000003,,51.76987587422369,-0.007929773589833822,0.010566901867486236,-0.018496675457320057
2020-01-10,7.79,7.96,7.72,7.8,57681,0.0,7.776000000000002,,51.220921910449796,-0.00454429052824068,0.007544663388340853,-0.012088953916581532
2020-01-13,7.8,7.91,7.73,7.91,32615,0.0,7.792000000000002,,56.6644501634517,0.006934869027460877,0.007422704516164858,-0.00048783548870398076
2020-01-14,7.87,8.13,7.74,8.12,71975,0.0,7.876,,64.75163188018377,0.03260161945967699,0.012458487504867284,0.020143131954809705
2020-01-15,8.1,8.12,7.92,7.965,51543,0.0,7.920999999999999,,56.38729965508345,0.039974696072271776,0.017961729218348182,0.022012966853923593
2020-01-16,7.99,8.1,7.97,8.05,32104,0.0,7.968999999999999,,59.47857160549247,0.052076397736586344,0.024784662921995815,0.02729173481459053
2020-01-17,8.11,8.11,7.92,7.97,62915,0.0,8.003,,55.49190760182343,0.054582558325590114,0.030744242002714677,0.023838316322875436
2020-01-21,8.0,8.19,8.0,8.11,77768,0.0,8.043000000000001,,60.48361422968742,0.06709214216796511,0.03801382203576477,0.02907832013220034
2020-01-22,8.04,8.085,7.91,7.95,48520,0.0,8.009000000000002,,53.147448671585416,0.06336498258956436,0.04308405414652469,0.020280928443039664
2020-01-23,7.94,8.01,7.67,7.96,136758,0.0,8.008000000000001,,53.52684943924608,0.060520456052758576,0.04657133452777147,0.013949121524987104
2020-01-24,7.96,7.96,7.74,7.77,87556,0.0,7.952000000000001,,45.91849269059439,0.042445451432152836,0.04574615790864775,-0.0033007064764949134
2020-01-27,7.65,7.67,7.47,7.48,32115,0.0,7.854000000000002,,37.221937748564436,0.004666511043563304,0.037530228535630865,-0.03286371749206756
2020-01-28,7.5,7.51,7.42,7.49,38317,0.0,7.730000000000002,,37.66037805350611,-0.024187832691583644,0.025186616290187962,-0.04937444898177161
2020-01-29,7.45,7.48,7.28,7.35,36011,0.0,7.610000000000002,,34.072637447563025,-0.05768695860724993,0.008611901310700385,-0.06629885991795031
2020-01-30,7.28,7.64,7.26,7.64,59043,0.0,7.546000000000002,,45.627621219989216,-0.060141408158187915,-0.005138760583077276,-0.05500264757511064
2020-01-31,7.54,7.67,7.28,7.63,87850,0.0,7.518000000000003,,45.332567806615316,-0.06217675856808835,-0.016546360180079493,-0.045630398388008864
2020-02-03,7.65,7.83,7.55,7.57,42233,0.0,7.536000000000004,,43.51436871373354,-0.06784916406224895,-0.026806920956513387,-0.04104224310573556
2020-02-04,7.66,7.8131,7.64,7.69,40465,0.0,7.576000000000003,,48.00595171097914,-0.06194749698146573,-0.03383503616150386,-0.028112460819961875
2020-02-05,7.7,7.9,7.67,7.88,88652,0.0,7.682000000000004,,54.21395088448619,-0.04146103420328551,-0.035360235769860186,-0.006100798433425321
2020-02-06,7.85,7.85,7.75,7.845,33114,0.0,7.723000000000003,,52.959535670277226,-0.02772991910125544,-0.03383417243613924,0.006104253334883798
2020-02-07,7.81,7.85,7.6446,7.73,60864,0.0,7.743000000000002,,48.95167776643934,-0.02582970163839704,-0.032233278276590796,0.006403576638193756
2020-02-10,7.69,7.75,7.63,7.7,72479,0.0,7.769000000000003,,47.932600218375356,-0.02643973409184497,-0.031074569439641632,0.004634835347796663
2020-02-11,7.71,7.78,7.6,7.69,47655,0.0,7.769000000000003,,47.57705029149406,-0.027414093032958498,-0.03034247415830501,0.0029283811253465117
2020-02-12,7.74,7.74,7.54,7.68,23627,0.0,7.729000000000002,,47.200002578905,-0.02866278914884024,-0.030006537156412057,0.001343748007571817
2020-02-13,7.64,7.81,7.59,7.72,45325,0.0,7.704000000000002,,48.943007842130825,-0.026123587653889224,-0.029229947255907492,0.003106359602018268
2020-02-14,7.71,7.81,7.67,7.73,52623,0.0,7.704000000000002,,49.392789651658035,-0.023038759272899334,-0.027991709659305863,0.004952950386406529
2020-02-18,7.72,7.755,7.685,7.73,32354,0.0,7.710000000000003,,49.392789651658035,-0.020359320976992556,-0.026465231922843203,0.006105910945850647
2020-02-19,7.75,7.84,7.71,7.74,16308,0.0,7.720000000000003,,49.90460561564834,-0.017230310107241742,-0.024618247559722913,0.007387937452481171
2020-02-20,7.71,7.785,7.68,7.74,58071,0.0,7.732000000000004,,49.904605615648336,-0.014582449054220348,-0.0226110878586224,0.008028638804402053
2020-02-21,7.79,7.8,7.695,7.73,34369,0.0,7.7340000000000035,,49.326047337683804,-0.013139453083286234,-0.02071676090355517,0.0075773078202689345
2020-02-24,7.49,7.79,7.49,7.68,50369,0.0,7.724000000000004,,46.4277759357358,-0.015847767315936068,-0.01974296218603135,0.0038951948700952817
2020-02-25,7.73,7.99,7.56,7.6,84261,0.0,7.698000000000005,,42.159407488537944,-0.024170830976093072,-0.020628535944043694,-0.003542295032049378
2020-02-26,7.67,7.67,7.43,7.48,35968,0.0,7.646000000000005,,36.707868409963446,-0.039988948305548,-0.024500618416344558,-0.015488329889203442
2020-02-27,7.39,7.48,7.08,7.1,93323,0.0,7.518000000000005,,25.474368400108403,-0.08223973597614087,-0.03604844192830382,-0.04619129404783705
2020-02-28,6.86,7.0,6.66,6.75,83523,0.0,7.322000000000005,,19.54235678327268,-0.14232522790066593,-0.05730379912277625,-0.08502142877788968
2020-03-02,6.75,6.82,6.55,6.76,52410,0.0,7.138000000000005,,20.114733416245542,-0.18698109504494376,-0.08323925830720977,-0.10374183673773399
2020-03-03,6.79,6.89,6.42,6.42,90157,0.0,6.9020000000000055,,15.957966004940857,-0.2469595539751337,-0.11598331744079457,-0.13097623653433912
2020-03-04,6.81,7.2,6.71,7.17,68571,0.0,6.840000000000006,,43.63065924605142,-0.23130781035662107,-0.1390482160239599,-0.09225959433266118
2020-03-05,6.88,7.11,6.62,6.705,130029,0.0,6.7610000000000054,,35.7671621522025,-0.2535030789135515,-0.16193918860187823,-0.09156389031167328
2020-03-06,6.6,6.75,6.42,6.62,46541,0.0,6.735000000000005,,34.54164981216681,-0.27478423714005107,-0.1845081983095128,-0.09027603883053828
2020-03-09,6.14,6.33,5.95,6.02,123718,0.0,6.587000000000005,,27.403883494290568,-0.3361893128201858,-0.21484442121164743,-0.1213448916085384
2020-03-10,6.24,6.3,5.81,6.2,272612,0.0,6.543000000000005,,31.94718227841551,-0.3661085109989797,-0.2450972391691139,-0.12101127182986576
2020-03-11,5.98,6.1,5.55,5.58,265658,0.0,6.225000000000004,,25.928075361714676,-0.4348359909282449,-0.2830449895209401,-0.15179100140730478
2020-03-12,5.02,5.27,4.68,4.7,144374,0.0,5.824000000000005,,20.130672842099614,-0.5539263414035585,-0.33722125989746377,-0.2167050815060947
2020-03-13,4.87,5.13,4.63,4.7,164777,0.0,5.440000000000006,,20.130672842099614,-0.6409181961474246,-0.39796064714745594,-0.2429575489999687
2020-03-16,4.31,4.64,3.74,3.82,531072,0.0,5.000000000000005,,15.98537780564034,-0.7719697268311094,-0.4727624630841867,-0.29920726374692275
2020-03-17,3.77,4.41,3.6496,4.34,228824,0.0,4.628000000000005,,25.71911427477106,-0.8243665702233853,-0.5430832845120265,-0.28128328571135885
2020-03-18,4.09,4.24,3.531,3.7,75442,0.0,4.252000000000005,,22.295374210031298,-0.907077868377181,-0.6158822012850573,-0.29119566709212363
2020-03-19,3.7,4.62,3.62,4.27,280680,0.0,4.166000000000006,,31.09339879041326,-0.9160730123053442,-0.6759203634891147,-0.24015264881622955
2020-03-20,4.23,4.4305,3.84,3.99,184313,0.0,4.024000000000006,,29.336241537641826,-0.9350170935903117,-0.7277397095093541,-0.20727738408095764
2020-03-23,3.95,4.0,3.65,4.0,121133,0.0,4.060000000000006,,29.48949944183242,-0.938406136265538,-0.7698729948605909,-0.16853314140494713
2020-03-24,4.0,4.535,3.9248,4.48,114829,0.0,4.088000000000006,,36.597661880475115,-0.8920766838171774,-0.7943137326519082,-0.09776295116526923
2020-03-25,4.45,4.814,4.36,4.41,95614,0.0,4.230000000000006,,36.027266054355216,-0.8511966092913417,-0.805690307979795,-0.04550630131154665
2020-03-26,4.57,5.01,4.5573,4.95,81236,0.0,4.366000000000006,,43.36090772635169,-0.7663908915370108,-0.7978304246912382,0.03143953315422743
2020-03-27,4.73,5.2,4.54,4.72,138276,0.0,4.512000000000006,,41.19477212904121,-0.7095614443900331,-0.7801766286309972,0.07061518424096414
2020-03-30,4.78,4.78,4.3,4.62,67935,0.0,4.636000000000006,,40.25321919780296,-0.6649279864328292,-0.7571269001913637,0.0921989137585345
2020-03-31,4.59,4.76,4.48,4.66,92856,0.0,4.672000000000006,,40.8357337674438,-0.6191903428887775,-0.7295395887308466,0.11034924584206907
2020-04-01,4.5,4.59,4.36,4.56,72867,0.0,4.702000000000006,,39.79124329408536,-0.5842769145521123,-0.7004870538950998,0.11621013934298752
2020-04-02,4.5,4.7,4.48,4.67,129332,0.0,4.646000000000006,,41.56191268962864,-0.5414897337806259,-0.6686875898722051,0.1271978560915792
2020-04-03,4.64,4.73,4.44,4.55,85069,0.0,4.612000000000006,,40.173894984270454,-0.511368840198628,-0.6372238399374898,0.12585499973886172
2020-04-06,4.86,4.94,4.67,4.92,44460,0.0,4.672000000000006,,46.145940233437976,-0.45242661485434343,-0.6002643949208606,0.14783778006651715
2020-04-07,5.0,5.11,4.66,4.69,51322,0.0,4.678000000000006,,43.25537211395869,-0.4194385281617645,-0.5640992215690414,0.14466069340727683
2020-04-08,4.84,4.97,4.73,4.87,77600,0.0,4.740000000000007,,46.100885867028815,-0.37445426048909614,-0.5261702293530524,0.15171596886395622
2020-04-09,5.06,5.24,4.9016,5.22,75993,0.0,4.850000000000007,,51.22280781619514,-0.3070226631901214,-0.48234071612046614,0.17531805293034475
2020-04-13,5.21,5.25,4.77,5.1,61035,0.0,4.960000000000007,,49.48646433958193,-0.2602654554693844,-0.43792566399024985,0.17766020852086545
2020-04-14,5.24,5.4,5.0359,5.2,83766,0.0,5.016000000000007,,50.97777697517069,-0.21268911944351565,-0.392878355080903,0.18018923563738737
2020-04-15,4.98,4.98,4.65,4.79,156138,0.0,5.036000000000007,,45.09888745980288,-0.20569695737830784,-0.35544207554038404,0.1497451181620762
2020-04-16,4.87,5.07,4.59,4.63,172992,0.0,4.988000000000006,,43.01417202261153,-0.21063817561920395,-0.326481295556148,0.11584311993694407
2020-04-17,4.78,4.97,4.75,4.78,189957,0.0,4.900000000000007,,45.55510985480627,-0.2001432534362113,-0.3012136871321607,0.10107043369594937
2020-04-20,4.61,4.8,4.565,4.66,153849,0.0,4.8120000000000065,,43.86984581025258,-0.19921255083202905,-0.28081345987213435,0.08160090904010531
2020-04-21,4.52,4.67,4.52,4.62,120351,0.0,4.696000000000007,,43.294894626482254,-0.19940402257140732,-0.264531572411989,0.06512754984058167
2020-04-22,4.8,4.93,4.57,4.69,52064,0.0,4.676000000000007,,44.661720677682005,-0.19169757994475134,-0.24996477391854147,0.05826719397379013
2020-04-23,4.68,4.83,4.61,4.66,153092,0.0,4.6820000000000075,,44.17032696209282,-0.18586834335754432,-0.23714548780634206,0.051277144448797746
2020-04-24,4.69,4.76,4.6,4.69,117915,0.0,4.664000000000007,,44.82410185996332,-0.1767899575030949,-0.22507438174569266,0.04828442424259777
2020-04-27,4.69,5.04,4.69,4.98,234996,0.0,4.728000000000007,,50.81949378020738,-0.14452865852877395,-0.2089652371023089,0.06443657857353496
2020-04-28,5.18,5.29,5.095,5.18,100050,0.0,4.840000000000007,,54.49207869966844,-0.10165124584486218,-0.18750243885081957,0.0858511930059574
2020-04-29,5.4,5.82,5.33,5.76,158580,0.0,5.054000000000007,,63.0982260458434,-0.020631606325046903,-0.15412827234566506,0.13349666602061816
2020-04-30,5.59,5.665,5.35,5.4,184578,0.0,5.202000000000007,,56.01711062076309,0.01436248852751465,-0.12043012017102912,0.13479260869854376
2020-05-01,5.33,5.358,5.01,5.17,58789,0.0,5.298000000000007,,52.001853455819244,0.023268260978639432,-0.09169044394109542,0.11495870491973485
2020-05-04,5.07,5.16,4.95,4.98,31582,0.0,5.298000000000007,,48.884579346936675,0.0148238575032682,-0.07038758365222271,0.08521144115549091
2020-05-05,4.93,5.09,4.8,4.84,72880,0.0,5.230000000000007,,46.664824932594016,-0.0031291521427165847,-0.05693589735032149,0.05380674520760491
2020-05-06,5.22,5.3,4.65,4.7,60964,0.0,5.018000000000006,,44.48925588579864,-0.02832733175546487,-0.05121418423135017,0.022886852475885303
2020-05-07,4.83,4.91,4.65,4.7,170378,0.0,4.878000000000005,,44.48925588579864,-0.0477466766742225,-0.05052068271992464,0.002774006045702139
2020-05-08,4.84,5.15,4.76,4.79,98078,0.0,4.802000000000005,,46.35393846837791,-0.05523765429804506,-0.05146407703554873,-0.0037735772624963304
2020-05-11,4.76,4.93,4.63,4.88,164902,0.0,4.782000000000005,,48.226849476503986,-0.05329767774351257,-0.051830797177141494,-0.0014668805663710788
2020-05-12,4.88,5.0117,4.78,4.83,147574,0.0,4.780000000000005,,47.240110280532,-0.05515897613818321,-0.05249643296934984,-0.0026625431688333742
2020-05-13,4.71,4.78,4.57,4.65,72422,0.0,4.770000000000005,,43.76826766143771,-0.07034764039454,-0.05606667445438788,-0.014280965940152122
2020-05-14,4.53,4.74,4.5,4.72,69857,0.0,4.774000000000005,,45.447362018288246,-0.07586186292707531,-0.06002571214892537,-0.01583615077814994
2020-05-15,4.7,4.85,4.66,4.8,86348,0.0,4.776000000000005,,47.38116187414097,-0.07293583370980716,-0.06260773646110172,-0.01032809724870544
2020-05-18,5.07,5.25,5.06,5.23,139206,0.0,4.846000000000005,,56.33984528445248,-0.03551018878220713,-0.05718822692532281,0.021678038143115683
2020-05-19,5.19,5.19,4.83,4.83,62299,0.0,4.846000000000006,,48.130645250676764,-0.03769225969326406,-0.05328903347891106,0.015596773785647
2020-05-20,4.93,5.2,4.93,5.1,32012,0.0,4.936000000000007,,53.09841195344569,-0.01743385645043727,-0.04611799807321631,0.02868414162277904
2020-05-21,5.12,5.18,5.03,5.07,73892,0.0,5.006000000000007,,52.496787817087174,-0.0037563740641717303,-0.037645673271407394,0.033889299207235664
2020-05-22,5.11,5.22,5.01,5.16,115128,0.0,5.078000000000007,,54.17427422044778,0.01418189702551409,-0.0272801592120231,0.04146205623753719
2020-05-26,5.3,5.3525,5.2,5.24,82274,0.0,5.080000000000007,,55.67271413304608,0.0344562473433534,-0.0149328779009478,0.049389125244301196
2020-05-27,5.42,5.565,5.28,5.51,127094,0.0,5.216000000000008,,60.381282240678566,0.07148650759415798,0.0023509991980733558,0.06913550839608462
2020-05-28,5.65,5.65,5.28,5.29,62998,0.0,5.2540000000000076,,55.23302601345302,0.08213430115140774,0.018307659588740234,0.06382664156266751
2020-05-29,5.34,5.44,5.13,5.29,63548,0.0,5.298000000000007,,55.23302601345302,0.08954058611903726,0.03255424489479964,0.05698634122423762
2020-06-01,5.29,5.5,5.19,5.26,99814,0.0,5.318000000000007,,54.49816093485228,0.09192966310371542,0.044429328536582796,0.047500334567132624
2020-06-02,5.26,5.37,5.22,5.33,84438,0.0,5.336000000000007,,55.97019218893698,0.09833786116175336,0.05521103506161691,0.04312682610013645
2020-06-03,5.46,5.5645,5.425,5.52,94320,0.0,5.338000000000006,,59.774132902997195,0.11739456492617961,0.06764774103452946,0.04974682389165015
2020-06-04,5.41,5.7898,5.41,5.76,55192,0.0,5.432000000000007,,64.00449502256802,0.1501325001840499,0.08414469286443355,0.06598780731961634
2020-06-05,6.0,6.611000000000001,5.9544,6.48,234372,0.0,5.670000000000006,,73.13296214246856,0.231506865412479,0.11361712737404264,0.11788973803843636
2020-06-08,6.64,7.14,6.6092,7.08,235220,0.0,6.034000000000006,,78.11399602614179,0.34048670295141825,0.1589910424895178,0.18149566046190047
2020-06-09,7.03,7.21,6.71,7.11,175330,0.0,6.390000000000006,,78.33032110583684,0.4243827385964396,0.21206938171090217,0.21231335688553743
2020-06-10,7.09,7.1,6.64,6.83,126121,0.0,6.652000000000006,,71.25157512330338,0.46294079799243804,0.26224366496720936,0.20069713302522868
2020-06-11,6.45,6.45,5.93,5.99,211304,0.0,6.6980000000000075,,55.149726989513724,0.42086587816887544,0.2939681076075426,0.12689777056133283
2020-06-12,6.31,6.36,5.99,5.99,17301,0.0,6.6000000000000085,,55.149726989513724,0.3831050050516245,0.31179548709635896,0.07130951795526552
2020-06-15,5.82,6.64,5.82,6.63,246840,0.0,6.51000000000001,,62.61504300701107,0.4002085374520501,0.3294780971674972,0.07073044028455289
2020-06-16,6.82,7.04,6.6,6.88,257730,0.0,6.46400000000001,,65.06147101309423,0.4289909797891127,0.34938067369182035,0.07961030609729236
2020-06-17,6.96,6.985,6.58,6.69,139786,0.0,6.43600000000001,,61.75397920454005,0.43149584509833083,0.36580370797312245,0.06569213712520838
2020-06-18,6.66,6.7449,6.46,6.66,148006,0.0,6.570000000000009,,61.224737369039424,0.42614785244773756,0.37787253686804545,0.04827531557969211
2020-06-19,6.73,6.76,6.26,6.34,129133,0.0,6.640000000000008,,55.737541815659526,0.39157437840584564,0.38061290517560553,0.010961473230240104
2020-06-22,6.23,6.305,6.11,6.24,95462,0.0,6.562000000000007,,54.10561546967091,0.3520473046874866,0.3748997850779818,-0.0228524803904952
2020-06-23,6.38,6.41,6.14,6.36,77405,0.0,6.458000000000007,,55.77881987880079,0.32663951411398706,0.36524773088518286,-0.0386082167711958
2020-06-24,6.22,6.2721,6.03,6.08,52984,0.0,6.3360000000000065,,51.0976752358766,0.2806745555266126,0.34833309581346883,-0.06765854028685625
2020-06-25,6.02,6.18,5.9565,6.12,62327,0.0,6.228000000000007,,51.72101879918909,0.24465443634246942,0.32759736391926897,-0.08294292757679955
2020-06-26,6.05,6.5,5.83,6.42,175886,0.0,6.244000000000006,,56.22757251933878,0.23757708443076275,0.30959330802156776,-0.072016223590805
2020-06-29,6.57,6.68,6.46,6.58,97233,0.0,6.3120000000000065,,58.45492725941863,0.24208825219873198,0.2960922968570006,-0.054004044658268635
2020-06-30,6.58,6.71,6.46,6.6,61439,0.0,6.3600000000000065,,58.737570271561104,0.2444592440146769,0.2857656862885359,-0.04130644227385899
2020-07-01,6.59,6.65,6.36,6.39,40220,0.0,6.422000000000007,,54.54170601437374,0.22677886160249994,0.2739683213513287,-0.047189459748828766
2020-07-02,6.58,6.5826,6.31,6.37,20103,0.0,6.472000000000007,,54.14500869651812,0.20874689405333058,0.2609240358917291,-0.0521771418383985
2020-07-06,6.53,6.58,6.26,6.34,45572,0.0,6.456000000000006,,53.51623832707749,0.1898472397734583,0.24670867666807494,-0.056861436894616646
2020-07-07,6.27,6.38,6.08,6.1,31465,0.0,6.3600000000000065,,48.64900391755591,0.15373101787585597,0.22811314490963117,-0.0743821270337752
2020-07-08,6.08,6.175,5.92,6.11,67054,0.0,6.262000000000006,,48.857717270025034,0.12448063299453338,0.2073866425266116,-0.08290600953207822
2020-07-09,6.09,6.18,5.86,5.98,76338,0.0,6.180000000000007,,46.227281211792175,0.08977471170011242,0.18386425636131176,-0.09408954466119934
2020-07-10,6.04,6.28,6.03,6.19,121248,0.0,6.144000000000006,,50.83233577267217,0.07831252593724525,0.16275391027649846,-0.08444138433925322
2020-07-13,6.3,6.32,6.15,6.18,58379,0.0,6.112000000000007,,50.61006871500498,0.06764200973058632,0.14373153016731605,-0.07608952043672973
2020-07-14,6.17,6.38,6.14,6.31,43103,0.0,6.154000000000006,,53.459103888338824,0.06888143994211582,0.12876151212227602,-0.0598800721801602
2020-07-15,6.47,6.8,6.1601,6.7,70350,0.0,6.272000000000007,,60.77018478769387,0.10017864093471385,0.12304493788476359,-0.02286629695004974
2020-07-16,6.69,6.85,6.555,6.83,83869,0.0,6.442000000000007,,62.86430602583027,0.13392797343963014,0.1252215449957369,0.008706428443893244
2020-07-17,6.82,6.99,6.795,6.86,63788,0.0,6.576000000000008,,63.35050732163184,0.16123667584730406,0.13242457116605033,0.028812104681253725
2020-07-20,6.78,6.85,6.67,6.7,61911,0.0,6.680000000000009,,58.91983624448209,0.1680313951029193,0.13954593595342413,0.028485459149495185
2020-07-21,6.82,7.0,6.81,6.97,34375,0.0,6.812000000000007,,63.55235655231204,0.1929784669401915,0.1502324421507776,0.04274602478941389
2020-07-22,6.91,7.0,6.78,6.85,34522,0.0,6.842000000000008,,60.29782150442622,0.20075205921224093,0.1603363655630703,0.040415693649170636
2020-07-23,6.82,7.11,6.75,7.07,49231,0.0,6.890000000000008,,63.9434131895597,0.22210456530330802,0.17269000551111785,0.04941455979219017
2020-07-24,7.055,7.24,7.0207,7.07,96025,0.0,6.9320000000000075,,63.94341318955969,0.23630263058487522,0.1854125305258693,0.050890100059005905
2020-07-27,7.08,7.14,6.76,6.79,53193,0.0,6.950000000000007,6.555825,56.311158305317086,0.2223973810979576,0.19280950064028698,0.029587880457670607
