Date,Open,High,Low,Close,Volume,OpenInterest,5 day sma,200 day sma,rsi,macd,signal,histogram
2019-10-09,11.95,12.28,11.925,12.095,1211873,0.0,,,,,,
2019-10-10,12.06,12.7,12.03,12.68,1751114,0.0,,,,,,
2019-10-11,12.69,12.9,12.43,12.7,1012463,0.0,,,,,,
2019-10-14,12.64,12.82,12.125,12.38,1317226,0.0,,,,,,
2019-10-15,12.41,12.98,12.36,12.71,1024928,0.0,12.513,,,,,
2019-10-16,12.74,12.94,12.52,12.91,559337,0.0,12.675999999999998,,,,,
2019-10-17,12.89,13.035,12.81,12.97,519040,0.0,12.733999999999998,,,,,
2019-10-18,12.92,13.07,12.645,12.705,982010,0.0,12.735,,,,,
2019-10-21,12.8093,13.02,12.72,13.02,323271,0.0,12.863,,,,,
2019-10-22,13.01,13.24,12.73,12.86,544423,0.0,12.893,,,,,
2019-10-23,12.81,12.99,12.72,12.93,378970,0.0,12.897000000000002,,,,,
2019-10-24,12.91,13.14,12.72,13.05,604972,0.0,12.913000000000002,,,,,
2019-10-25,12.97,13.0,12.55,12.67,465087,0.0,12.906000000000002,,,,,
2019-10-28,12.73,12.92,12.61,12.75,363122,0.0,12.852000000000004,,,,,
2019-10-29,12.74,13.1,12.66,12.91,659452,0.0,12.862000000000004,,63.295269168026095,,,
2019-10-30,12.88,13.04,12.74,12.95,327386,0.0,12.866000000000003,,63.80398465536442,,,
2019-10-31,12.95,13.25,12.835,13.21,395868,0.0,12.898000000000005,,67.00507614213198,,,
2019-11-01,13.25,13.57,13.015,13.39,460686,0.0,13.042000000000005,,69.0460491092814,,,
2019-11-04,13.39,13.46,12.83,12.94,294786,0.0,13.080000000000004,,59.18882690616088,,,
2019-11-05,12.95,13.09,12.64,12.92,902986,0.0,13.082000000000004,,58.78712848368587,,,
2019-11-06,12.87,13.04,12.65,12.74,302264,0.0,13.040000000000003,,55.15883294161252,,,
2019-11-07,12.8,12.91,12.585,12.745,376385,0.0,12.947000000000003,,55.24147067537578,,,
2019-11-08,12.78,13.07,12.5,13.07,567054,0.0,12.883000000000001,,60.35570091028299,,,
2019-11-11,12.98,13.43,12.98,13.2,416204,0.0,12.935000000000002,,62.215486902069,,,
2019-11-12,13.25,13.35,12.9,13.19,656491,0.0,12.989,,61.974641929312035,,,
2019-11-13,13.16,13.58,13.02,13.17,853023,0.0,13.075000000000003,,61.46217986753255,0.13947367879929473,,
2019-11-14,13.26,14.32,13.26,13.9,1634725,0.0,13.306000000000003,,70.91554070656179,0.19942973347448323,,
2019-11-15,14.07,14.08,13.33,13.54,1414762,0.0,13.400000000000006,,62.741807801902254,0.21541319815191784,,
2019-11-18,13.48,13.53,12.85,12.98,703048,0.0,13.356000000000005,,52.58786382845062,0.18080863972937244,,
2019-11-19,13.0,13.34,12.84,13.24,1388173,0.0,13.366000000000005,,56.13717698218196,0.17237704962932376,,
2019-11-20,13.19,13.3,12.99,13.18,945297,0.0,13.368000000000004,,55.11185003539772,0.1590203673614301,,
2019-11-21,13.2,13.35,12.86,13.27,2278116,0.0,13.242,,56.39829501568273,0.15392301951779253,,
2019-11-22,13.42,13.42,13.19,13.24,404975,0.0,13.181999999999999,,55.8239884242747,0.14578210004465397,,
2019-11-25,13.19,13.2,12.93,13.1,507101,0.0,13.205999999999998,,53.106206713491474,0.12657446114068982,0.16586691642766205,-0.03929245528697223
2019-11-26,13.11,13.74,13.01,13.44,1242135,0.0,13.245999999999999,,58.40276480797848,0.13720580432259055,0.16013469400664776,-0.022928889684057208
2019-11-27,13.48,13.7,13.25,13.59,603092,0.0,13.327999999999998,,60.521311858701864,0.15593741730758381,0.15929523866683498,-0.0033578213592511674
2019-11-29,13.58,13.72,13.295,13.4,718141,0.0,13.354,,56.589806413500696,0.15367942272536794,0.1581720754785416,-0.004492652753173648
2019-12-02,13.33,13.665,13.33,13.38,776896,0.0,13.382,,56.176127462105484,0.14856356460283138,0.15625037330339958,-0.007686808700568204
2019-12-03,13.25,13.43,13.21,13.28,1074887,0.0,13.418000000000001,,54.04865100773887,0.13488517359967211,0.1519773333626541,-0.01709215976298198
2019-12-04,13.29,13.48,13.04,13.15,938901,0.0,13.360000000000003,,51.32727109230754,0.11226096214591763,0.1440340591193068,-0.031773096973389175
2019-12-05,13.2,13.43,13.09,13.2,1145026,0.0,13.282000000000002,,52.32161628007515,0.0972447171363271,0.13467619072271086,-0.03743147358638377
2019-12-06,13.18,14.2,13.07,14.04,1005212,0.0,13.410000000000002,,65.18838764510122,0.15138019791643487,0.13801699216145566,0.013363205754979207
2019-12-09,13.91,14.115,13.83,14.05,2079238,0.0,13.544000000000002,,65.30841427389967,0.19286662647160036,0.1489869190234846,0.04387970744811576
2019-12-10,13.99,14.18,13.69,13.9,1209433,0.0,13.668000000000003,,61.86285766499841,0.2112065163484793,0.16143083848848355,0.04977567785999576
2019-12-11,13.85,14.235,13.75,14.08,685437,0.0,13.854000000000003,,64.29707828868982,0.2375274384303836,0.17665015847686355,0.06087727995352005
2019-12-12,14.04,14.22,13.81,13.95,761447,0.0,14.004000000000001,,61.25607769161386,0.24507200771471815,0.19033452832443448,0.05473747939028367
2019-12-13,13.89,13.99,13.6,13.67,676091,0.0,13.930000000000001,,55.20034845993969,0.22585396931680712,0.19743841652290903,0.028415552793898097
2019-12-16,13.76,13.9,13.59,13.64,982466,0.0,13.848000000000003,,54.577788615132825,0.20583010482480546,0.19911675418328834,0.006713350641517124
2019-12-17,13.7,14.46,13.62,14.2,1222322,0.0,13.908000000000001,,62.97264753129248,0.2324686143558612,0.2057871262178029,0.02668148813805829
2019-12-18,14.17,15.09,14.14,14.78,2256071,0.0,14.048000000000002,,69.3010404301172,0.2969578327707243,0.2240212675283872,0.0729365652423371
2019-12-19,14.75,15.125,14.63,14.69,926484,0.0,14.196000000000002,,67.37670945463103,0.33691995166817,0.24660100435634374,0.09031894731182627
2019-12-20,14.98,15.26,14.75,15.08,861844,0.0,14.478,,71.11916417504759,0.39550087158305836,0.2763809778016867,0.11911989378137167
2019-12-23,15.21,15.73,15.21,15.66,868921,0.0,14.882,,75.60181037511325,0.4831582775382195,0.3177364377489933,0.1654218397892262
2019-12-24,15.72,15.73,15.45,15.65,161795,0.0,15.172,,75.38455837180938,0.5455319343117697,0.3632955370615486,0.18223639725022112
2019-12-26,15.64,15.88,15.51,15.64,374892,0.0,15.344,,75.15198673785513,0.5873855749826511,0.40811354464576916,0.17927203033688194
2019-12-27,15.87,16.3808,15.76,16.0,1149048,0.0,15.606,,77.80651327346416,0.6422009849101791,0.4549310326986512,0.18726995221152787
2019-12-30,16.02,16.28,15.8,16.17,382532,0.0,15.824000000000002,,78.95011857161658,0.6913902549683808,0.5022228771525972,0.18916737781578363
2019-12-31,16.15,16.73,16.01,16.36,1093460,0.0,15.964000000000002,,80.17941455353122,0.7372064607978164,0.549219593881641,0.1879868669161754
2020-01-02,16.48,16.68,15.89,16.02,741036,0.0,16.038,,72.06862649760552,0.7375786282049503,0.5868914007463029,0.1506872274586475
2020-01-03,15.66,15.96,15.52,15.74,902785,0.0,16.058,,66.13531190471215,0.707128575567177,0.6109388357104777,0.09618973985669932
2020-01-06,15.59,15.74,15.31,15.65,1235538,0.0,15.988,,64.30278616733406,0.6680337642348224,0.6223578214153467,0.045675942819475734
2020-01-07,15.65,15.92,15.55,15.67,737727,0.0,15.888,,64.537940400833,0.6313864475016704,0.6241635466326114,0.007222900869058968
2020-01-08,15.73,16.01,15.7,15.84,731645,0.0,15.784,,66.55471337230497,0.6090401287221159,0.6211388630505124,-0.012098734328396477
2020-01-09,15.99,15.99,15.45,15.62,1210895,0.0,15.704000000000002,,61.66701469133469,0.5670418433111024,0.6103194591026304,-0.043277615791528
2020-01-10,15.73,16.06,15.51,15.67,1684420,0.0,15.690000000000003,,62.34386610984302,0.5316637924242862,0.5945883257669615,-0.06292453334267534
2020-01-13,15.56,15.81,15.41,15.73,1340042,0.0,15.706000000000003,,63.183952202751854,0.5026734244369013,0.5762053455009495,-0.07353192106404816
2020-01-14,15.73,16.52,15.5385,16.51,2188078,0.0,15.874000000000004,,71.94608111528127,0.5364539233135996,0.5682550610634796,-0.031801137749879915
2020-01-15,16.5,17.0,15.85,16.16,4019741,0.0,15.938000000000002,,64.52513129075123,0.52888646319348,0.5603813414894796,-0.03149487829599962
2020-01-16,16.22,16.48,16.1,16.345,2184030,0.0,16.083000000000002,,66.49248710441046,0.531688180043032,0.5546427092001901,-0.02295452915715812
2020-01-17,16.4,16.9,16.4,16.75,2476321,0.0,16.299,,70.36691009412004,0.5601318250956115,0.5557405323792745,0.004391292716337092
2020-01-21,16.55,17.3,16.261,17.27,4289834,0.0,16.607,,74.45161993472723,0.6175149450075086,0.5680954149049213,0.04941953010258726
2020-01-22,17.11,17.57,17.03,17.07,1906764,0.0,16.718999999999998,,70.43041807484076,0.63948160653384,0.5823726532307051,0.057108953303134924
2020-01-23,17.06,17.17,16.46,16.66,2071674,0.0,16.818999999999996,,62.92702855819452,0.6166978615013754,0.5892376948848392,0.027460166616536164
2020-01-24,16.69,16.9,15.97,16.015,3466474,0.0,16.752999999999997,,53.305768079994316,0.5403664617009962,0.5794634482480707,-0.0390969865470745
2020-01-27,15.78,16.44,15.41,16.19,754099,0.0,16.641,,55.30259347002495,0.4883647500431394,0.5612437086070845,-0.0728789585639451
2020-01-28,16.27,16.4,15.915,15.99,1102881,0.0,16.384999999999998,,52.53742093913935,0.42610284204859816,0.5342155352953872,-0.10811269324678907
2020-01-29,16.0,16.45,15.89,16.0,989815,0.0,16.171,,52.664863666041384,0.3732639928557422,0.5020252268074583,-0.12876123395171613
2020-01-30,15.96,16.23,15.64,15.945,2858848,0.0,16.028,,51.84038520446294,0.32322484898264037,0.46626515124249474,-0.14304030225985437
2020-01-31,15.88,16.12,15.17,15.54,1588187,0.0,15.932999999999996,,46.115318160748394,0.24802922516203196,0.4226179660264022,-0.17458874086437026
2020-02-03,15.7,15.92,15.45,15.46,485844,0.0,15.786999999999995,,45.056814205265425,0.17990696461697375,0.37407576574451656,-0.1941688011275428
2020-02-04,15.67,16.065,15.48,15.84,2518385,0.0,15.756999999999996,,50.83012185548665,0.15479799165868613,0.3302202109273505,-0.17542221926866436
2020-02-05,15.97,16.42,15.805,15.9,3554987,0.0,15.736999999999998,,51.69324168634798,0.13814796450722255,0.2918057616433249,-0.15365779713610234
2020-02-06,15.96,16.83,15.94,16.72,5147093,0.0,15.891999999999996,,61.61122733955732,0.18894184107508316,0.27123297752967657,-0.0822911364545934
2020-02-07,16.7,17.09,16.14,16.14,1687843,0.0,16.011999999999993,,53.27884471143968,0.18031662367297763,0.25304970675833677,-0.07273308308535914
2020-02-10,16.09,16.09,15.2,15.67,9864707,0.0,16.053999999999995,,47.654547734610865,0.13401120692006963,0.22924200679068335,-0.09523079987061372
2020-02-11,15.77,15.94,15.44,15.62,6365288,0.0,16.009999999999998,,47.08510012611043,0.09221623702055304,0.20183685283665728,-0.10962061581610424
2020-02-12,15.74,15.94,15.485,15.83,8405185,0.0,15.995999999999995,,49.79841872584145,0.075172129697334,0.17650390820879264,-0.10133177851145864
2020-02-13,15.68,16.14,15.38,16.0,14142424,0.0,15.851999999999995,,51.94655415987588,0.07452307547319315,0.15610774166167277,-0.08158466618847962
2020-02-14,16.11,16.16,15.85,16.11,8074908,0.0,15.845999999999995,,53.33790589616147,0.08194022016398428,0.14127423736213507,-0.05933401719815079
2020-02-18,16.14,16.14,15.87,15.96,5486008,0.0,15.903999999999993,,51.16246582723305,0.07485176976316232,0.12798974384234052,-0.053137974079178196
2020-02-19,16.04,16.04,15.51,15.73,5814286,0.0,15.925999999999993,,47.93413998354203,0.05009755056293841,0.1124113051864601,-0.06231375462352169
2020-02-20,15.72,15.92,15.53,15.87,5832089,0.0,15.933999999999994,,50.00219330131727,0.041300398191676635,0.09818912378750341,-0.05688872559582678
2020-02-21,15.82,16.07,15.65,16.01,6891034,0.0,15.935999999999996,,52.053136220373524,0.04510547370488638,0.08757239377098001,-0.042466920066093636
2020-02-24,15.59,15.79,15.375,15.45,6205534,0.0,15.803999999999997,,44.23637530151218,0.00290027105905466,0.07063796922859494,-0.06773769816954028
2020-02-25,15.45,15.61,14.91,15.0,6214605,0.0,15.611999999999995,,39.14883418870249,-0.06609697057011843,0.043290981268852266,-0.1093879518389707
2020-02-26,15.08,15.32,14.76,14.88,5389652,0.0,15.441999999999993,,37.897167861322565,-0.12897404625599584,0.008837975763882646,-0.1378120220198785
2020-02-27,14.64,14.75,14.0,14.01,11471128,0.0,15.069999999999993,,30.326771698232434,-0.24616863209243967,-0.04216334580738182,-0.20400528628505785
2020-02-28,13.58,13.94,13.22,13.6,10226483,0.0,14.58799999999999,,27.535196570285947,-0.3678889642196559,-0.10730846948983663,-0.26058049472981926
2020-03-02,13.69,14.42,13.64,14.37,11934017,0.0,14.371999999999991,,38.90869545473272,-0.39763692854474186,-0.1653741613008177,-0.23226276724392417
2020-03-03,14.3,14.59,13.79,13.9,24222446,0.0,14.151999999999992,,35.26985920073909,-0.45390514072485644,-0.22308035718562547,-0.23082478353923097
2020-03-04,14.27,14.39,13.84,14.07,15812633,0.0,13.989999999999991,,37.54505319525897,-0.47925596062979103,-0.2743154778744586,-0.20494048275533244
2020-03-05,13.81,14.47,13.07,13.5,28237995,0.0,13.887999999999991,,33.31658578181937,-0.5391261931977063,-0.3272776209391081,-0.21184857225859816
2020-03-06,13.13,13.4546,12.44,13.095,22582486,0.0,13.786999999999992,,30.673235573917694,-0.612196874631854,-0.3842614716776573,-0.22793540295419673
2020-03-09,12.25,12.62,11.14,11.75,24291337,0.0,13.262999999999991,,23.893339774981854,-0.7697628287511211,-0.4613617430923501,-0.308401085658771
2020-03-10,13.61,13.615,11.94,12.47,47514216,0.0,12.97699999999999,,32.49521050977701,-0.8270038146992515,-0.5344901574137304,-0.29251365728552114
2020-03-11,12.01,12.71,11.33,11.39,30769468,0.0,12.44099999999999,,27.478302965113613,-0.9485800422688779,-0.61730813438476,-0.331271907884118
2020-03-12,10.26,10.75,9.5,10.11,12050300,0.0,11.762999999999987,,22.954919427777426,-1.1351303055525577,-0.7208725686183195,-0.4142577369342382
2020-03-13,10.77,11.01,10.29,10.75,6715153,0.0,11.293999999999988,,29.22811671311389,-1.2172978302841884,-0.8201576209514934,-0.397140209332695
2020-03-16,9.26,9.28,8.51,8.815,23408582,0.0,10.706999999999988,,23.10318148218174,-1.4221607305122834,-0.9405582428636514,-0.481602487648632
2020-03-17,9.07,9.15,6.665,7.83,20233674,0.0,9.778999999999987,,20.72259112438826,-1.6450343904572318,-1.0814534723823677,-0.5635809180748641
2020-03-18,7.28,7.73,6.43,6.87,9062816,0.0,8.874999999999988,,18.700142565934925,-1.8774848717194317,-1.2406597522497804,-0.6368251194696513
2020-03-19,6.76,7.61,6.18,7.45,13172390,0.0,8.342999999999988,,23.55444791659363,-1.991940549383898,-1.390915911676604,-0.6010246377072939
2020-03-20,7.71,7.88,7.22,7.8,8788025,0.0,7.752999999999988,,26.409941506399946,-2.030993395994132,-1.51893140854011,-0.5120619874540222
2020-03-23,7.73,8.39,7.6,8.15,7238727,0.0,7.619999999999988,,29.255744500753977,-2.0105249037828425,-1.6172501075886565,-0.39327479619418604
2020-03-24,8.69,9.47,8.49,9.24,7417797,0.0,7.901999999999989,,37.37765413774518,-1.8846248041439964,-1.6707250468997246,-0.2138997572442718
2020-03-25,9.49,10.2,8.92,10.06,10571136,0.0,8.539999999999988,,42.7066257984697,-1.699094813781434,-1.6763990002760667,-0.0226958135053672
2020-03-26,10.29,10.59,9.42,9.79,6829125,0.0,9.007999999999988,,41.4556961501695,-1.555912116901574,-1.6523016236011683,0.09638950669959434
2020-03-27,9.49,10.49,9.22,10.17,18890304,0.0,9.481999999999989,,43.944333762859166,-1.3956873587546603,-1.6009787706318668,0.20529141187720645
2020-03-30,10.24,11.3,9.5,11.09,7497823,0.0,10.06999999999999,,49.537232928386565,-1.1808595583973371,-1.5169549281849608,0.33609536978762367
2020-03-31,11.01,11.1,10.0,10.12,9342172,0.0,10.245999999999988,,44.496309990966125,-1.0764690075943353,-1.4288577440668357,0.35238873647250046
2020-04-01,9.73,9.76,8.72,9.08,6642113,0.0,10.049999999999986,,39.81785492503302,-1.0653770489014498,-1.3561616050337586,0.2907845561323088
2020-04-02,8.93,9.75,8.93,9.255,8195872,0.0,9.942999999999987,,40.94307809350111,-1.030585604923818,-1.2910464050117705,0.26046080008795247
2020-04-03,9.21,9.69,8.72,8.8,7753981,0.0,9.668999999999988,,38.906276603934444,-1.0278790820932073,-1.238412940428058,0.2105338583348506
2020-04-06,9.25,9.63,8.96,9.57,5837890,0.0,9.36499999999999,,43.98480707077056,-0.9526203638402428,-1.181254425110495,0.2286340612702522
2020-04-07,10.15,10.5,9.62,10.16,6338950,0.0,9.372999999999989,,47.58048230233578,-0.8357353810056942,-1.112150616289535,0.2764152352838407
2020-04-08,10.26,10.57,9.95,10.44,8241776,0.0,9.644999999999989,,49.245578048656164,-0.7122985952406697,-1.032180212079762,0.31988161683909233
2020-04-09,10.54,11.335,10.32,10.5,7151893,0.0,9.893999999999988,,49.614917810097516,-0.602685175108638,-0.9462812046855373,0.3435960295768994
2020-04-13,10.56,10.72,10.1,10.53,2245480,0.0,10.23999999999999,,49.81157527244756,-0.507544345374324,-0.8585338328232947,0.3509894874489706
2020-04-14,10.78,10.97,10.6,10.78,5532754,0.0,10.481999999999989,,51.51006716927715,-0.4072768081708098,-0.7682824278927978,0.36100561972198797
2020-04-15,10.32,10.46,10.0,10.05,8647508,0.0,10.45999999999999,,46.55557502003166,-0.3823119079894717,-0.6910883239121326,0.3087764159226609
2020-04-16,10.05,10.25,9.55,9.83,9322279,0.0,10.33799999999999,,45.14624354102055,-0.3759455399500826,-0.6280597671197227,0.25211422716964005
2020-04-17,10.18,10.42,9.92,10.37,8005196,0.0,10.31199999999999,,49.21041380734385,-0.3235964420280517,-0.5671671021013885,0.24357066007333683
2020-04-20,10.1,10.76,10.06,10.4,7792311,0.0,10.28599999999999,,49.43456006308546,-0.2765013203851172,-0.5090339457581343,0.2325326253730171
2020-04-21,10.1,10.35,9.75,9.91,8043321,0.0,10.11199999999999,,45.8735083648156,-0.27554073994822836,-0.4623353045961532,0.18679456464792482
2020-04-22,10.07,10.35,9.9,10.05,2847965,0.0,10.11199999999999,,47.047197789925946,-0.26047999185724,-0.4219642420483706,0.16148425019113055
2020-04-23,10.17,10.52,10.11,10.31,7898643,0.0,10.20799999999999,,49.24822079223584,-0.22497108675053923,-0.3825656109888043,0.1575945242382651
2020-04-24,10.37,10.55,10.13,10.21,6554974,0.0,10.175999999999991,,48.4146853274332,-0.20256415441052766,-0.346565319673149,0.14400116526262136
2020-04-27,10.35,10.95,10.32,10.81,8436691,0.0,10.257999999999992,,53.50004847379646,-0.134837194264815,-0.30421969459148224,0.16938250032666724
2020-04-28,11.1,11.25,10.8,11.08,6050971,0.0,10.49199999999999,,55.62025369519507,-0.05869969336130865,-0.25511569434544756,0.19641600098413892
2020-04-29,11.43,12.135,11.29,12.0,8909546,0.0,10.88199999999999,,61.98133578232786,0.07501145057575442,-0.18909026536120718,0.26410171593696163
2020-04-30,11.79,11.89,11.405,11.65,2583874,0.0,11.149999999999991,,58.543465303330855,0.15099583456546917,-0.12107304537587192,0.2720688799413411
2020-05-01,11.42,11.73,10.75,11.04,4220956,0.0,11.315999999999992,,53.02341830446733,0.1601460404313073,-0.06482922821443607,0.22497526864574338
2020-05-04,11.06,11.57,10.97,11.16,5310186,0.0,11.385999999999992,,53.943427273580234,0.1750626286118777,-0.016850856849173312,0.19191348546105103
2020-05-05,11.34,11.89,11.34,11.49,6002812,0.0,11.467999999999993,,56.46826792715235,0.21107918483754418,0.028735151488170185,0.182344033349374
2020-05-06,11.52,11.74,11.175,11.2,1155677,0.0,11.307999999999993,,53.68311646066274,0.2137579205147766,0.06573970529349146,0.14801821522128514
2020-05-07,11.37,11.595,11.26,11.495,2553130,0.0,11.276999999999994,,56.05743226978567,0.23695342088280924,0.09998244841135502,0.13697097247145423
2020-05-08,11.76,11.845999999999998,11.35,11.37,8198284,0.0,11.342999999999993,,54.77609660212525,0.242454699850553,0.12847689869919462,0.11397780115135839
2020-05-11,11.41,11.78,11.2,11.53,3147282,0.0,11.416999999999993,,56.15749740467293,0.2567653349409458,0.15413458594754487,0.10263074899340091
2020-05-12,11.57,11.66,10.95,10.95,4547872,0.0,11.308999999999994,,50.1743942386719,0.21878346402953142,0.16706436156394217,0.05171910246558925
2020-05-13,10.95,11.04,10.22,10.4,3281379,0.0,11.148999999999992,,45.25098269066528,0.14265768523535094,0.16218302629822395,-0.019525341062873014
2020-05-14,10.2,10.78,10.02,10.67,3826175,0.0,10.983999999999993,,47.95109221420785,0.10292771398366796,0.15033196383531278,-0.04740424985164482
2020-05-15,10.62,10.84,10.45,10.63,5375494,0.0,10.835999999999995,,47.576739797294124,0.06743639503737953,0.13375285007572613,-0.0663164550383466
2020-05-18,11.2,11.85,11.04,11.72,8032044,0.0,10.873999999999995,,57.34840546667089,0.1258128671445622,0.13216485348949336,-0.006351986344931171
2020-05-19,11.71,12.005,11.48,11.71,2043964,0.0,11.025999999999996,,57.242984976561395,0.1693179336998245,0.1395954695315596,0.029722464168264906
2020-05-20,11.94,12.27,11.79,12.07,2709007,0.0,11.359999999999998,,60.08744844501177,0.23019149942033046,0.15771467550931378,0.07247682391101667
2020-05-21,12.02,12.42,11.93,12.28,4454182,0.0,11.681999999999997,,61.68856475486839,0.29201333581764644,0.18457440757098031,0.10743892824666612
2020-05-22,12.31,12.35,12.04,12.32,3269412,0.0,12.019999999999998,,62.00125049339169,0.34031234341306593,0.21572199473939746,0.12459034867366847
2020-05-26,12.72,12.775,12.33,12.335,3370398,0.0,12.142999999999997,,62.12608533054813,0.3754718240828314,0.24767196060808427,0.12779986347474714
2020-05-27,12.58,12.68,12.055,12.54,5904302,0.0,12.309,,63.87290019385836,0.41509282091432453,0.28115613266933237,0.13393668824499216
2020-05-28,12.61,12.62,12.27,12.37,2337604,0.0,12.368999999999998,,61.346086127168455,0.4278432563701742,0.31049355740950074,0.11734969896067343
2020-05-29,12.28,12.55,11.86,12.49,2609073,0.0,12.410999999999998,,62.47458003595451,0.442529856725951,0.3369008172727908,0.10562903945316021
2020-06-01,12.7865,12.7865,12.33,12.65,10875094,0.0,12.477,,63.98438216659254,0.46175690991949736,0.3618720358021321,0.09988487411736524
2020-06-02,12.65,12.7,12.37,12.53,7690288,0.0,12.515999999999998,,61.970538788132835,0.46198600390396294,0.3818948294224983,0.08009117448146463
2020-06-03,12.7,13.08,12.55,12.81,9000608,0.0,12.569999999999997,,64.75779119578056,0.4792368780638263,0.4013632391507639,0.07787363891306243
2020-06-04,11.95,12.55,11.46,11.88,8254099,0.0,12.471999999999998,,51.307134521582036,0.41310309710002713,0.40371121074061656,0.009391886359410573
2020-06-05,12.32,12.455,12.01,12.09,4464059,0.0,12.391999999999998,,53.64833102226294,0.3733332903950579,0.3976356266715048,-0.0243023362764469
2020-06-08,12.44,12.505,12.3,12.39,9685446,0.0,12.34,,56.840840227697484,0.3618517234279732,0.39047884602279853,-0.028627122594825305
2020-06-09,12.21,12.335,12.02,12.24,7491184,0.0,12.282,,54.80817069953134,0.3367667154232432,0.3797364199028875,-0.042969704479644266
2020-06-10,12.28,12.41,11.765,11.89,3541720,0.0,12.097999999999999,,50.28917176102251,0.28535519387625286,0.3608601746975606,-0.07550498082130774
2020-06-11,11.46,11.5,10.64,10.645,12045944,0.0,11.850999999999997,,38.217969388556966,0.1425073613949781,0.3171896120370441,-0.174682250642066
2020-06-12,11.14,11.25,10.62,10.62,875142,0.0,11.556999999999997,,38.020613310251875,0.0269712264151174,0.25914593491265875,-0.23217470849754135
2020-06-15,10.66,11.385,10.23,11.19,14165080,0.0,11.316999999999997,,44.99497968999962,-0.018385816391496945,0.2036395846518276,-0.22202540104332455
2020-06-16,11.75,11.94,11.43,11.91,9359907,0.0,11.250999999999994,,52.2970359228947,0.003723461368466019,0.1636563599951553,-0.15993289862668927
2020-06-17,11.92,12.15,11.77,11.94,4382333,0.0,11.260999999999996,,52.57951240800781,0.023396274868511924,0.13560434296982662,-0.1122080681013147
2020-06-18,11.84,12.107000000000001,11.69,12.03,4954942,0.0,11.537999999999997,,53.46969434750052,0.04572231080309486,0.11762793653648028,-0.07190562573338542
2020-06-19,12.24,12.575,12.07,12.398,3522361,0.0,11.893599999999996,,57.02229186844285,0.09204929268001116,0.11251220776518646,-0.020462915085175296
2020-06-22,12.36,12.47,12.07,12.13,4191033,0.0,12.081599999999998,,53.80070582549649,0.10591744893480382,0.11119325599910994,-0.005275807064306123
2020-06-23,12.27,12.445,12.07,12.28,1965181,0.0,12.155599999999998,,55.322158330226785,0.1275415890326066,0.11446292260580929,0.013078666426797309
2020-06-24,12.08,12.15,11.08,11.4,4397742,0.0,12.0476,,45.7940223375142,0.07283068353621225,0.10613647479188988,-0.03330579125567763
2020-06-25,11.22,11.775,11.16,11.73,4132172,0.0,11.9876,,49.31910312607244,0.055460821012983885,0.09600134403610869,-0.0405405230231248
2020-06-26,11.54,11.83,10.86,10.93,2665442,0.0,11.693999999999999,,42.16106233878767,-0.022597741602229604,0.07228152690844104,-0.09487926851067065
2020-06-29,11.14,11.25,10.8,11.07,1546408,0.0,11.481999999999998,,43.70099748380768,-0.07232911981526513,0.04335939756369981,-0.11568851737896493
2020-06-30,11.03,11.2595,10.93,11.21,1671291,0.0,11.267999999999997,,45.27024099776077,-0.0993000956822847,0.014827498914502905,-0.11412759459678762
2020-07-01,11.12,11.3,10.81,10.9,3000544,0.0,11.168,,42.44878520690303,-0.1440289218381281,-0.016943785236023298,-0.1270851366021048
2020-07-02,11.11,11.25,10.79,10.83,2433000,0.0,10.988,,41.8150410038668,-0.18301556430395038,-0.050158141049608716,-0.13285742325434166
2020-07-06,11.04,11.2,10.54,10.98,2983845,0.0,10.998000000000001,,43.75291983568562,-0.19950919513268417,-0.08002835186622381,-0.11948084326646036
2020-07-07,10.93,10.98,10.58,10.61,3445945,0.0,10.905999999999999,,40.19660344085336,-0.23967361592291425,-0.1119574046775619,-0.12771621124535235
2020-07-08,10.55,10.63,10.34,10.475,1689212,0.0,10.758999999999999,,38.95253074679978,-0.27917937448024155,-0.14540179863809782,-0.13377757584214373
2020-07-09,10.55,10.62,9.8599,10.0,3717151,0.0,10.578999999999999,,34.86390840872204,-0.3448413861763786,-0.18528971614575399,-0.15955167003062462
2020-07-10,10.02,10.145,9.7602,10.04,3384570,0.0,10.421,,35.47809392642753,-0.3891652826770393,-0.22606482945201106,-0.16310045322502825
2020-07-13,10.17,10.26,9.88,10.02,3045677,0.0,10.229,,35.2988710761944,-0.4210524918137164,-0.2650623619243522,-0.15599012988936423
2020-07-14,10.08,10.695,10.01,10.66,4336924,0.0,10.238999999999999,,44.892416376914724,-0.3901828979257722,-0.2900864691246362,-0.100096428801136
2020-07-15,10.97,11.185,10.76,11.02,2970316,0.0,10.347999999999997,,49.43424725994172,-0.3328328411995951,-0.29863574353962796,-0.034197097659967146
2020-07-16,10.89,11.0,10.7,10.74,1611360,0.0,10.495999999999999,,46.24200074838167,-0.3064436760585778,-0.3001973300434179,-0.006246346015159887
2020-07-17,10.76,10.905,10.62,10.8,1752315,0.0,10.647999999999998,,47.03134301698955,-0.2774898438135267,-0.2956558327974397,0.018165988983912973
2020-07-20,10.85,11.01,10.69,10.931,1440048,0.0,10.8302,,48.799029276666225,-0.24119279753819,-0.28476322574558977,0.04357042820739976
2020-07-21,10.9,11.185,10.835,10.88,2120055,0.0,10.874199999999998,,48.12567041361129,-0.21407468096875704,-0.27062551679022323,0.056550835821466194
2020-07-22,10.89,11.3,10.89,11.28,1754217,0.0,10.9262,,53.540495922646194,-0.15847986393038127,-0.24819638621825485,0.08971652228787358
2020-07-23,11.3,11.545,11.09,11.45,4913651,0.0,11.068200000000001,,55.65891509136942,-0.0995553791974082,-0.21846818481408553,0.11891280561667733
2020-07-24,11.24,11.57,11.05,11.415,3913632,0.0,11.1912,12.719195,55.10184826001415,-0.055046960911488085,-0.18578394003356608,0.130736979122078
