Date,Open,High,Low,Close,Volume,OpenInterest,5 day sma,200 day sma,rsi,macd,signal,histogram
2019-10-10,17.37,17.56,17.23,17.5,3854274,0.0,,,,,,
2019-10-11,17.67,17.85,17.55,17.56,3826163,0.0,,,,,,
2019-10-14,17.56,17.6,17.28,17.57,4523654,0.0,,,,,,
2019-10-15,17.59,18.34,17.55,17.99,5753653,0.0,,,,,,
2019-10-16,17.88,18.16,17.82,17.86,3771925,0.0,17.696,,,,,
2019-10-17,17.95,18.03,17.68,17.9,3920931,0.0,17.776,,,,,
2019-10-18,17.92,18.2,17.915,17.96,3611389,0.0,17.856,,,,,
2019-10-21,17.89,18.3,17.65,18.24,5826006,0.0,17.99,,,,,
2019-10-22,18.23,18.81,18.22,18.52,5823297,0.0,18.095999999999997,,,,,
2019-10-23,18.48,18.765,16.699,18.51,6784865,0.0,18.226,,,,,
2019-10-24,18.6,18.61,18.04,18.45,6258208,0.0,18.336000000000002,,,,,
2019-10-25,18.51,19.34,18.33,18.805,8591398,0.0,18.505000000000003,,,,,
2019-10-28,18.48,19.01,18.11,18.12,6372281,0.0,18.481,,,,,
2019-10-29,18.17,19.13,18.08,18.955,6130370,0.0,18.568000000000005,,,,,
2019-10-30,19.11,19.11,18.455,18.49,5582574,0.0,18.564,,63.41463414634146,,,
2019-10-31,18.5,18.715,18.475,18.64,4229840,0.0,18.602,,64.94907130017977,,,
2019-11-01,18.63,18.73,18.39,18.44,5868917,0.0,18.529000000000003,,61.259799162452396,,,
2019-11-04,18.7,19.01,18.6,18.74,6885082,0.0,18.653,,64.51576016654025,,,
2019-11-05,18.72,18.85,18.055,18.1,10037185,0.0,18.482000000000003,,54.074493456698555,,,
2019-11-06,17.98,18.59,17.91,18.38,5852187,0.0,18.46,,57.32828836277448,,,
2019-11-07,18.5,18.58,18.16,18.35,5363091,0.0,18.402,,56.86343368300017,,,
2019-11-08,18.22,18.53,18.17,18.37,3946446,0.0,18.388,,57.11310363330515,,,
2019-11-11,18.01,18.15,17.7,17.74,5377686,0.0,18.188000000000002,,47.73973055175144,,,
2019-11-12,17.81,17.84,17.63,17.81,7781066,0.0,18.130000000000003,,48.74626316364319,,,
2019-11-13,17.76,18.0,17.74,17.9,4895663,0.0,18.034000000000002,,50.077578699134754,,,
2019-11-14,17.81,18.055,17.77,17.85,4511753,0.0,17.934000000000005,,49.311252493428725,-0.08083489541862932,,
2019-11-15,17.81,18.22,17.595,18.17,7611700,0.0,17.894000000000002,,54.14739436255739,-0.06941124944363963,,
2019-11-18,18.05,18.1,17.1,17.175,7052672,0.0,17.781000000000002,,41.03688316163871,-0.13904330744678361,,
2019-11-19,17.18,17.27,16.85,16.89,6970964,0.0,17.597,,38.184941390390655,-0.21474884226466884,,
2019-11-20,16.8,16.87,16.31,16.39,7493110,0.0,17.295000000000005,,33.753049747508086,-0.31150105510187487,,
2019-11-21,16.4,16.46,15.96,16.05,8835693,0.0,16.935000000000002,,31.10896055182515,-0.41087670840621726,,
2019-11-22,16.15,16.54,15.92,16.4,10540536,0.0,16.581000000000003,,36.6136478329109,-0.4561325426656708,,
2019-11-25,16.09,16.81,16.08,16.69,7309312,0.0,16.484,,40.83225937855108,-0.46325739808073507,,
2019-11-26,16.68,16.72,15.91,16.0,9232572,0.0,16.306000000000004,,34.88346250255766,-0.5186029982141278,-0.29604544411581635,-0.22255755409831146
2019-11-27,16.0,16.425,15.95,16.25,9514925,0.0,16.278000000000002,,38.38598428486928,-0.5361119100198977,-0.3440587372966326,-0.19205317272326505
2019-11-29,16.02,16.16,15.85,15.94,3116335,0.0,16.256000000000004,,35.813555541355754,-0.5684495257079547,-0.38893689497889705,-0.17951263072905765
2019-12-02,16.01,16.09,15.72,16.01,9897233,0.0,16.178000000000004,,36.842790747786275,-0.5817231616378216,-0.427494148310682,-0.15422901332713956
2019-12-03,16.0,16.0,15.61,15.71,12576343,0.0,15.982000000000005,,34.30401595212338,-0.6094250340998215,-0.4638803254685099,-0.14554470863131164
2019-12-04,15.7,16.13,15.62,16.1,6392070,0.0,16.002000000000002,,40.084192591126055,-0.5930726545860061,-0.4897187912920091,-0.10335386329399698
2019-12-05,16.19,16.34,15.76,15.96,8009170,0.0,15.944000000000006,,38.765640287696755,-0.5846703896724925,-0.5087091109681059,-0.07596127870438663
2019-12-06,16.05,16.285,16.0,16.07,5027424,0.0,15.970000000000004,,40.4238742735777,-0.562649579387859,-0.5194972046520565,-0.04315237473580247
2019-12-09,15.85,16.345,15.78,16.11,5566631,0.0,15.990000000000004,,41.0490376377899,-0.5357939635877855,-0.5227565564392024,-0.013037407148583147
2019-12-10,16.06,16.27,15.985,16.19,4354718,0.0,16.086000000000002,,42.35196571914484,-0.5022655584613744,-0.5186583568436368,0.016392798382262375
2019-12-11,16.13,16.19,15.99,16.0,5766736,0.0,16.066000000000003,,40.085914913382325,-0.48542973611490936,-0.5120126326978913,0.026582896582981963
2019-12-12,16.07,16.29,15.99,16.16,7143918,0.0,16.106,,42.85858456779554,-0.45394378144329295,-0.5003988624469716,0.04645508100367868
2019-12-13,16.23,16.28,15.91,16.1,5536303,0.0,16.112000000000002,,42.07229706541172,-0.42888847471831326,-0.48609678490124,0.057208310182926714
2019-12-16,16.21,16.89,16.2,16.89,7473443,0.0,16.268,,54.03067336034082,-0.3413506876862833,-0.45714756545824864,0.11579687777196535
2019-12-17,16.81,17.0,16.62,16.69,5871865,0.0,16.368000000000002,,51.15172559763479,-0.28483133103513225,-0.4226843185736254,0.13785298753849312
2019-12-18,16.66,16.93,16.62,16.85,6486146,0.0,16.538,,53.295725236445676,-0.2245403099433716,-0.3830555168475746,0.158515206904203
2019-12-19,16.76,17.19,16.74,17.01,5461406,0.0,16.708000000000002,,55.403670271734654,-0.16198135826244453,-0.33884068513054866,0.17685932686810413
2019-12-20,17.23,17.41,17.01,17.41,7528639,0.0,16.97,,60.235611567898566,-0.07921316126727262,-0.28691518035789343,0.2077020190906208
2019-12-23,17.28,17.62,17.21,17.59,6143475,0.0,17.11,,62.2193706011704,0.0008954051678884412,-0.22935306325273705,0.2302484684206255
2019-12-24,17.58,17.8,17.36,17.43,4184292,0.0,17.258,,59.38346166366196,0.050884790207767594,-0.17330549256063613,0.22419028276840372
2019-12-26,17.55,17.58,17.3,17.38,4166845,0.0,17.363999999999997,,58.486330899056156,0.08548177517966238,-0.12154803901257642,0.20702981419223881
2019-12-27,17.44,17.44,17.165,17.22,4796401,0.0,17.406,,55.592069561907074,0.09884999103878656,-0.07746843300230384,0.17631842404109038
2019-12-30,17.22,17.31,17.05,17.13,5168131,0.0,17.349999999999998,,53.97407960518858,0.10101768162882863,-0.04177121007607735,0.14278889170490597
2019-12-31,17.04,17.465,16.96,17.42,3943010,0.0,17.315999999999995,,58.19609668484604,0.12469871919505593,-0.008477224221850696,0.13317594341690664
2020-01-02,17.52,17.6,16.93,17.23,6851856,0.0,17.276,,54.6584450602776,0.12667447547406496,0.01855311571733244,0.10812135975673252
2020-01-03,17.51,17.54,17.14,17.28,6075212,0.0,17.256,,55.42633788506936,0.13076745289523828,0.04099598315291361,0.08977146974232467
2020-01-06,17.44,17.48,17.13,17.42,6202820,0.0,17.296,,57.59201900836751,0.14365206537171105,0.0615271995966731,0.08212486577503794
2020-01-07,17.26,17.53,17.06,17.51,5400806,0.0,17.372000000000003,,58.97206945893494,0.15928927383194846,0.08107961444372817,0.07820965938822029
2020-01-08,17.25,17.38,16.7,16.85,8900454,0.0,17.258000000000003,,46.914924156135896,0.11707581295228309,0.08827885414543916,0.028796958806843923
2020-01-09,16.82,17.27,16.62,17.26,9049928,0.0,17.264000000000003,,53.30224501632863,0.11537494402431392,0.09369807212121412,0.021676871903099804
2020-01-10,17.27,17.5954,17.09,17.49,6408449,0.0,17.306,,56.4666838419566,0.13107511857904441,0.10117348141278018,0.029901637166264233
2020-01-13,17.44,17.48,16.95,17.18,6499703,0.0,17.258000000000003,,51.409988910423614,0.11715274686461541,0.10436933450314723,0.012783412361468183
2020-01-14,17.16,17.52,17.11,17.5,5139632,0.0,17.256,,55.80924146028952,0.1304368972665344,0.10958284705582468,0.020854050210709726
2020-01-15,17.32,17.39,17.225,17.34,4381389,0.0,17.354000000000003,,53.21494159106617,0.1265947142792463,0.112985220500509,0.013609493778737283
2020-01-16,17.45,17.81,17.335,17.37,4389773,0.0,17.376,,53.65000216418482,0.12453494453958314,0.11529516530832384,0.009239779231259293
2020-01-17,17.38,17.38,16.79,16.81,4938261,0.0,17.240000000000002,,45.20039960662953,0.07682959850948023,0.10760205194855513,-0.030772453439074893
2020-01-21,16.65,16.7,15.51,15.51,25768588,0.0,16.906000000000006,,32.4310757639043,-0.06512563953130268,0.07305651365258357,-0.13818215318388627
2020-01-22,15.61,15.71,15.365,15.43,14713088,0.0,16.492000000000008,,31.835053437655674,-0.181983724725292,0.022048465977008463,-0.20403219070230047
2020-01-23,15.22,15.47,15.05,15.23,19026395,0.0,16.070000000000007,,30.334133722183637,-0.287419731931692,-0.03984517360473164,-0.24757455832696038
2020-01-24,15.15,15.18,14.44,14.64,19894089,0.0,15.524000000000006,,26.38251707452278,-0.4138163788092797,-0.11463941464564126,-0.2991769641636384
2020-01-27,14.51,14.565,14.075,14.43,9212345,0.0,15.048000000000007,,25.127789448300817,-0.5248813713337785,-0.19668780598326874,-0.3281935653505098
2020-01-28,14.51,14.78,14.4,14.71,9753556,0.0,14.888000000000009,,29.91396004353996,-0.5835803669431865,-0.2740663181752523,-0.3095140487679342
2020-01-29,14.75,14.82,14.3,14.32,5417480,0.0,14.666000000000007,,27.296578743396623,-0.654030231116451,-0.350059100763492,-0.303971130352959
2020-01-30,14.22,14.48,14.15,14.3,5557895,0.0,14.480000000000008,,27.16531105413712,-0.7033680992736606,-0.4207209004655257,-0.28264719880813494
2020-01-31,14.18,14.295,14.02,14.09,6462212,0.0,14.370000000000008,,25.764298804485406,-0.7507596700603791,-0.4867286543844964,-0.2640310156758827
2020-02-03,14.07,14.4,14.07,14.16,4825093,0.0,14.316000000000008,,27.113686249658798,-0.7737501067729333,-0.5441329448621839,-0.22961716191074943
2020-02-04,14.4,14.76,14.32,14.41,7177983,0.0,14.256000000000006,,31.876334525077,-0.7630018722112819,-0.5879067303320036,-0.17509514187927833
2020-02-05,14.57,15.02,14.56,14.87,8408565,0.0,14.366000000000009,,39.6858524180739,-0.7091905559910572,-0.6121634954638143,-0.09702706052724286
2020-02-06,14.94,14.97,14.71,14.77,4157624,0.0,14.460000000000008,,38.64859446629878,-0.6669259571747421,-0.623115987806,-0.04380996936874215
2020-02-07,14.65,14.73,14.46,14.63,4380384,0.0,14.568000000000007,,37.18334284724034,-0.6373804628636712,-0.6259688828175343,-0.01141158004613696
2020-02-10,14.48,14.66,14.37,14.65,6749178,0.0,14.666000000000007,,37.54760516403496,-0.6053732469462982,-0.6218497556432871,0.016476508696988912
2020-02-11,14.82,14.84,14.57,14.76,4410232,0.0,14.73600000000001,,39.621418683975236,-0.5646225991825862,-0.610404324351147,0.04578172516856083
2020-02-12,14.98,15.12,14.685,14.96,4705701,0.0,14.754000000000008,,43.307526264647414,-0.5103065919696181,-0.5903847778748412,0.08007818590522309
2020-02-13,14.92,15.165,14.82,15.08,5506600,0.0,14.816000000000008,,45.459038524371984,-0.452363206352965,-0.5627804635704661,0.11041725721750106
2020-02-14,15.08,15.2,14.77,14.8,4890318,0.0,14.850000000000009,,41.501345850590866,-0.42414701299116864,-0.5350537734546066,0.11090676046343795
2020-02-18,14.71,15.36,14.62,15.2919,5600170,0.0,14.978380000000007,,49.774147512356386,-0.35796683855681444,-0.49963638647504816,0.14166954791823372
2020-02-19,15.28,15.66,15.2,15.61,5751625,0.0,15.148380000000007,,54.27723848004036,-0.27666138179420585,-0.45504138553887974,0.1783800037446739
2020-02-20,15.54,15.59,15.15,15.34,7102055,0.0,15.224380000000007,,50.16595637356496,-0.23134615063496256,-0.41030233855809634,0.17895618792313378
2020-02-21,14.8,15.16,14.42,14.89,9028660,0.0,15.186380000000009,,44.16194921302103,-0.22910377692746664,-0.37406262623197045,0.1449588493045038
2020-02-24,14.59,15.17,14.51,15.07,9557856,0.0,15.240380000000007,,46.899579160867,-0.210377087818431,-0.3413255185492626,0.13094843073083157
2020-02-25,15.12,15.135,14.255,14.6,8617422,0.0,15.102000000000007,,41.21716772753067,-0.23080059819946186,-0.31922053447930243,0.08841993627984057
2020-02-26,14.73,14.97,14.445,14.66,7773263,0.0,14.912000000000006,,42.18028190406436,-0.23938539296295147,-0.3032535061760323,0.06386811321308083
2020-02-27,14.34,14.355,13.5,13.5,13260296,0.0,14.544000000000006,,31.45132249738205,-0.3359189456356244,-0.3097865940679507,-0.026132351567673684
2020-02-28,13.09,13.95,13.06,13.94,14876045,0.0,14.354000000000005,,37.903342682641245,-0.3726227952152321,-0.32235383429740705,-0.05026896091782507
2020-03-02,14.06,14.68,13.68,14.56,9118906,0.0,14.252000000000004,,45.66414839906294,-0.347674269441816,-0.3274179213262889,-0.020256348115527123
2020-03-03,14.62,15.05,14.27,14.78,10916210,0.0,14.288000000000006,,48.14088250970702,-0.3066157461784069,-0.3232574862967125,0.016641740118305604
2020-03-04,15.0,15.02,14.425,14.93,8984441,0.0,14.342000000000008,,49.820358214318766,-0.25898737899279034,-0.3104034648359281,0.05141608584313778
2020-03-05,14.57,14.93,14.53,14.92,8395576,0.0,14.626000000000008,,49.70478950394515,-0.2195180043716629,-0.2922263727430751,0.0727083683714122
2020-03-06,14.51,16.66,14.49,16.38,20002900,0.0,15.114000000000008,,63.14639028581037,-0.06962583902039121,-0.24770626599853834,0.17808042697814713
2020-03-09,16.06,19.15,16.06,16.885,41918488,0.0,15.579000000000008,,66.48305099151395,0.08888939980491095,-0.18038713283784852,0.26927653264275947
2020-03-10,16.57,17.62,15.75,16.95,18310449,0.0,16.01300000000001,,66.89847035862418,0.21725445130843823,-0.10085881600859116,0.3181132673170294
2020-03-11,16.64,16.99,16.04,16.21,12559329,0.0,16.269000000000005,,58.073675455547985,0.25631818737178946,-0.029423415332515045,0.2857416027043045
2020-03-12,15.94,17.34,15.25,16.04,20640272,0.0,16.493000000000002,,56.23830989321159,0.2704414200439693,0.03054955174278183,0.23989186830118747
2020-03-13,16.5,18.75,16.23,18.09,16112973,0.0,16.835000000000004,,68.97267345947085,0.4419574408550062,0.11283112956522671,0.3291263112897795
2020-03-16,17.08,20.5319,16.9,17.08,17835128,0.0,16.874000000000002,,59.74785785788501,0.49072973703624356,0.1884108510594301,0.30231888597681345
2020-03-17,17.5,19.77,17.47,19.08,13489414,0.0,17.300000000000004,,68.68064120600431,0.6828934478672828,0.28730737042100063,0.39558607744628216
2020-03-18,18.59,19.23,17.5,18.53,12180182,0.0,17.764000000000003,,64.445135037945,0.7817921563774455,0.3862043276122896,0.39558782876515586
2020-03-19,18.71,18.83,16.3268,16.91,10946980,0.0,17.938000000000006,,53.901124902009734,0.7211368179580298,0.45319082568143765,0.2679459922765921
2020-03-20,16.75,16.79,14.84,14.92,10002246,0.0,17.304000000000006,,44.31053327803076,0.5066503070259145,0.46388272195033303,0.04276758507558148
2020-03-23,15.1,15.19,13.16,14.16,8305363,0.0,16.720000000000006,,41.289001608307856,0.27220474652894744,0.4255471268660559,-0.15334238033710845
2020-03-24,14.55,16.51,14.19,16.36,8091561,0.0,16.176000000000005,,51.58158734187518,0.26091885444125396,0.39262147238109557,-0.13170261793984162
2020-03-25,16.49,17.52,15.96,16.45,7119562,0.0,15.760000000000005,,51.95267690153054,0.25628268423646716,0.3653537147521699,-0.10907103051570272
2020-03-26,16.61,17.93,16.105,16.87,7902725,0.0,15.752000000000006,,53.73470674203313,0.2832340302670566,0.3489297778551472,-0.0656957475880906
2020-03-27,16.5,17.11,16.05,16.25,7959343,0.0,16.018000000000008,,50.742804984884266,0.25166332951874537,0.32947648818786684,-0.07781315866912147
2020-03-30,16.01,17.7,16.01,17.51,7283880,0.0,16.68800000000001,,56.09322112990141,0.32457331235675113,0.32849585302164375,-0.003922540664892615
2020-03-31,17.8,17.93,16.72,17.19,8183452,0.0,16.854000000000006,,54.47485028195936,0.3524706115904408,0.3332908047354032,0.019179806855037618
2020-04-01,16.88,17.56,16.27,16.6525,8243128,0.0,16.894500000000008,,51.77286464482136,0.3274332179804773,0.33211928738441804,-0.004686069403940729
2020-04-02,16.9,17.85,15.43,16.7,13070296,0.0,16.86050000000001,,51.99945061900939,0.30787476751135756,0.32727038340980596,-0.019395615898448404
2020-04-03,17.03,17.57,16.72,17.34,7864246,0.0,17.07850000000001,,55.06294581835782,0.3400967819015186,0.3298356631081485,0.010261118793370105
2020-04-06,17.48,18.685,17.2,18.27,5282484,0.0,17.230500000000006,,59.14350568059703,0.435654237256756,0.35099937793787,0.084654859318886
2020-04-07,18.45,18.93,17.88,18.37,6782493,0.0,17.466500000000007,,59.5686487901493,0.5135336767828598,0.383506237706868,0.1300274390759918
2020-04-08,18.505,19.27,17.8544,19.22,4257494,0.0,17.980000000000008,,63.08491337305053,0.6365043638556429,0.434105862936623,0.2023985009190199
2020-04-09,19.0,19.65,18.495,18.9,5908646,0.0,18.42000000000001,,60.93631513515498,0.7000682427433702,0.48729833889797247,0.21276990384539773
2020-04-13,19.4,19.95,18.72,18.97,4130809,0.0,18.746000000000006,,61.24724684228082,0.7474750624674513,0.5393336836118683,0.20814137885558304
2020-04-14,19.15,19.81,18.83,19.55,4432733,0.0,19.002000000000006,,63.817108309864174,0.8223667296305628,0.5959402928156072,0.22642643681495556
2020-04-15,19.07,20.05,18.98,19.99,6328537,0.0,19.326000000000004,,65.67665108162981,0.9067705517141356,0.6581063445953129,0.24866420711882264
2020-04-16,20.1,20.75,19.13,19.31,6969470,0.0,19.344000000000005,,60.50164348488837,0.9083203205634973,0.7081491397889499,0.20017118077454743
2020-04-17,19.68,20.98,19.45,20.96,8317489,0.0,19.756000000000007,,67.24578793228686,1.030807229826518,0.7726807577964635,0.25812647203005457
2020-04-20,20.33,22.14,20.28,21.42,8625234,0.0,20.246000000000006,,68.84299811209291,1.1517208227838545,0.8484887707939417,0.30323205198991277
2020-04-21,21.5,22.23,20.73,21.03,7309193,0.0,20.54200000000001,,65.90853903996658,1.2022175600263942,0.9192345286404322,0.28298303138596204
2020-04-22,21.35,21.56,20.57,20.785,6043373,0.0,20.701000000000008,,64.0611879973086,1.2085358862417586,0.9770948001606976,0.23144108608106095
2020-04-23,21.11,21.11,19.83,20.04,8969266,0.0,20.84700000000001,,58.67552015447479,1.1402834536612971,1.0097325308608176,0.13055092280047953
2020-04-24,20.52,20.76,20.14,20.44,5366484,0.0,20.743000000000006,,60.59121371089701,1.1057234742474158,1.0289307195381374,0.07679275470927838
2020-04-27,20.46,21.345,20.3,21.09,5687728,0.0,20.677000000000007,,63.5483660108517,1.1178975818377133,1.0467240919980527,0.07117348983966054
2020-04-28,21.36,21.36,20.295,20.53,5102689,0.0,20.577000000000005,,59.41204275989211,1.0700237620655741,1.051384026011557,0.018639736054017142
2020-04-29,20.63,21.21,20.22,20.78,5025162,0.0,20.576000000000008,,60.64362065670187,1.040264800568135,1.0491601809228726,-0.008895380354737581
2020-04-30,21.02,21.985,20.665,21.6,6828154,0.0,20.888000000000012,,64.45357006111803,1.070507610784464,1.053429666895191,0.017077943889272973
2020-05-01,20.66,20.92,19.24,20.22,7516034,0.0,20.844000000000012,,54.8330906736299,0.9719171331957313,1.0371271601552992,-0.0652100269595679
2020-05-04,20.52,20.81,19.76,20.22,5301246,0.0,20.67000000000001,,54.8330906736299,0.8835979027977672,1.0064213086837928,-0.12282340588602558
2020-05-05,20.74,20.96,20.3,20.37,4465758,0.0,20.638000000000012,,55.66726307815266,0.8162982447617786,0.9683966958993899,-0.15209845113761133
2020-05-06,20.36,20.41,19.545,19.6,4634915,0.0,20.402000000000008,,50.51024052115497,0.6928435469300283,0.9132860661055177,-0.2204425191754894
2020-05-07,19.81,20.305,19.78,19.98,4679441,0.0,20.07800000000001,,52.83254500222853,0.6185375181794583,0.8543363565203058,-0.23579883834084747
2020-05-08,20.08,20.555,20.08,20.5,2970359,0.0,20.134000000000007,,55.883325854697304,0.5947531649625759,0.8024197182087599,-0.207666553246184
2020-05-11,20.39,20.63,19.28,19.33,4168167,0.0,19.95600000000001,,48.31171591710171,0.47600755301245457,0.737137285169499,-0.2611297321570444
2020-05-12,19.38,19.64,18.99,18.99,4523248,0.0,19.680000000000007,,46.34654169096779,0.3504261470342982,0.6597950575424588,-0.3093689105081606
2020-05-13,18.82,19.03,18.46,18.77,3822598,0.0,19.514000000000003,,45.069057541372224,0.23049283868065373,0.5739346137700978,-0.34344177508944407
2020-05-14,18.6165,18.99,18.2,18.66,4718754,0.0,19.250000000000004,,44.40992475894242,0.12512636816220635,0.48417296464851955,-0.3590465964863132
2020-05-15,18.6,18.74,18.2,18.26,3272531,0.0,18.802000000000003,,42.00423560061828,0.009239516694336203,0.38918627505768294,-0.37994675836334674
2020-05-18,18.85,19.12,18.25,18.46,5031121,0.0,18.628000000000007,,43.64794088427106,-0.06570590273712185,0.29820783949872204,-0.3639137422358439
2020-05-19,18.54,18.765,18.21,18.22,3227960,0.0,18.474000000000007,,42.10576068943665,-0.14282033787302595,0.21000220402437245,-0.35282254189739837
2020-05-20,18.39,19.0,18.18,18.89,5083641,0.0,18.498000000000008,,47.66495908611695,-0.1481627547131481,0.13836921227686835,-0.2865319669900165
2020-05-21,18.9,19.06,18.47,18.64,6821563,0.0,18.494000000000007,,45.89410171076446,-0.17060296443445822,0.07657477693460304,-0.24717774136906126
2020-05-22,18.61,18.97,18.245,18.9,3655958,0.0,18.622000000000007,,48.0555341606903,-0.16549939125959057,0.028159943295764323,-0.1936593345553549
2020-05-26,19.07,19.735,18.88,19.48,4087315,0.0,18.826000000000004,,52.60412554990031,-0.11334702605125102,-0.00014145057363874544,-0.11320557547761227
2020-05-27,19.68,20.42,19.64,20.34,5446722,0.0,19.250000000000007,,58.41838179195437,-0.0025912182549632234,-0.0006314041099036411,-0.0019598141450595822
2020-05-28,20.22,20.84,19.215,19.32,5025864,0.0,19.336000000000006,,50.50480643506701,0.0028452832179688414,6.393335567085536e-05,0.0027813498622979863
2020-05-29,19.29,20.125,19.16,19.84,5434229,0.0,19.576000000000004,,53.9310584879231,0.04855370707034723,0.009761888098606132,0.038791818971741096
2020-06-01,19.25,19.95,18.86,19.83,6412484,0.0,19.762000000000008,,53.85385189404648,0.08301411086272026,0.024412332651428958,0.0586017782112913
2020-06-02,19.96,20.21,19.6559,20.21,5097799,0.0,19.90800000000001,,56.40769138584538,0.139380363282811,0.04740593877770537,0.09197442450510564
2020-06-03,20.58,20.6,20.13,20.35,4035013,0.0,19.910000000000007,,57.34431306461797,0.1931216680189749,0.07654908462595927,0.11657258339301563
2020-06-04,20.22,20.44,19.68,19.98,4012339,0.0,20.04200000000001,,54.03966399057202,0.20351019260692027,0.10194130622215147,0.1015688863847688
2020-06-05,20.23,20.495,20.03,20.42,6373911,0.0,20.15800000000001,,57.198517192788,0.24442986067318273,0.13043901711235772,0.113990843560825
2020-06-08,20.28,22.38,20.28,22.37,6914350,0.0,20.666000000000007,,67.77068306292125,0.42925945974876356,0.1902031056396389,0.23905635410912465
2020-06-09,22.0,22.67,21.115,21.92,8301326,0.0,21.00800000000001,,63.8511318839401,0.5332796931014414,0.25881842313199943,0.274461269969442
2020-06-10,21.79,22.0556,20.22,20.23,6436523,0.0,20.98400000000001,,51.7468897567469,0.47388495065009906,0.30183172863561936,0.1720532220144797
2020-06-11,19.77,20.83,19.52,20.14,5817164,0.0,21.01600000000001,,51.19034823104598,0.4147707227962023,0.32441952746773595,0.09035119532846636
2020-06-12,20.2,20.52,19.725,19.74,1299883,0.0,20.880000000000006,,48.68421772040075,0.3318205930212521,0.3258997405784392,0.0059208524428129294
2020-06-15,19.54,19.835,19.07,19.4,7038712,0.0,20.28600000000001,,46.596036499777526,0.2359272367244003,0.3079052398076314,-0.0719780030832311
2020-06-16,19.7,19.81,19.03,19.31,4101654,0.0,19.764000000000006,,46.0331780062006,0.15092899761177492,0.2765099913684601,-0.1255809937566852
2020-06-17,19.13,19.31,18.79,18.88,3947184,0.0,19.494000000000007,,43.33950529594726,0.04831295275018377,0.23087058364480487,-0.1825576308946211
2020-06-18,18.77,19.125,18.595,18.76,2972855,0.0,19.218000000000007,,42.590501369470836,-0.04220745792770941,0.17625497533030202,-0.21846243325801143
2020-06-19,19.12,19.12,18.41,18.69,6586859,0.0,19.008000000000006,,42.13307126826609,-0.11823105651662402,0.11735776896091682,-0.23558882547754084
2020-06-22,18.51,18.66,17.94,18.08,3909586,0.0,18.744000000000007,,38.27521450339278,-0.2251073111772648,0.048864752933280506,-0.2739720641105453
2020-06-23,18.24,18.435,17.99,18.16,4632399,0.0,18.514000000000003,,39.06325237144047,-0.29989517666719934,-0.020887232986815468,-0.27900794368038384
2020-06-24,18.04,18.415,17.85,17.92,4353035,0.0,18.322000000000006,,37.51583299731444,-0.3742173484707969,-0.09155325608361176,-0.28266409238718515
2020-06-25,17.77,17.9592,17.02,17.18,4947593,0.0,18.006000000000004,,33.15478374450679,-0.48721372411782227,-0.17068534969045387,-0.31652837442736836
2020-06-26,17.09,17.12,16.42,16.57,5742024,0.0,17.582000000000004,,30.053417466504584,-0.6188523235664292,-0.26031874446564895,-0.3585335791007802
2020-06-29,16.68,17.22,16.61,17.05,4673470,0.0,17.376000000000005,,35.190774816692425,-0.676644931982672,-0.3435839819690536,-0.33306095001361835
2020-06-30,17.08,17.24,16.76,17.18,4658994,0.0,17.180000000000007,,36.55000088174263,-0.7038426174143986,-0.4156357090581226,-0.288206908356276
2020-07-01,17.05,17.22,16.76,17.01,3417411,0.0,16.998000000000008,,35.50144601579926,-0.7306916003889512,-0.4786468873242883,-0.2520447130646629
2020-07-02,17.28,17.95,17.27,17.73,3776504,0.0,17.10800000000001,,42.96451058631179,-0.6859642611195653,-0.5201103620833437,-0.1658538990362216
2020-07-06,18.0,18.15,17.69,17.92,3827300,0.0,17.378000000000007,,44.780306363278456,-0.6279475222490234,-0.5416777941164796,-0.08626972813254374
2020-07-07,17.85,18.5493,17.73,18.09,4557752,0.0,17.58600000000001,,46.42382097711146,-0.5617754616268194,-0.5456973276185476,-0.01607813400827174
2020-07-08,18.1,18.15,17.43,17.55,3960656,0.0,17.660000000000007,,42.133976498821276,-0.5466061781008555,-0.5458790977150092,-0.0007270803858463459
2020-07-09,17.59,17.71,17.02,17.04,3239769,0.0,17.666000000000004,,38.51419322022607,-0.5691760422545755,-0.5505384866229225,-0.018637555631653036
2020-07-10,17.09,17.67,17.09,17.59,3921910,0.0,17.638000000000005,,44.092441550326875,-0.5364980037168365,-0.5477303900417053,0.011232386324868782
2020-07-13,17.54,17.59,17.03,17.08,3599478,0.0,17.470000000000006,,40.429627448720794,-0.5454653751904992,-0.5472773870714641,0.0018120118809649144
2020-07-14,17.05,17.7,16.97,17.43,4226215,0.0,17.338000000000005,,43.875399498815455,-0.5183547360295186,-0.541492856863075,0.023138120833556375
2020-07-15,17.72,17.9,17.382,17.85,3415355,0.0,17.398000000000003,,47.779016527042224,-0.45770275678909655,-0.5247348368482794,0.06703208005918282
2020-07-16,17.77,18.11,17.6,17.71,2577075,0.0,17.532000000000004,,46.61514665899606,-0.4161355051700859,-0.5030149705126407,0.08687946534255475
2020-07-17,17.85,18.19,17.82,17.93,4284878,0.0,17.600000000000005,,48.72873581930634,-0.36127642763188916,-0.4746672619364904,0.11339083430460123
2020-07-20,17.94,18.105,17.78,17.84,3847558,0.0,17.752000000000006,,47.89335917320225,-0.3213580457699692,-0.44400541870318616,0.12264737293321698
2020-07-21,17.59,18.715,17.58,18.52,4238637,0.0,17.970000000000006,,54.272030043514775,-0.2321757460688083,-0.4016394841763106,0.16946373810750232
2020-07-22,18.34,18.5783,17.925,18.47,3263859,0.0,18.094000000000005,,53.750992069061475,-0.16364630047879558,-0.35404084743680764,0.19039454695801206
2020-07-23,18.57,19.405,18.51,19.19,3982459,0.0,18.390000000000004,,59.74431533464186,-0.05065432686293292,-0.2933635433220327,0.24270921645909976
2020-07-24,19.415,19.53,19.02,19.03,3002130,0.0,18.610000000000003,,57.94722425287054,0.02568587271488454,-0.22955366011464926,0.2552395328295338
2020-07-27,18.89,18.9,17.85,17.97,5174945,0.0,18.636000000000003,17.561697,47.70861681341012,0.0006454493332341826,-0.18351383822507258,0.18415928755830677
