Date,Open,High,Low,Close,Volume,OpenInterest,5 day sma,200 day sma,rsi,macd,signal,histogram
2019-10-09,80.65,80.77,78.07,80.465,3109264,0.0,,,,,,
2019-10-10,80.64,81.74,80.4,81.05,1614239,0.0,,,,,,
2019-10-11,81.85,82.81,81.35,81.39,1489426,0.0,,,,,,
2019-10-14,81.39,82.06,81.32,81.69,1177839,0.0,,,,,,
2019-10-15,81.95,82.48,81.505,81.745,1585242,0.0,81.268,,,,,
2019-10-16,81.72,81.72,80.66,81.37,1624066,0.0,81.449,,,,,
2019-10-17,81.92,82.03,80.915,81.01,1836178,0.0,81.441,,,,,
2019-10-18,81.44,82.43,80.99,82.31,4069399,0.0,81.625,,,,,
2019-10-21,83.04,84.33,82.715,83.64,4009407,0.0,82.015,,,,,
2019-10-22,84.65,85.9,83.06,83.13,1265740,0.0,82.292,,,,,
2019-10-23,82.79,83.21,82.14,83.035,894169,0.0,82.625,,,,,
2019-10-24,83.49,84.72,83.21,84.62,1504655,0.0,83.34700000000001,,,,,
2019-10-25,84.7,85.1,83.76,83.94,1169166,0.0,83.673,,,,,
2019-10-28,84.24,84.64,83.91,84.0,681108,0.0,83.745,,,,,
2019-10-29,83.75,85.31,83.61,84.68,686860,0.0,84.055,,75.52998182919438,,,
2019-10-30,84.68,84.68,83.89,84.01,777414,0.0,84.25,,69.45884570889922,,,
2019-10-31,83.85,84.4,82.42,82.64,1032586,0.0,83.854,,59.01330398671558,,,
2019-11-01,83.26,83.9,82.42,82.91,1355746,0.0,83.648,,60.28104092602641,,,
2019-11-04,83.43,84.19,81.985,82.125,1198516,0.0,83.273,,54.95858188334045,,,
2019-11-05,82.14,82.68,81.56,82.25,682913,0.0,82.78699999999999,,55.63038541254098,,,
2019-11-06,82.48,82.48,80.71,81.85,992116,0.0,82.35499999999999,,52.91076121464746,,,
2019-11-07,81.95,82.24,81.3,81.65,795296,0.0,82.157,,51.55366371636832,,,
2019-11-08,81.6,82.14,81.32,81.45,689259,0.0,81.86499999999998,,50.16793583287375,,,
2019-11-11,81.21,83.0,81.1,82.99,1001359,0.0,82.03799999999998,,59.25063065056205,,,
2019-11-12,83.01,83.37,82.1,82.31,1160911,0.0,82.04999999999998,,54.524853606639006,,,
2019-11-13,81.9,83.9,81.66,83.59,1198779,0.0,82.39799999999998,,60.854103399017156,0.06220542584802047,,
2019-11-14,83.43,85.86,83.43,85.82,992430,0.0,83.23199999999997,,68.95967973970583,0.31487073179907554,,
2019-11-15,86.5,86.55,85.52,85.99,1196830,0.0,84.13999999999997,,69.47851802403956,0.522800863449632,,
2019-11-18,86.08,86.73,85.7156,86.0,1358312,0.0,84.74199999999998,,69.51080204221563,0.6805489624527752,,
2019-11-19,86.24,86.79,85.85,86.39,1617493,0.0,85.55799999999996,,70.80768216908099,0.8274963452905411,,
2019-11-20,85.95,86.555,83.5441,84.86,3008349,0.0,85.81199999999997,,60.02140660526893,0.8111446213566893,,
2019-11-21,89.74,91.73,86.87,87.85,4740197,0.0,86.21799999999998,,69.72681286572717,1.027608146806159,,
2019-11-22,87.69,89.36,86.1,89.29,2333183,0.0,86.87799999999997,,73.11226318560766,1.3003632377217968,,
2019-11-25,90.02,92.41,89.58,89.94,2654211,0.0,87.66599999999998,,74.49856704451129,1.5510931438497408,0.7886812753971589,0.7624118684525819
2019-11-26,89.95,90.95,89.76,90.75,1665162,0.0,88.53799999999998,,76.14889065399701,1.7944730629659489,0.9898396329109169,0.804633430055032
2019-11-27,91.15,91.22,89.76,90.19,1322232,0.0,89.60399999999997,,72.64848188620974,1.9200331356300069,1.175878333454735,0.744154802175272
2019-11-29,90.05,90.19,88.845,89.0,815686,0.0,89.83399999999997,,65.73357909133142,1.9015969175106306,1.3210220502659142,0.5805748672447164
2019-12-02,88.61,88.78,87.51,87.95,1590807,0.0,89.56599999999997,,60.281402600223146,1.7817212831719758,1.4131618968471265,0.3685593863248493
2019-12-03,87.55,87.89,86.61,87.32,997188,0.0,89.04199999999997,,57.21500477303948,1.6172407003348752,1.4539776575446763,0.16326304279019888
2019-12-04,87.81,88.97,86.92,87.08,1781587,0.0,88.30799999999996,,56.04539639485757,1.450798754233631,1.4533418768824673,-0.0025431226488363823
2019-12-05,87.05,88.36,86.66,88.25,1648762,0.0,87.91999999999997,,60.30550008963368,1.3971955343054958,1.442112608367073,-0.04491707406157719
2019-12-06,88.97,89.51,88.34,88.57,781483,0.0,87.83399999999997,,61.40721868818626,1.3648033188711253,1.4266507504678834,-0.061847431596758096
2019-12-09,88.53,88.66,87.26,88.19,1628941,0.0,87.88199999999998,,59.30232405190253,1.293558098016618,1.4000322199776305,-0.10647412196101258
2019-12-10,88.09,88.71,87.86,88.38,1045607,0.0,88.094,,60.039875724106075,1.2381544851190256,1.3676566730059094,-0.12950218788688383
2019-12-11,88.59,88.8,88.02,88.27,1043797,0.0,88.33200000000001,,59.3690545796597,1.1718621446993183,1.3284977673445912,-0.15663562264527298
2019-12-12,88.26,89.29,87.8661,88.45,931489,0.0,88.372,,60.15360435923457,1.1209281213539697,1.286983838146467,-0.16605571679249742
2019-12-13,88.25,88.98,87.93,88.63,899996,0.0,88.384,,60.96531078907579,1.0826074122218188,1.2461085529615374,-0.16350114073971866
2019-12-16,89.62,90.49,89.5312,90.19,1301377,0.0,88.784,,67.20127581393622,1.1646911026485185,1.2298250628989336,-0.06513396025041507
2019-12-17,90.47,91.5935,89.63,90.4,1219438,0.0,89.18800000000002,,67.94368931840627,1.2324809899896962,1.2303562483170862,0.002124741672610009
2019-12-18,90.1,90.2946,89.25,89.9,1227102,0.0,89.51400000000001,,64.21658529853661,1.2316613177927138,1.2306172622122118,0.0010440555805020235
2019-12-19,89.6,89.94,88.9,89.39,1289763,0.0,89.70200000000001,,60.56700168146204,1.1762993373786372,1.2197536772454969,-0.04345433986685965
2019-12-20,89.39,90.82,89.1,90.75,2268734,0.0,90.126,,66.09987608013503,1.2280094742350798,1.2214048366434136,0.006604637591666185
2019-12-23,90.72,91.1912,89.53,89.86,938246,0.0,90.06,,60.151813636972676,1.183531553262398,1.2138301799672107,-0.030298626704812648
2019-12-24,90.05,91.1,89.75,90.94,466562,0.0,90.168,,64.34473722202918,1.2213504863662763,1.2153342412470238,0.006016245119252472
2019-12-26,90.88,91.03,90.41,91.01,546672,0.0,90.39000000000001,,64.60470106012261,1.2426462261329334,1.220796638224206,0.021849587908727486
2019-12-27,91.24,91.44,90.4819,90.84,741513,0.0,90.68000000000002,,63.39581477286307,1.2316084584158347,1.2229590022625316,0.008649456153303037
2019-12-30,91.01,91.285,89.5,90.85,843541,0.0,90.70000000000002,,63.43915321918339,1.2097229314760511,1.2203117881052357,-0.010588856629184518
2019-12-31,90.74,91.34,90.31,90.92,777955,0.0,90.912,,63.76258487788722,1.1843741803810701,1.2131242665604025,-0.02875008617933239
2020-01-02,91.4,93.57,91.36,93.48,2307663,0.0,91.42000000000002,,73.12585491011825,1.3552334303165452,1.241546099311631,0.11368733100491424
2020-01-03,92.62,92.78,91.12,92.62,985114,0.0,91.742,,66.87450133476929,1.4050492708037012,1.2742467336100451,0.1308025371936561
2020-01-06,92.26,93.63,92.01,93.5,1362553,0.0,92.274,,69.72641193972099,1.4982662481562699,1.3190506365192902,0.17921561163697963
2020-01-07,93.35,93.56,92.545,93.37,1035048,0.0,92.77799999999999,,68.78428788543405,1.5438548629121982,1.364011481797872,0.1798433811143263
2020-01-08,93.41,94.48,93.27,94.01,865438,0.0,93.39599999999999,,70.8709781117177,1.61303278201828,1.4138157418419535,0.19921704017632647
2020-01-09,94.58,95.89,94.58,95.28,1084777,0.0,93.756,,74.5120413312748,1.7501604077336594,1.4810846750202948,0.2690757327133646
2020-01-10,95.48,95.69,94.51,95.29,1155530,0.0,94.28999999999999,,74.53902855752091,1.8384494545735066,1.5525576309309372,0.2858918236425694
2020-01-13,96.23,96.3,95.06,96.26,1055407,0.0,94.84199999999998,,77.07470873434308,1.9640497111623034,1.6348560469772107,0.32919366418509277
2020-01-14,96.36,97.04,96.05,96.34,1088582,0.0,95.43599999999999,,77.27571641026964,2.04645390408902,1.7171756183995728,0.3292782856894474
2020-01-15,96.12,97.16,95.96,96.68,1019955,0.0,95.96999999999998,,78.15246259592797,2.1148166888140594,1.7967038324824702,0.31811285633158914
2020-01-16,97.3,97.36,96.51,97.21,748985,0.0,96.356,,79.48142448728387,2.186556002330093,1.8746742664519949,0.3118817358780981
2020-01-17,97.3,97.3,95.11,97.12,2227393,0.0,96.722,,78.60699946222432,2.2106645128930325,1.9418723157402025,0.26879219715283
2020-01-21,96.89,99.0354,96.81,98.6,2210340,0.0,97.18999999999998,,82.09539397451772,2.322422867175746,2.017982426027311,0.3044404411484347
2020-01-22,99.13,100.35,99.02,99.69,2451504,0.0,97.85999999999997,,84.14583269859102,2.470468040848232,2.1084795489914954,0.3619884918567364
2020-01-23,99.21,99.99,99.06,99.91,1230048,0.0,98.50599999999996,,84.53089247171245,2.5758542248839547,2.2019544841699874,0.37389974071396725
2020-01-24,100.35,101.11,99.7,100.28,1402678,0.0,99.11999999999998,,85.18269732922207,2.6585829534032968,2.2932801780166496,0.3653027753866471
2020-01-27,97.14,100.01,97.14,99.51,831317,0.0,99.59799999999998,,77.83268555914265,2.6316771657372158,2.360959575560763,0.2707175901764529
2020-01-28,100.11,101.24,98.57,100.71,1055120,0.0,100.01999999999998,,80.63676191971801,2.6763330054206307,2.4240342615327366,0.2522987438878941
2020-01-29,100.79,101.41,100.14,100.76,706910,0.0,100.23399999999998,,80.74604930898028,2.6848088569626896,2.4761891806187273,0.20861967634396228
2020-01-30,100.34,102.43,100.14,102.37,782872,0.0,100.726,,83.89759353600952,2.7892864174932015,2.5388086279936224,0.2504777894995791
2020-01-31,102.21,103.9995,101.04,101.45,1045677,0.0,100.96000000000001,,76.22009614008181,2.7659650028946743,2.5842399029738328,0.18172509992084152
2020-02-03,102.2,103.31,100.61,100.8,1104970,0.0,101.218,,71.25854644400908,2.6643204187745226,2.6002560061339706,0.06406441264055207
2020-02-04,101.87,103.17,101.34,102.65,855039,0.0,101.60600000000001,,76.03924542867998,2.7019000703183025,2.620584818970837,0.08131525134746553
2020-02-05,103.92,104.1,101.96,102.16,797735,0.0,101.88600000000001,,72.59496725265362,2.661463614173769,2.6287605780114234,0.03270303616234571
2020-02-06,102.22,103.01,101.56,102.98,722527,0.0,102.00800000000001,,74.66326705718669,2.6648656657508525,2.6359815955593096,0.028884070191542932
2020-02-07,103.16,103.65,102.185,102.58,724204,0.0,102.23400000000002,,71.81595587825979,2.605253419371053,2.6298359603216586,-0.024582540950605747
2020-02-10,102.56,103.86,102.34,102.53,1197511,0.0,102.58000000000004,,71.44916393191215,2.524870566288641,2.6088428815150553,-0.08397231522641446
2020-02-11,103.11,103.25,101.91,102.31,805691,0.0,102.51200000000006,,69.76086986946093,2.4155692361951253,2.5701881524510695,-0.15461891625594415
2020-02-12,102.43,103.14,100.81,102.495,947812,0.0,102.57900000000006,,70.39438752525079,2.3171642711794647,2.5195833761967483,-0.20241910501728366
2020-02-13,102.7,103.97,102.3,103.35,659399,0.0,102.65300000000006,,73.18993204836408,2.281865061880268,2.4720397133334524,-0.19017465145318457
2020-02-14,103.16,103.79,102.68,103.19,1511251,0.0,102.77500000000006,,71.82316205396651,2.2154412932056005,2.420720029307882,-0.20527873610228164
2020-02-18,103.0,104.36,102.3,102.42,1697886,0.0,102.75300000000007,,65.48529259022273,2.076728183352742,2.3519216601168544,-0.27519347676411243
2020-02-19,102.86,104.88,102.62,104.579,1452448,0.0,103.20680000000007,,72.7470124021014,2.1166113231164303,2.30485959271677,-0.18824826960033958
2020-02-20,97.0,100.48,90.69,97.29,6624724,0.0,102.16580000000006,,41.21751335975623,1.5422791810724163,2.152343510387899,-0.6100643293154828
2020-02-21,97.05,98.37,94.71,95.25,2836459,0.0,100.54580000000006,,36.45529382934656,0.91199298225078,1.9042734047604755,-0.9922804225096955
2020-02-24,92.8,94.59,91.76,92.77,2843805,0.0,98.46180000000005,,31.665467898120298,0.2099511685614459,1.5654089575206698,-1.3554577889592239
2020-02-25,92.95,93.3949,88.0,88.94,2186193,0.0,95.76580000000004,,25.98682964333193,-0.6480012628881582,1.1227269134389042,-1.7707281763270624
2020-02-26,89.83,92.12,87.97,88.39,2025278,0.0,92.52800000000005,,25.28556875142742,-1.3566762304012343,0.6268462846708764,-1.9835225150721107
2020-02-27,86.82,88.2,84.53,84.59,2431826,0.0,89.98800000000004,,21.057526920880207,-2.199579111154762,0.06156120550574884,-2.2611403166605104
2020-02-28,81.0,84.62,79.922,84.56,3321480,0.0,87.85000000000005,,21.027633247586195,-2.8372998398231317,-0.5182110035600274,-2.3190888362631044
2020-03-02,84.12,86.89,82.13,86.69,2669996,0.0,86.63400000000006,,28.760424303605163,-3.1346901561322937,-1.0415068340744806,-2.093183322057813
2020-03-03,85.75,88.14,83.43,83.8,2653156,0.0,85.60600000000005,,25.160572929249327,-3.562506612999769,-1.5457067898595385,-2.0167998231402304
2020-03-04,84.89,87.04,83.63,86.95,1610410,0.0,85.31800000000005,,34.7475848363334,-3.6058100294856956,-1.95772743778477,-1.6480825917009256
2020-03-05,84.71,85.53,82.455,83.52,2578613,0.0,85.10400000000004,,30.209572775573605,-3.8722635890745494,-2.3406346680427257,-1.5316289210318237
2020-03-06,79.89,82.065,78.6,80.19,2289559,0.0,84.23000000000005,,26.580181721189973,-4.302536166084906,-2.7330149676511617,-1.569521198433744
2020-03-09,74.14,77.6797,73.54,75.85,3158398,0.0,82.06200000000004,,22.744853741063267,-4.936823385496609,-3.173776651220251,-1.763046734276358
2020-03-10,77.54,79.04,74.63,79.02,6453250,0.0,81.10600000000004,,30.61958387349928,-5.124634473235162,-3.563948215623234,-1.5606862576119278
2020-03-11,76.83,77.8,74.07,75.73,4473990,0.0,78.86200000000005,,27.487943852629627,-5.475829661939329,-3.9463245048864533,-1.529505157052876
2020-03-12,71.06,73.91,68.76,68.86,3355700,0.0,75.93000000000005,,22.34801577524985,-6.236614158366365,-4.404382435582436,-1.8322317227839289
2020-03-13,72.21,73.94,68.49,73.84,3434394,0.0,74.66000000000005,,32.23924590963156,-6.364332904474537,-4.796372529360856,-1.5679603751136808
2020-03-16,66.0,70.76,62.77,66.39,6818852,0.0,72.76800000000006,,26.74978540752224,-6.986171433140768,-5.234332310116839,-1.7518391230239292
2020-03-17,67.59,70.23,64.32,69.51,2984553,0.0,70.86600000000006,,31.973795805329274,-7.144863483427528,-5.616438544778977,-1.5284249386485511
2020-03-18,65.25,67.38,59.74,67.18,2942813,0.0,69.15600000000005,,30.239376971658828,-7.373640862046187,-5.96787900823242,-1.4057618538137673
2020-03-19,66.53,72.17,63.36,69.98,6299336,0.0,69.38000000000005,,34.81543328695521,-7.245490479345165,-6.2234013024549695,-1.0220891768901952
2020-03-20,71.49,73.47,59.75,60.15,4063157,0.0,66.64200000000005,,27.896860549190066,-7.8466776099429865,-6.5480565639525725,-1.298621045990414
2020-03-23,60.0,60.13,55.69,58.73,3237177,0.0,65.11000000000006,,27.06030103963495,-8.341548693916309,-6.906754989945321,-1.4347937039709882
2020-03-24,61.8,69.425,61.632,68.97,2395699,0.0,65.00200000000007,,40.83810190792048,-7.817341723309468,-7.0888723366181505,-0.7284693866913177
2020-03-25,68.37,74.93,66.73,71.6,6102411,0.0,65.88600000000007,,43.775623453230224,-7.107751171143889,-7.092648103523298,-0.015103067620590771
2020-03-26,72.5,75.55,68.84,72.57,2397410,0.0,66.40400000000007,,44.863006878970914,-6.393425226613644,-6.952803528141367,0.5593783015277234
2020-03-27,70.12,71.95,69.9,70.22,3720754,0.0,68.41800000000008,,42.70800262029941,-5.948372988288099,-6.751917420170715,0.8035444318826155
2020-03-30,70.12,72.4,69.62,71.82,1301082,0.0,71.03600000000007,,44.65720809597276,-5.404262283180756,-6.482386392772724,1.0781241095919674
2020-03-31,70.705,71.37,68.0,68.55,3031832,0.0,70.95200000000007,,41.54615815545484,-5.177232388487752,-6.22135559191573,1.0441232034279775
2020-04-01,64.91,66.54,63.2001,64.78,2229506,0.0,69.58800000000005,,38.23868278272692,-5.241100905312464,-6.025304654595077,0.7842037492826126
2020-04-02,63.62,66.25,63.0,64.4,3508992,0.0,67.95400000000005,,37.911071583753895,-5.261726086239946,-5.872588940924051,0.6108628546841048
2020-04-03,64.12,64.12,61.51,61.8,2678262,0.0,66.27000000000005,,35.65989135466205,-5.4253301329923715,-5.783137179337716,0.35780704634534466
2020-04-06,65.08,65.76,63.47,65.4,2200275,0.0,64.98600000000005,,40.89341188954265,-5.204503330499335,-5.66741040957004,0.46290707907070505
2020-04-07,67.84,72.25,66.705,69.9,2669131,0.0,65.25600000000006,,46.72673646112549,-4.613205940164335,-5.4565695156889,0.843363575524565
2020-04-08,70.01,72.78,68.895,71.92,2663022,0.0,66.68400000000005,,49.152632915439156,-3.936227005398578,-5.152501013630835,1.216274008232257
2020-04-09,74.07,77.11,73.46,75.0,1688455,0.0,68.80400000000006,,52.69015009569354,-3.1152751105775565,-4.74505583302018,1.6297807224426233
2020-04-13,74.58,74.87,70.57,70.63,1769238,0.0,70.57000000000006,,47.627232716513845,-2.7851814595288715,-4.353080958321918,1.5678994987930466
2020-04-14,72.0,72.53,70.74,71.14,4734471,0.0,71.71800000000005,,48.25217076000471,-2.454137357316611,-3.973292238120857,1.5191548808042459
2020-04-15,69.71,71.16,68.43,70.09,4436655,0.0,71.75600000000006,,47.008482653635944,-2.2505656264401352,-3.628746915784713,1.3781812893445777
2020-04-16,70.18,70.69,68.35,69.1,7841531,0.0,71.19200000000006,,45.80958647662848,-2.144398992546158,-3.331877331137002,1.1874783385908438
2020-04-17,71.22,73.06,71.17,72.07,8099622,0.0,70.60600000000007,,49.93480704555342,-1.7998593335973538,-3.0254737316290723,1.2256143980317185
2020-04-20,70.48,70.98,68.0301,68.68,5427192,0.0,70.21600000000007,,45.66205136763098,-1.7798369873144253,-2.776346382766143,0.9965093954517177
2020-04-21,67.0,67.59,65.6803,66.14,4691977,0.0,69.21600000000007,,42.71299285983677,-1.9464880039039656,-2.6103747069937078,0.6638867030897422
2020-04-22,67.41,68.44,66.43,68.2,3244875,0.0,68.83800000000005,,45.77192835407564,-1.8905423558883285,-2.466408236772632,0.5758658808843036
2020-04-23,69.05,69.6,68.13,68.81,13961198,0.0,68.78000000000006,,46.67985919899577,-1.7765046845839123,-2.328427526334888,0.5519228417509758
2020-04-24,69.77,74.24,68.8,73.84,6957264,0.0,69.13400000000007,,53.581364318452515,-1.2656603018287882,-2.1158740814336685,0.8502137796048803
2020-04-27,74.62,76.33,73.55,76.14,7095493,0.0,70.62600000000006,,56.36270918267765,-0.6675268361166076,-1.8262046323702563,1.1586777962536488
2020-04-28,77.47,81.09,77.425,80.67,5652765,0.0,73.53200000000007,,61.28328593041497,0.17007091435436905,-1.4269495230253313,1.5970204373797003
2020-04-29,83.85,83.85,81.81,83.0,4141047,0.0,76.49200000000008,,63.55936116991743,1.0102392839330037,-0.9395117616336642,1.9497510455666678
2020-04-30,81.91,82.6749,79.635,80.11,4362062,0.0,78.75200000000008,,58.93167881263583,1.4264368466064923,-0.466322039985633,1.8927588865921252
2020-05-01,78.57,80.0,77.94,78.55,1167916,0.0,79.69400000000007,,56.53868719642973,1.6118174230987563,-0.050694147368755105,1.6625115704675113
2020-05-04,77.55,78.12,76.28,77.98,1571433,0.0,80.06200000000008,,55.64950932924214,1.6932202403152274,0.2980887301680414,1.395131510147186
2020-05-05,78.71,80.635,78.33,79.63,2168798,0.0,79.85400000000007,,57.72226634678062,1.8693253507803718,0.6123360542905075,1.2569892964898641
2020-05-06,79.55,81.46,79.38,80.12,1514802,0.0,79.27800000000008,,58.344875104594884,2.0250849062641123,0.8948858246852285,1.1301990815788838
2020-05-07,81.53,82.36,81.02,81.55,2524532,0.0,79.56600000000007,,60.18754332072488,2.238114929434957,1.1635316456351743,1.0745832837997826
2020-05-08,82.88,84.05,82.18,83.74,3037462,0.0,80.60400000000007,,62.89466525979113,2.5542140652020606,1.4416681295485516,1.112545935653509
2020-05-11,83.46,83.91,82.18,82.8,2793072,0.0,81.56800000000007,,60.978067739518266,2.6977764756725406,1.6928897987733496,1.004886676899191
2020-05-12,84.415,84.415,82.305,82.515,3299456,0.0,82.14500000000007,,60.37731933136761,2.756775213497889,1.9056668817182576,0.8511083317796313
2020-05-13,81.69,82.48,79.165,79.67,1560772,0.0,82.05500000000008,,54.595097967064945,2.5446314871388296,2.033459802802372,0.5111716843364578
2020-05-14,78.84,80.46,77.69,80.29,1712524,0.0,81.80300000000008,,55.593176461365275,2.398882054952807,2.106544253232459,0.2923378017203482
2020-05-15,79.62,80.49,78.91,79.54,3139178,0.0,80.96300000000008,,54.04551533424212,2.1975241573147315,2.1247402340489137,0.07278392326581784
2020-05-18,81.48,84.37,81.38,83.96,3705604,0.0,81.19500000000008,,60.945810976693856,2.36731470295652,2.1732551278304353,0.19405957512608474
2020-05-19,84.21,86.21,83.88,83.93,1643752,0.0,81.47800000000008,,60.87899336786629,2.4709703760040043,2.232798177465149,0.23817219853885518
2020-05-20,84.75,87.02,84.72,86.71,2038126,0.0,82.88600000000007,,64.73709273496695,2.745789260858828,2.335396394143885,0.41039286671494324
2020-05-21,86.51,89.74,85.6,86.29,4920186,0.0,84.08600000000007,,63.71475918902325,2.8963078827723194,2.447578691869572,0.44872919090274754
2020-05-22,85.785,87.74,85.43,86.31,3200848,0.0,85.44000000000007,,63.74412102760658,2.98282466196072,2.5546278858878013,0.4281967760729186
2020-05-26,89.08,89.64,87.88,88.26,1361396,0.0,86.30000000000008,,66.58338029765765,3.1721717150346933,2.6781366517171796,0.4940350633175137
2020-05-27,88.55,89.575,86.905,88.41,3269220,0.0,87.19600000000008,,66.79876861150166,3.2963362527418383,2.8017765719221113,0.494559680819727
2020-05-28,88.92,90.75,88.05,89.1,1100086,0.0,87.67400000000008,,67.82608919270211,3.411093810743253,2.92364001968634,0.4874537910569132
2020-05-29,89.45,89.81,88.27,89.34,1616933,0.0,88.28400000000008,,68.19472522553603,3.481276013613382,3.035167218471748,0.4461087951416336
2020-06-01,89.34,90.42,88.435,89.67,2355848,0.0,88.95600000000007,,68.72533347682975,3.5229141951941045,3.1327166138162195,0.39019758137788507
2020-06-02,90.32,90.89,87.98,88.12,3643840,0.0,88.92800000000007,,63.377108019672676,3.3917428081682317,3.1845218526866224,0.20722095548160935
2020-06-03,88.86,90.46,88.28,89.97,3486370,0.0,89.24000000000008,,66.70728125828015,3.397899210832648,3.227197324315828,0.17070188651682017
2020-06-04,89.45,91.01,89.28,89.74,897809,0.0,89.36800000000008,,65.90491476530573,3.3456525267568225,3.2508883648040268,0.09476416195279569
2020-06-05,91.13,92.35,89.0,91.79,1676604,0.0,89.85800000000006,,69.43390320614984,3.430124184227253,3.2867355286886726,0.1433886555385806
2020-06-08,91.66,92.65,89.89,90.24,3476956,0.0,89.97200000000007,,64.0369160510646,3.3335692243055064,3.2961022678120395,0.037466956493466874
2020-06-09,89.35,89.73,88.12,89.1,2442860,0.0,90.16800000000005,,60.32309271633497,3.1289911876225744,3.2626800517741468,-0.13368886415157233
2020-06-10,89.25,89.84,88.24,89.405,1507297,0.0,90.05500000000004,,60.97518838965584,2.9573817151487987,3.2016203844490776,-0.24423866930027893
2020-06-11,87.71,88.51,84.6,84.64,2788962,0.0,89.03500000000004,,47.76685784299542,2.409113533408373,3.043119014240937,-0.6340054808325637
2020-06-12,86.38,87.08,84.4401,84.48,256755,0.0,87.57300000000004,,47.39560090962266,1.939340872119928,2.822363385816735,-0.8830225136968073
2020-06-15,82.81,86.87,82.2,86.515,2079371,0.0,86.82800000000005,,52.45692641008855,1.7115207999182047,2.600194868637029,-0.8886740687188244
2020-06-16,88.76,90.1869,85.09,88.27,2838244,0.0,86.66200000000003,,56.35684658421357,1.6535247798180706,2.410860850873237,-0.7573360710551666
2020-06-17,88.71,89.1745,86.95,87.33,1396373,0.0,86.24700000000004,,53.81076091555836,1.5142569603114993,2.2315400727608896,-0.7172831124493904
2020-06-18,86.66,87.96,86.23,86.45,1643627,0.0,86.60900000000007,,51.46657992836757,1.317688076534992,2.0487696735157104,-0.7310815969807183
2020-06-19,86.9,88.7018,84.13,84.53,1416552,0.0,86.61900000000006,,46.687683962259,0.995502334812258,1.83811620577502,-0.842613870962762
2020-06-22,83.85,85.09,83.523,84.65,891789,0.0,86.24600000000005,,47.01880647207292,0.7413055020116843,1.6187540650223529,-0.8774485630106685
2020-06-23,85.68,85.92,84.21,84.47,950688,0.0,85.48600000000006,,46.55174604434199,0.5193415389683622,1.3988715598115549,-0.8795300208431927
2020-06-24,84.17,84.36,80.92,81.31,2101567,0.0,84.28200000000007,,39.19149591785694,0.08743995494332069,1.136585238837908,-1.0491452838945874
2020-06-25,80.71,81.55,78.8,81.51,1790547,0.0,83.29400000000007,,39.83982172500165,-0.23598652775369544,0.8620708855195874,-1.098057413273283
2020-06-26,81.18,82.605,78.95,79.61,1772951,0.0,82.31000000000006,,35.92156792783854,-0.6382609910889272,0.5620045101978846,-1.2002655012868118
2020-06-29,79.64,82.03,78.55,81.93,1854906,0.0,81.76600000000005,,43.25970520381497,-0.7610884368234991,0.2973859207936078,-1.058474357617107
2020-06-30,81.88,83.375,81.585,83.27,1243072,0.0,81.52600000000004,,47.03267633088694,-0.7417528067087176,0.08955817529314275,-0.8313109820018603
2020-07-01,83.48,85.025,83.37,84.56,1509340,0.0,82.17600000000004,,50.448668144729965,-0.6152448024112829,-0.05140242024774237,-0.5638423821635405
2020-07-02,84.9,85.665,83.63,83.89,1202319,0.0,82.65200000000004,,48.69220902938585,-0.5625648012960767,-0.15363489645740924,-0.4089299048386674
2020-07-06,84.87,85.67,84.55,84.96,929044,0.0,83.72200000000004,,51.590944643799496,-0.42952417590615255,-0.2088127523471579,-0.22071142355899465
2020-07-07,84.78,86.59,84.0,85.12,1239593,0.0,84.36000000000004,,52.02739960885873,-0.30763167252763424,-0.2285765363832532,-0.07905513614438103
2020-07-08,85.18,85.71,84.205,85.2,781833,0.0,84.74600000000004,,52.25916975014094,-0.20224430751567013,-0.2233100906097366,0.02106578309406648
2020-07-09,85.37,85.43,81.62,83.38,1103450,0.0,84.51000000000003,,46.72810800651366,-0.26255626589643555,-0.23115932566707642,-0.03139694022935913
2020-07-10,83.12,83.36,81.93,83.02,877043,0.0,84.33600000000004,,45.69782316594115,-0.3355350792614473,-0.2520344763859506,-0.08350060287549671
2020-07-13,83.45,83.8,81.26,81.53,1456298,0.0,83.65000000000003,,41.60868697772832,-0.5077488495131064,-0.30317735101138177,-0.20457149850172462
2020-07-14,81.06,83.775,80.85,83.54,1170424,0.0,83.33400000000003,,48.32609620978853,-0.4765459760691044,-0.3378510760229263,-0.13869490004617813
2020-07-15,84.35,86.92,84.19,86.59,1416163,0.0,83.61200000000005,,56.50319728070095,-0.20336371367201878,-0.3109536035527448,0.10758988988072604
2020-07-16,86.47,86.88,85.64,86.53,703727,0.0,84.24200000000005,,56.31440523622395,0.008199183803441201,-0.24712304608150762,0.2553222298849488
2020-07-17,86.61,87.57,85.61,87.24,917185,0.0,85.08600000000006,,58.0985555564784,0.23049832930354341,-0.15159877100449742,0.38209710030804084
2020-07-20,85.26,87.67,84.66,87.38,796196,0.0,86.25600000000006,,58.4588241014915,0.41320565607082926,-0.03863788558943208,0.45184354166026136
2020-07-21,87.97,88.635,87.08,87.93,933659,0.0,87.13400000000004,,59.916893065227924,0.5955181695657501,0.08819332544160435,0.5073248441241458
2020-07-22,87.94,89.72,87.75,89.56,1092656,0.0,87.72800000000004,,63.954800105131774,0.8615975670952167,0.24287417377232684,0.61872339332289
2020-07-23,90.3,93.08,89.65,90.24,2293617,0.0,88.47000000000006,,65.5155187824717,1.1144905700929968,0.41719745303646083,0.697293117056536
2020-07-24,90.1,90.3,90.021,90.12,13381,0.0,89.04600000000005,85.123845,64.98080754627276,1.2903527169420528,0.5918285058175792,0.6985242111244736
