Date,Open,High,Low,Close,Volume,OpenInterest,5 day sma,200 day sma,rsi,macd,signal,histogram
2019-10-09,65.19,65.48,63.21,63.8,2816968,0.0,,,,,,
2019-10-10,63.51,63.63,62.75,63.48,2182023,0.0,,,,,,
2019-10-11,63.43,64.31,63.01,63.94,1463781,0.0,,,,,,
2019-10-14,64.07,64.46,63.75,63.82,1584788,0.0,,,,,,
2019-10-15,63.86,64.23,63.74,63.9,1232996,0.0,63.788,,,,,
2019-10-16,63.86,63.9468,63.16,63.59,1250137,0.0,63.745999999999995,,,,,
2019-10-17,63.6,63.995,62.04,63.16,2111211,0.0,63.681999999999995,,,,,
2019-10-18,62.92,63.53,62.66,63.31,1656811,0.0,63.556,,,,,
2019-10-21,63.3,63.75,63.11,63.41,1423771,0.0,63.47399999999999,,,,,
2019-10-22,63.41,64.05,63.41,63.95,1391916,0.0,63.483999999999995,,,,,
2019-10-23,64.22,64.495,63.34,63.48,1513969,0.0,63.46199999999999,,,,,
2019-10-24,63.53,64.11,63.5,63.86,1304216,0.0,63.602,,,,,
2019-10-25,63.98,64.12,63.3,63.49,1188408,0.0,63.638,,,,,
2019-10-28,63.14,63.65,62.885,63.1,1609555,0.0,63.576,,,,,
2019-10-29,63.1,63.62,62.71,63.55,1543482,0.0,63.496,,47.26477024070023,,,
2019-10-30,63.81,63.88,63.06,63.68,1230782,0.0,63.536,,48.8322717622081,,,
2019-10-31,63.7007,63.98,63.44,63.92,1084201,0.0,63.548,,51.68736581141839,,,
2019-11-01,63.86,64.31,63.61,63.85,1142231,0.0,63.620000000000005,,50.79706980335332,,,
2019-11-04,63.53,63.77,62.92,63.12,1736887,0.0,63.624,,42.563361934109054,,,
2019-11-05,62.85,63.2542,62.5,62.55,1688092,0.0,63.424,,37.45788080290849,,,
2019-11-06,62.66,63.15,62.54,62.93,1427442,0.0,63.274,,42.416830904870956,,,
2019-11-07,63.36,64.62,62.33,62.82,1826335,0.0,63.053999999999995,,41.39366790082396,,,
2019-11-08,62.58,63.29,62.58,63.05,1552398,0.0,62.89399999999999,,44.41292612474725,,,
2019-11-11,62.94,63.17,62.54,62.62,1058014,0.0,62.794,,40.23914419296829,,,
2019-11-12,62.6,63.2,62.58,63.06,1918044,0.0,62.895999999999994,,45.847174980186985,,,
2019-11-13,63.29,64.475,63.12,63.89,1837365,0.0,63.08799999999999,,54.51771178690263,-0.1952342697503795,,
2019-11-14,64.02,64.71,63.78,64.6,1473688,0.0,63.443999999999996,,60.363993036233836,-0.07232511845413114,,
2019-11-15,64.56,64.82,64.35,64.74,941160,0.0,63.782,,61.41713340421051,0.03596353419624876,,
2019-11-18,64.96,65.63,64.82,64.99,1185924,0.0,64.256,,63.29275330030399,0.14033825027052416,,
2019-11-19,64.87,65.25,64.47,64.77,1117786,0.0,64.59799999999998,,60.50527844140395,0.2029641588726463,,
2019-11-20,64.37,65.04,64.37,64.97,1566723,0.0,64.814,,62.13778518546929,0.2656714757674905,,
2019-11-21,64.98,65.03,64.45,64.71,1135598,0.0,64.83599999999998,,58.738653794208915,0.29103280409515264,,
2019-11-22,64.74,64.8668,64.24,64.46,1341726,0.0,64.77999999999999,,55.58975785212786,0.2876431575815559,,
2019-11-25,63.95,64.34,63.35,63.6,2529764,0.0,64.50199999999998,,46.37893874732211,0.21310547831784987,0.1299066078774397,0.08319887044041016
2019-11-26,63.21,63.51,62.973,63.5,2043644,0.0,64.24799999999999,,45.43619925951538,0.14430125122157023,0.13278553654626582,0.011515714675304406
2019-11-27,63.57,63.92,62.965,63.29,1301086,0.0,63.91199999999999,,43.439293265315996,0.07199821003535334,0.12062807124408333,-0.04862986120872999
2019-11-29,63.6,63.82,63.03,63.29,529852,0.0,63.628,,43.439293265315996,0.014530035772246208,0.09940846414971591,-0.0848784283774697
2019-12-02,63.11,63.34,62.32,62.4,1425673,0.0,63.215999999999994,,35.72249001762809,-0.1016576225338568,0.05919524681300137,-0.16085286934685816
2019-12-03,62.58,62.82,62.14,62.56,1364264,0.0,63.007999999999996,,37.85967853173702,-0.17876581496702215,0.011603034456996661,-0.19036884942401883
2019-12-04,62.29,63.45,62.1703,63.27,830821,0.0,62.96199999999999,,46.37962190777942,-0.18050282254325367,-0.026818136943053406,-0.15368468560020027
2019-12-05,63.14,63.62,62.7468,63.53,1030148,0.0,63.00999999999998,,49.13019366680717,-0.15906597295148828,-0.05326770414474038,-0.10579826880674789
2019-12-06,63.35,63.84,63.07,63.07,877495,0.0,62.96599999999997,,44.7558574841975,-0.17715315947700105,-0.07804479521119251,-0.09910836426580855
2019-12-09,63.22,63.22,62.11,62.28,1593932,0.0,62.941999999999986,,38.427890952789504,-0.2523251357066556,-0.11290086331028513,-0.13942427239637045
2019-12-10,62.4,62.77,62.04,62.67,1325698,0.0,62.963999999999984,,42.73260141447493,-0.2772339474454881,-0.14576748013732574,-0.1314664673081624
2019-12-11,62.9,62.93,62.46,62.9,1597716,0.0,62.889999999999986,,45.16731211081077,-0.27524245866599273,-0.17166247584305916,-0.10357998282293357
2019-12-12,62.87,63.1,61.97,62.17,1697403,0.0,62.61799999999998,,39.43647914607103,-0.3287791274721883,-0.203085806168885,-0.1256933213033033
2019-12-13,62.37,62.89,61.97,62.76,2551914,0.0,62.55599999999998,,45.45965095705067,-0.3199115132608341,-0.22645094758727485,-0.09346056567355926
2019-12-16,62.82,63.34,62.65,63.23,2660810,0.0,62.74599999999998,,49.747162073342494,-0.27182535952531595,-0.23552582997488308,-0.03629952955043286
2019-12-17,63.23,64.15,63.11,63.6,1285515,0.0,62.93199999999998,,52.887063877102314,-0.20153762814249632,-0.22872818960840574,0.027190561465909424
2019-12-18,63.8,64.01,63.43,63.87,1782671,0.0,63.12599999999999,,55.092144697070026,-0.12263370608310709,-0.20750929290334602,0.08487558682023894
2019-12-19,63.9,64.14,63.55,63.71,1110543,0.0,63.43399999999998,,53.494306479957444,-0.07218039157979206,-0.18044351263863526,0.1082631210588432
2019-12-20,63.9,64.33,63.66,64.13,2513363,0.0,63.707999999999984,,57.01834202315152,0.001675400598934118,-0.14401972999112136,0.14569513059005548
2019-12-23,64.15,64.43,63.65,63.81,1286460,0.0,63.82399999999998,,53.68071489248991,0.03399346682899562,-0.10841709062709798,0.1424105574560936
2019-12-24,63.93,64.27,63.62,64.22,526102,0.0,63.94799999999998,,57.14226785108882,0.09163305186019954,-0.06840706212963849,0.16004011398983803
2019-12-26,64.26,64.36,63.92,64.08,788889,0.0,63.989999999999974,,55.613922425174465,0.12457992843039989,-0.029809664017630813,0.1543895924480307
2019-12-27,64.1,64.33,63.9,64.09,714468,0.0,64.06599999999997,,55.70505525601728,0.14977101487792766,0.0061064717614808806,0.14366454311644677
2019-12-30,64.01,64.3,63.865,64.26,833536,0.0,64.09199999999997,,57.30974275593278,0.1813620824379285,0.04115759389677041,0.1402044885411581
2019-12-31,64.33,65.15,64.13,65.09,1213537,0.0,64.34799999999997,,64.14030893534374,0.27025694069789097,0.08697746325699451,0.18327947744089645
2020-01-02,65.15,65.27,63.31,63.43,1262906,0.0,64.18999999999997,,47.70137898632946,0.20440240582238545,0.1104624517700727,0.09393995405231274
2020-01-03,63.32,63.78,63.3,63.49,723801,0.0,64.07199999999997,,48.21797302440644,0.15526392515555898,0.11942274644716996,0.035841178708389015
2020-01-06,63.62,63.67,63.02,63.33,680408,0.0,63.91999999999996,,46.887906360397174,0.10223219329231625,0.11598463581619924,-0.013752442523882982
2020-01-07,63.05,63.59,62.94,63.35,1037181,0.0,63.737999999999964,,47.08439746815426,0.061113517977332776,0.10501041224842594,-0.04389689427109317
2020-01-08,63.48,63.81,63.18,63.5,1347416,0.0,63.41999999999996,,48.61969346471728,0.040167393237929616,0.09204180844632669,-0.05187441520839707
2020-01-09,63.4,64.1,63.4,64.06,793718,0.0,63.54599999999996,,53.98715465740172,0.06797122834822034,0.08722769242670542,-0.01925646407848508
2020-01-10,64.31,64.91,64.23,64.52,1676987,0.0,63.75199999999995,,57.879572712951365,0.12567541564718,0.09491723707080033,0.030758178576379663
2020-01-13,64.67,65.38,64.62,65.25,1442916,0.0,64.13599999999995,,63.19990802451102,0.22768666876577015,0.1214711234097943,0.10621554535597585
2020-01-14,65.24,65.67,64.93,65.56,1718761,0.0,64.57799999999995,,65.20959858638318,0.3297446400835753,0.1631258267445505,0.16661881333902478
2020-01-15,65.84,66.63,65.54,66.6,1172931,0.0,65.19799999999995,,70.9427248160923,0.488909778408555,0.2282826170773514,0.26062716133120356
2020-01-16,66.68,67.29,66.55,67.15,2000097,0.0,65.81599999999995,,73.43583916849084,0.6519148323280177,0.31300906012748464,0.3389057722005331
2020-01-17,67.19,67.545,66.9,67.33,2817542,0.0,66.37799999999996,,74.21556065847008,0.7865550901586147,0.40771826613371065,0.37883682402490404
2020-01-21,70.22,70.61,68.48,68.69,11579265,0.0,67.06599999999995,,79.18651056404747,0.9915689093688087,0.5244883947807303,0.4670805145880784
2020-01-22,68.82,69.62,68.66,69.12,6123772,0.0,67.77799999999995,,80.46863041045474,1.175194335708781,0.6546295829663404,0.5205647527424406
2020-01-23,69.15,70.39,68.97,70.23,5005878,0.0,68.50399999999995,,83.32429466252503,1.394214890981317,0.8025466445693359,0.5916682464119811
2020-01-24,70.18,71.48,70.0795,71.38,4220197,0.0,69.34999999999995,,85.66307764398807,1.6416615950725344,0.9703696346699756,0.6712919604025588
2020-01-27,71.28,71.98,71.24,71.76,1655386,0.0,70.23599999999996,,86.34460070511047,1.8471350914964546,1.1457227260352716,0.701412365461183
2020-01-28,71.83,72.4,71.7552,72.2,1815825,0.0,70.93799999999996,,87.10874202688595,2.0221683426377552,1.3210118493557683,0.7011564932819869
2020-01-29,72.18,72.43,71.88,72.2,1647485,0.0,71.55399999999995,,87.10874202688595,2.1362580027326317,1.4840610800311411,0.6521969227014905
2020-01-30,72.23,72.62,71.91,72.46,928178,0.0,71.99999999999994,,87.58485616201546,2.2220404087587298,1.631656945776659,0.5903834629820708
2020-01-31,72.41,72.58,71.6168,72.15,1822898,0.0,72.15399999999995,,83.6193764718953,2.239197103978512,1.7531649774170297,0.4860321265614822
2020-02-03,72.25,72.26,71.73,71.8,1125995,0.0,72.16199999999995,,79.2563122680409,2.1992008155726097,1.8423721450481458,0.3568286705244639
2020-02-04,71.6,71.65,70.9,71.0,2150518,0.0,71.92199999999995,,70.23545695185405,2.0789849108036265,1.889694698199242,0.1892902126043845
2020-02-05,70.87,71.22,70.73,71.01,1358515,0.0,71.68399999999995,,70.28099169236107,1.9619042456905618,1.9041366076975061,0.05776763799305562
2020-02-06,71.03,71.69,70.94,71.32,993458,0.0,71.45599999999996,,71.72507258713568,1.8725458414488116,1.8978184544477674,-0.02527261299895578
2020-02-07,71.56,71.77,70.85,70.88,913398,0.0,71.20199999999996,,66.76613001638904,1.7460964268269379,1.8674740489236017,-0.1213776220966638
2020-02-10,71.1,71.12,70.62,70.79,986339,0.0,70.99999999999996,,65.76455272467703,1.6199483506778733,1.8179689092744562,-0.19802055859658285
2020-02-11,70.8,71.1,70.48,70.84,988930,0.0,70.96799999999996,,66.06908686791417,1.5066420420063338,1.755703535820832,-0.24906149381449816
2020-02-12,70.4,70.97,70.29,70.74,951946,0.0,70.91399999999996,,64.82706000141964,1.3927223751895497,1.6831073036945756,-0.29038492850502595
2020-02-13,70.89,71.68,70.69,71.55,663636,0.0,70.95999999999997,,69.78229117344378,1.3522129795332063,1.6169284388623018,-0.26471545932909546
2020-02-14,71.82,72.48,71.525,72.35,998526,0.0,71.25399999999998,,73.72021024586564,1.3688826783262726,1.567319286755096,-0.19843660842882338
2020-02-18,72.61,76.57,72.41,73.92,2167197,0.0,71.87999999999997,,79.39522996894793,1.4915853462886446,1.5521724986618057,-0.060587152373161146
2020-02-19,73.75,74.06,73.56,73.96,1826137,0.0,72.50399999999998,,79.5165947476813,1.5739126747914867,1.556520533887742,0.017392140903744746
2020-02-20,73.77,74.14,72.91,73.56,1336527,0.0,73.06799999999997,,74.7735463224134,1.5885689843046435,1.5629302239711222,0.025638760333521304
2020-02-21,73.68,74.03,72.89,72.9,1343693,0.0,73.33799999999998,,67.60774349728342,1.5292989249852553,1.556203964173949,-0.02690503918869358
2020-02-24,72.85,73.24,71.97,72.01,1170555,0.0,73.26999999999998,,59.348214413247334,1.3944372098491726,1.5238506133089937,-0.1294134034598211
2020-02-25,72.08,72.13,70.03,70.1,1035212,0.0,72.50599999999999,,46.280844981958865,1.1205206272228878,1.4431846160917727,-0.3226639888688849
2020-02-26,70.12,70.85,69.57,69.59,832905,0.0,71.63199999999998,,43.52508354842171,0.8524603915217028,1.3250397711777588,-0.472579379656056
2020-02-27,69.32,69.7,66.94,66.99,1748985,0.0,70.31799999999998,,32.8018357268884,0.4253196325931725,1.1450957434608418,-0.7197761108676692
2020-02-28,65.86,65.86,63.18,65.09,2362454,0.0,68.756,,27.474793875875903,-0.06574870710973357,0.9029268533467267,-0.9686755604564603
2020-03-02,66.8,69.85,65.85,69.46,2359179,0.0,68.246,,48.27955493258778,-0.10113559767913216,0.702114363141555,-0.8032499608206871
2020-03-03,69.65,71.115,68.58,68.85,2163879,0.0,67.99599999999998,,46.28367382969263,-0.17636879573004194,0.5264177313672356,-0.7027865270972775
2020-03-04,69.57,73.16,69.57,73.07,2021804,0.0,68.69199999999998,,58.932204951752645,0.10333589292785916,0.4418013636793603,-0.33846547075150113
2020-03-05,71.95,72.75,71.07,71.61,1560108,0.0,69.61599999999999,,54.17896655806868,0.20483288953529666,0.39440766885054757,-0.1895747793152509
2020-03-06,69.05,70.065,67.585,69.82,1305891,0.0,70.56199999999998,,48.964573766013515,0.13922702773730578,0.34337154062789926,-0.2041445128905935
2020-03-09,65.58,67.73,63.55,64.5,2210661,0.0,69.57,,37.433358001876194,-0.33814767341766583,0.20706769781878626,-0.545215371236452
2020-03-10,65.42,66.9,63.74,66.76,2351175,0.0,69.152,,43.51862794624971,-0.528020756391868,0.060050006976655426,-0.5880707633685234
2020-03-11,65.01,65.35,61.24,62.34,1645978,0.0,67.006,,36.11954655214595,-1.023356980871469,-0.1566313905929695,-0.8667255902784996
2020-03-12,58.21,58.89,54.87,55.95,2474412,0.0,63.874,,28.55960993855639,-1.9095223193569524,-0.507209576345766,-1.4023127430111864
2020-03-13,58.82,59.75,54.31,59.07,1876830,0.0,61.724000000000004,,35.64254331804412,-2.3331615752147314,-0.8723999761195591,-1.4607615990951723
2020-03-16,52.24,57.2,48.83,49.47,2349655,0.0,58.718,,26.82862414586556,-3.4042959030210866,-1.3787791614998648,-2.025516741521222
2020-03-17,50.51,57.83,48.05,57.6,3111477,0.0,56.88600000000001,,40.29409790253383,-3.556161306253742,-1.8142555904506403,-1.7419057158031015
2020-03-18,53.78,59.49,53.34,57.72,2924432,0.0,55.96200000000001,,40.468240300507574,-3.6250454676895387,-2.1764135658984203,-1.4486319017911184
2020-03-19,56.39,57.0,51.7,55.12,1948678,0.0,55.796000000000014,,37.88963726887302,-3.845110887986081,-2.5101530303159527,-1.3349578576701284
2020-03-20,54.79,55.7099,46.8001,47.18,2333145,0.0,53.41800000000002,,31.325220536731408,-4.607098201460744,-2.9295420645449113,-1.6775561369158325
2020-03-23,46.8,47.66,42.0101,44.94,1926673,0.0,52.512000000000015,,29.75881733191018,-5.3302837239669785,-3.4096903964293253,-1.9205933275376532
2020-03-24,46.96,51.4,46.34,50.7,1397514,0.0,51.13200000000001,,38.302345030306824,-5.376650914261411,-3.803082499995743,-1.5735684142656683
2020-03-25,50.26,54.45,49.43,51.83,1274401,0.0,49.954000000000015,,39.84808181102615,-5.26156365977117,-4.094778731950829,-1.1667849278203413
2020-03-26,52.12,59.63,51.91,58.18,1410864,0.0,50.56600000000001,,47.7674110899292,-4.60488203691105,-4.196799392942873,-0.40808264396817684
2020-03-27,55.87,59.88,55.74,57.47,1504224,0.0,52.62400000000001,,47.02197723412542,-4.094548776414818,-4.176349269637263,0.08180049322244454
2020-03-30,58.75,59.6,57.38,59.11,1211153,0.0,55.45800000000001,,49.00169523595329,-3.5172272899700303,-4.044524873703816,0.5272975837337857
2020-03-31,58.26,58.72,54.75,55.01,1404660,0.0,56.320000000000014,,44.52238915316353,-3.351893050846961,-3.9059985091324454,0.5541054582854845
2020-04-01,52.66,54.15,50.74,51.75,1115235,0.0,56.304000000000016,,41.290418929239756,-3.44421644696596,-3.8136420966991484,0.36942564973318825
2020-04-02,50.96,54.22,50.64,53.52,1111885,0.0,55.372000000000014,,43.680898079448184,-3.336102680996902,-3.718134213558699,0.38203153256179734
2020-04-03,52.95,55.36,50.68,51.8,3895116,0.0,54.238000000000014,,41.89570440484898,-3.350587876536842,-3.6446249461543276,0.29403706961748544
2020-04-06,53.72,58.34,53.62,57.75,2235138,0.0,53.96600000000001,,49.57333526042236,-2.84910946419307,-3.485521849762076,0.636412385569006
2020-04-07,59.29,59.84,56.97,57.11,3010306,0.0,54.38600000000001,,48.82599601431062,-2.47479891931755,-3.283377263673171,0.8085783443556211
2020-04-08,57.3,61.4,55.73,60.86,2418118,0.0,56.20800000000001,,53.27118655199461,-1.8541875360752798,-2.997539318153593,1.1433517820783132
2020-04-09,61.36,64.7,61.18,63.1,2775030,0.0,58.124000000000024,,55.74412522398316,-1.1681337453746323,-2.631658203597801,1.4635244582231688
2020-04-13,62.08,62.08,59.79,60.75,1254410,0.0,59.91400000000002,,52.59918677770921,-0.8047795361889456,-2.2662824701160305,1.4615029339270849
2020-04-14,62.18,62.74,60.76,62.55,1393684,0.0,60.874000000000024,,54.70700618712043,-0.3673392921125327,-1.886493834515331,1.5191545424027983
2020-04-15,61.65,61.81,59.97,60.09,1789242,0.0,61.47000000000003,,51.34649245950584,-0.21666856764112197,-1.5525287811404893,1.3358602134993673
2020-04-16,60.38,60.58,58.92,59.96,2005962,0.0,61.29000000000002,,51.16761696618046,-0.10652291664340652,-1.263327608241073,1.1568046915976664
2020-04-17,61.16,61.5,60.04,61.0,1791062,0.0,60.87000000000002,,52.59053469467387,0.0639504329034537,-0.9978720000121677,1.0618224329156214
2020-04-20,61.71,61.84,59.04,59.1,1858110,0.0,60.54000000000002,,49.73902976723159,0.04521644257231827,-0.7892543114952705,0.8344707540675887
2020-04-21,58.11,58.74,56.75,58.25,2279542,0.0,59.68000000000002,,48.4727939296509,-0.03778274008111282,-0.6389599972124389,0.6011772571313261
2020-04-22,59.22,60.39,58.5,59.53,1486126,0.0,59.568000000000005,,50.51575444091252,-0.00027175509355004124,-0.5112223487886611,0.5109505936951111
2020-04-23,59.77,60.33,57.6,57.79,2347658,0.0,59.134000000000015,,47.74453445437731,-0.1096831286207447,-0.43091450475507787,0.32123137613433317
2020-04-24,57.94,58.58,56.42,58.52,2015462,0.0,58.63800000000001,,49.00840062191058,-0.13592072179879722,-0.3719157481638218,0.23599502636502456
2020-04-27,58.91,59.97,58.63,59.24,1449412,0.0,58.66600000000001,,50.28556327375545,-0.09749238914002234,-0.3170310763590619,0.21953868721903957
2020-04-28,60.94,61.78,59.54,60.11,1942238,0.0,59.03800000000001,,51.854742427369096,0.003128012676846481,-0.2529992585518802,0.2561272712287267
2020-04-29,61.22,61.8,59.36,59.59,2367936,0.0,59.050000000000026,,50.822189895897594,0.04044453247437474,-0.19431050034662922,0.23475503282100396
2020-04-30,59.0,59.25,57.07,58.44,2037488,0.0,59.18000000000002,,48.52110047018184,-0.022517676031540645,-0.15995193548361153,0.13743425945207088
2020-05-01,57.68,57.97,55.71,55.94,2110020,0.0,58.66400000000002,,43.87078535293152,-0.27102062940760874,-0.18216567426841096,-0.08885495513919778
2020-05-04,55.89,56.73,55.13,56.63,2145656,0.0,58.14200000000002,,45.4254463333292,-0.4075853862759544,-0.22724961666991966,-0.18033576960603476
2020-05-05,56.67,58.23,56.67,57.29,2200326,0.0,57.57800000000002,,46.93935198635762,-0.45728614580213645,-0.273256922496363,-0.18402922330577343
2020-05-06,57.54,57.54,54.63,54.93,2364408,0.0,56.64600000000003,,42.409118231992714,-0.6792763574445644,-0.35446080948600334,-0.32481554795856105
2020-05-07,54.24,57.76,54.0,55.87,3383682,0.0,56.132000000000026,,44.69851390674298,-0.7704735163388321,-0.4376633508565691,-0.332810165482263
2020-05-08,56.91,57.51,55.86,57.51,3103950,0.0,56.446000000000026,,48.5419620901534,-0.7023177460555559,-0.4905942298963665,-0.21172351615918938
2020-05-11,57.02,57.02,55.32,55.77,2856906,0.0,56.27400000000002,,44.97083532676037,-0.7797191483002166,-0.5484192135771365,-0.23129993472308008
2020-05-12,55.92,58.71,54.84,56.13,5097592,0.0,56.042000000000016,,45.85831344906458,-0.8027576355483177,-0.5992868979713728,-0.2034707375769449
2020-05-13,55.84,56.655,55.24,56.53,4635646,0.0,56.36200000000002,,46.88334591160902,-0.7797506653233341,-0.6353796514417651,-0.14437101388156903
2020-05-14,55.82,56.83,54.76,56.7,4230590,0.0,56.52800000000002,,47.33965920215977,-0.7392779602715933,-0.6561593132077308,-0.08311864706386252
2020-05-15,55.99,56.85,54.76,56.54,5343524,0.0,56.334000000000024,,46.93101242721914,-0.7119072886752562,-0.6673089083012359,-0.04459838037402031
2020-05-18,58.13,59.32,58.016999999999996,58.92,2463446,0.0,56.964000000000034,,53.377982699593325,-0.49249257686985715,-0.6323456420149602,0.1398530651451031
2020-05-19,58.11,58.7,57.37,57.75,2237590,0.0,57.28800000000003,,50.15245587653729,-0.4083073459468807,-0.5875379828013443,0.1792306368544636
2020-05-20,58.54,59.68,58.4,59.12,2784204,0.0,57.80600000000004,,53.68191748366508,-0.22840943173716965,-0.5157122725885094,0.2873028408513397
2020-05-21,59.28,59.49,58.29,58.65,2084230,0.0,58.19600000000004,,52.313432959669846,-0.1223536934619105,-0.4370405567631896,0.3146868633012791
2020-05-22,59.19,60.01,58.82,59.99,2646062,0.0,58.88600000000004,,55.774989566916474,0.06902734015502432,-0.33582697737954686,0.4048543175345712
2020-05-26,61.04,61.4,59.4,59.87,5018866,0.0,59.076000000000036,,55.387244509836776,0.20861045948276313,-0.22693949000708485,0.435549949489848
2020-05-27,60.88,61.35,59.92,60.94,2371350,0.0,59.714000000000034,,58.1790664180951,0.40094925144059346,-0.10136174171754919,0.5023109931581426
2020-05-28,61.83,62.68,61.4,62.32,2741506,0.0,60.35400000000003,,61.52336991518893,0.6571582850093662,0.050342263627833894,0.6068160213815323
2020-05-29,61.85,62.48,61.105,61.7,3113774,0.0,60.964000000000034,,59.23164218650829,0.8009441855545916,0.20046264801318545,0.6004815375414061
2020-06-01,61.7,63.06,61.38,62.97,2093600,0.0,61.56000000000004,,62.32725663946752,1.0057799288814309,0.36152610418683456,0.6442538246945964
2020-06-02,63.14,63.43,62.62,63.05,4516760,0.0,62.19600000000004,,62.5203158470986,1.1611836602186258,0.5214576153931929,0.6397260448254329
2020-06-03,63.19,64.02,63.05,63.42,2590936,0.0,62.69200000000004,,63.45316090273684,1.2992215276740495,0.6770103978493642,0.6222111298246853
2020-06-04,63.87,63.895,61.7,62.41,2813158,0.0,62.71000000000005,,59.12698978192133,1.3119951101228935,0.8040073403040702,0.5079877698188233
2020-06-05,63.05,64.32,62.64,63.06,2918562,0.0,62.98200000000005,,60.9712075961721,1.358903243265182,0.9149865208962926,0.44391672236888935
2020-06-08,63.01,65.4,62.56,65.1,3282034,0.0,63.40800000000004,,66.13561273998516,1.5429035955189292,1.04056993582082,0.5023336596981092
2020-06-09,63.99,64.26,62.52,63.57,6207002,0.0,63.512000000000036,,59.74978120552586,1.5474291866519962,1.1419417859870553,0.40548740066494093
2020-06-10,63.53,64.22,62.86,63.43,2292848,0.0,63.51400000000003,,59.1866274846528,1.5221722658969696,1.2179878819690382,0.30418438392793146
2020-06-11,62.0,62.39,60.325,60.95,3088150,0.0,63.22200000000002,,50.166498347063126,1.2872026297966315,1.2318308315345567,0.05537179826207472
2020-06-12,61.76,62.19,60.8,60.82,863406,0.0,62.77400000000002,,49.73858196268379,1.0780702638513944,1.2010787179979243,-0.12300845414652994
2020-06-15,58.76,60.18,57.69,59.36,3786352,0.0,61.62600000000002,,45.08709732640366,0.7854671821125123,1.117956410820842,-0.33248922870832964
2020-06-16,60.68,61.02,59.22,59.99,6037768,0.0,60.910000000000025,,47.374117321571646,0.5975249706975774,1.013870122796189,-0.41634515209861167
2020-06-17,60.22,60.3,58.955,59.88,2366874,0.0,60.200000000000024,,47.006000485648244,0.43469246921068816,0.8980345920790889,-0.4633421228684007
2020-06-18,59.57,60.72,58.93,60.56,4215026,0.0,60.12200000000003,,49.6125606206052,0.3564084014450515,0.7897093539522814,-0.4333009525072299
2020-06-19,61.5,61.81,59.33,59.36,6849794,0.0,59.83000000000003,,45.37143993790503,0.19528660018769983,0.6708248031993651,-0.4755382030116653
2020-06-22,59.35,60.51,58.59,59.92,1139725,0.0,59.94200000000003,,47.62169572180853,0.1114984470637097,0.558959531972234,-0.4474610849085243
2020-06-23,60.46,60.53,58.72,59.64,1625091,0.0,59.87200000000003,,46.58835348029067,0.022245638239340337,0.4516167532256553,-0.429371114986315
2020-06-24,59.09,59.574,57.98,59.05,1654390,0.0,59.70600000000003,,44.40199930290496,-0.09500081469415989,0.3422932396416923,-0.43729405433585217
2020-06-25,59.1,59.46,57.94,58.97,2286707,0.0,59.38800000000002,,44.099793797216236,-0.19215970728086518,0.2354026502571808,-0.42756235753804595
2020-06-26,58.86,59.54,57.6,58.09,2483707,0.0,59.134000000000015,,40.8094732873651,-0.33629092275727857,0.12106393565428894,-0.45735485841156753
2020-06-29,58.81,59.35,58.11,59.18,1118431,0.0,58.98600000000001,,46.16716148183963,-0.3584302975862954,0.02516508900617208,-0.3835953865924675
2020-06-30,59.28,59.76,58.65,59.25,1738396,0.0,58.908000000000015,,46.502064053407636,-0.3661072402861052,-0.053089376852283376,-0.3130178634338218
2020-07-01,59.25,61.31,59.2,61.01,1162192,0.0,59.30000000000001,,54.21460493838002,-0.22755091630121882,-0.08798168474207047,-0.13956923155914835
2020-07-02,61.7,62.03,61.225,61.48,1033393,0.0,59.80200000000002,,56.03730268594464,-0.07890934148340989,-0.08616721609033835,0.007257874606928463
2020-07-06,62.13,62.56,60.98,61.47,1168321,0.0,60.47800000000002,,55.9862338721388,0.037649263761110774,-0.061403920120048534,0.0990531838811593
2020-07-07,60.8,61.15,60.27,60.85,1126394,0.0,60.812000000000026,,52.77492174993815,0.07908236742834873,-0.033306662610369075,0.11238903003871781
2020-07-08,60.68,61.55,60.41,61.38,763816,0.0,61.23800000000002,,55.143540278575216,0.15292217950463538,0.003939105812631814,0.14898307369200356
2020-07-09,61.11,61.18,59.54,60.89,1550252,0.0,61.21400000000002,,52.52078057846504,0.16994286213416387,0.03713985707693823,0.13280300505722564
2020-07-10,60.76,62.105,60.69,61.99,1066009,0.0,61.31600000000002,,57.41720756770539,0.2690907717483526,0.08353004001122111,0.1855607317371315
2020-07-13,62.04,62.6957,61.02,61.59,1440601,0.0,61.34000000000001,,55.188385537136725,0.31179536450307666,0.12918310490959223,0.18261225959348443
2020-07-14,61.57,62.75,61.41,62.38,854457,0.0,61.646,,58.60599588890787,0.4047200982624446,0.18429050358016272,0.22042959468228188
2020-07-15,63.0,63.24,61.09,61.24,1877733,0.0,61.61800000000001,,52.39598440583737,0.3819720110566749,0.22382680507546515,0.15814520598120974
2020-07-16,61.03,61.91,61.0,61.43,1333281,0.0,61.72600000000001,,53.28445931094878,0.37495317337629785,0.25405207873563174,0.12090109464066612
2020-07-17,61.92,63.37,61.87,63.22,1011650,0.0,61.972,,60.722082095677095,0.50797313618083,0.3048362902246714,0.20313684595615855
2020-07-20,62.87,62.99,62.43,62.67,676480,0.0,62.18800000000001,,57.6831826831882,0.5625275442336033,0.3563745410264578,0.20615300320714547
2020-07-21,62.94,63.785,62.405,62.99,1503004,0.0,62.31000000000002,,58.96978817784743,0.6243860970472213,0.40997685223061053,0.21440924481661072
2020-07-22,62.95,64.32,62.2,64.08,1030915,0.0,62.87800000000001,,63.08674191952997,0.7526868310516548,0.4785188479948194,0.2741679830568354
2020-07-23,63.88,65.31,63.88,64.34,1157271,0.0,63.46,,64.01428459984898,0.8653704621827387,0.5558891708324033,0.3094812913503354
2020-07-24,64.5,64.855,63.45,64.08,1259553,0.0,63.63199999999999,62.754500000000014,62.327665298497166,0.9230528459785177,0.6293219058616262,0.2937309401168915
