Date,Open,High,Low,Close,Volume,OpenInterest,5 day sma,200 day sma,rsi,macd,signal,histogram
2019-10-09,8.61,8.64,8.56,8.57,14877433,0.0,,,,,,
2019-10-10,8.58,8.65,8.52,8.625,20958134,0.0,,,,,,
2019-10-11,8.73,8.87,8.73,8.78,28228882,0.0,,,,,,
2019-10-14,8.82,8.84,8.755,8.82,17453745,0.0,,,,,,
2019-10-15,8.84,9.0999,8.78,9.075,26038807,0.0,8.774000000000001,,,,,
2019-10-16,9.11,9.19,9.06,9.07,22895422,0.0,8.874,,,,,
2019-10-17,9.12,9.14,9.03,9.11,25268757,0.0,8.971,,,,,
2019-10-18,9.09,9.32,9.09,9.2957,36320884,0.0,9.07414,,,,,
2019-10-21,9.19,9.245,9.01,9.03,26166037,0.0,9.11614,,,,,
2019-10-22,9.01,9.14,8.96,9.06,31578517,0.0,9.113140000000001,,,,,
2019-10-23,9.01,9.21,8.97,9.21,35810561,0.0,9.141140000000002,,,,,
2019-10-24,8.87,8.89,8.55,8.6,100620348,0.0,9.039140000000002,,,,,
2019-10-25,8.67,8.75,8.62,8.72,39327157,0.0,8.924000000000001,,,,,
2019-10-28,8.76,8.76,8.58,8.61,35632885,0.0,8.84,,,,,
2019-10-29,8.59,8.71,8.59,8.64,31623238,0.0,8.756,,51.70615189626597,,,
2019-10-30,8.64,8.64,8.52,8.53,24753427,0.0,8.620000000000001,,48.883303436589344,,,
2019-10-31,8.5281,8.6,8.52,8.59,16235055,0.0,8.617999999999999,,50.47164003375726,,,
2019-11-01,8.64,8.93,8.64,8.89,48420531,0.0,8.652,,57.570692618823244,,,
2019-11-04,8.93,9.05,8.93,9.0,40276596,0.0,8.73,,59.84347910600596,,,
2019-11-05,9.02,9.15,9.0,9.02,30781482,0.0,8.806000000000001,,60.260290306084826,,,
2019-11-06,9.05,9.05,8.89,8.92,31687094,0.0,8.884,,57.07058672236869,,,
2019-11-07,8.96,9.01,8.88,8.9,23831004,0.0,8.946000000000002,,56.427272951964724,,,
2019-11-08,8.9,9.04,8.82,9.04,24893642,0.0,8.976,,59.839894138521665,,,
2019-11-11,8.95,9.1,8.94,9.08,21479751,0.0,8.992,,60.78491870790376,,,
2019-11-12,9.06,9.13,9.04,9.05,23797496,0.0,8.998000000000001,,59.65117932820087,,,
2019-11-13,9.0,9.0,8.8,8.815,30502468,0.0,8.977,,51.54146685360318,0.031977345612075325,,
2019-11-14,8.85,8.9059,8.78,8.79,21801670,0.0,8.955000000000002,,50.750992485573946,0.01935453241468643,,
2019-11-15,8.85,8.96,8.85,8.96,23298394,0.0,8.939000000000002,,55.72373108446037,0.022805553044486615,,
2019-11-18,9.05,9.05,8.89,8.95,30419163,0.0,8.913000000000002,,55.36956657930341,0.024451730996101873,,
2019-11-19,8.99,9.0,8.87,8.91,26133339,0.0,8.885000000000002,,53.89402933901426,0.022271936160517924,,
2019-11-20,8.88,8.89,8.68,8.73,32247789,0.0,8.868000000000004,,47.72996247530223,0.005951334096621963,,
2019-11-21,8.77,8.79,8.67,8.71,27143224,0.0,8.852000000000004,,47.08556087756463,-0.008498725458814249,,
2019-11-22,8.8,8.9,8.77,8.89,27357590,0.0,8.838000000000005,,53.2084966911703,-0.0053641712591279145,,
2019-11-25,8.9,9.01,8.87,9.0,25203138,0.0,8.848000000000004,,56.51967915411327,0.0059277349800481716,0.013208585620732904,-0.007280850640684733
2019-11-26,8.96,9.02,8.91,9.0,21832249,0.0,8.866000000000005,,56.51967915411327,0.014707117532337222,0.013508292003053769,0.0011988255292834527
2019-11-27,9.03,9.15,9.02,9.095,30180547,0.0,8.939000000000004,,59.39753355471133,0.028996296255272114,0.016605892853497436,0.012390403401774677
2019-11-29,9.04,9.1,9.03,9.07,11092969,0.0,9.011000000000005,,58.30389272330545,0.03786677763357993,0.020858069809513935,0.017008707824065994
2019-12-02,9.07,9.14,9.0,9.01,30188647,0.0,9.035000000000004,,55.65533739489445,0.039598729965488744,0.024606201840708896,0.014992528124779848
2019-12-03,8.95,8.95,8.8,8.9,32551062,0.0,9.015000000000004,,51.074530356813824,0.03172947632278955,0.02603085673712503,0.005698619585664522
2019-12-04,8.95,9.03,8.94,8.95,25421524,0.0,9.005000000000004,,52.96939312900672,0.029191121174546808,0.026662909624609387,0.002528211549937421
2019-12-05,8.97,9.0,8.88,8.921,17502129,0.0,8.970200000000004,,51.71827176235359,0.024556328723079446,0.0262415934443034,-0.0016852647212239544
2019-12-06,8.96,9.07,8.945,9.01,26832648,0.0,8.958200000000003,,55.214416268684516,0.027744951973661003,0.026542265150174923,0.0012026868234860794
2019-12-09,8.97,9.07,8.96,9.005,17773973,0.0,8.957200000000004,,54.973578134353545,0.02952811888538598,0.027139435897217137,0.0023886829881688415
2019-12-10,9.02,9.1,8.96,9.06,24856223,0.0,8.989200000000006,,57.185844999738514,0.03497614858676101,0.028706778435125917,0.006269370151635097
2019-12-11,9.06,9.14,9.055,9.11,22505691,0.0,9.021200000000004,,59.15076988372549,0.042834563326167086,0.03153233541333415,0.011302227912832932
2019-12-12,9.11,9.36,9.105,9.32,41996553,0.0,9.101000000000004,,66.17274527493636,0.06525543455132876,0.03827695524093308,0.02697847931039568
2019-12-13,9.32,9.39,9.19,9.23,30563549,0.0,9.145000000000007,,61.30861881232624,0.07489850534538789,0.045601265261824044,0.029297240083563846
2019-12-16,9.24,9.39,9.22,9.39,35184407,0.0,9.222000000000005,,66.08192273182428,0.09436360633394791,0.05535373347624882,0.03900987285769909
2019-12-17,9.38,9.41,9.31,9.39,27855486,0.0,9.288000000000006,,66.08192273182428,0.10853867284824403,0.06599072135064787,0.04254795149759616
2019-12-18,9.39,9.575,9.36,9.55,38582052,0.0,9.376000000000005,,70.32742824597139,0.13117111900220024,0.07902680088095834,0.0521443181212419
2019-12-19,9.55,9.56,9.38,9.4027,30351137,0.0,9.392540000000004,,62.56341801400734,0.1356578375672406,0.09035300821821479,0.0453048293490258
2019-12-20,9.5,9.54,9.44,9.48,35503974,0.0,9.442540000000003,,64.76195892110076,0.14379349641372663,0.10104110585731717,0.04275239055640946
2019-12-23,9.5,9.57,9.4,9.435,28049287,0.0,9.451540000000003,,62.46224582194951,0.14493917218902297,0.10982071912365834,0.035118453065364624
2019-12-24,9.44,9.49,9.43,9.48,10726141,0.0,9.469540000000004,,63.844882712467516,0.14777479654643244,0.11741153460821317,0.03036326193821927
2019-12-26,9.47,9.49,9.43,9.45,17168082,0.0,9.449540000000004,,62.20004159554585,0.14591923390284833,0.1231130744671402,0.02280615943570813
2019-12-27,9.45,9.46,9.345,9.36,23159222,0.0,9.441000000000006,,57.420657241657885,0.13562306107493605,0.12561507178869938,0.010007989286236668
2019-12-30,9.34,9.35,9.23,9.255,31738089,0.0,9.396000000000006,,52.36525222462903,0.11763462867614471,0.12401898316618845,-0.0063843544900437366
2019-12-31,9.25,9.33,9.24,9.29,24595062,0.0,9.367000000000006,,53.82461006660997,0.10499258473206297,0.12021370347936336,-0.015221118747300394
2020-01-02,9.29,9.42,9.19,9.42,37027636,0.0,9.355000000000008,,58.86546820895287,0.1042617231265055,0.11702330740879179,-0.012761584282286284
2020-01-03,9.31,9.37,9.15,9.21,36733714,0.0,9.307000000000007,,49.47039973510172,0.08574880622042436,0.11076840717111831,-0.025019600950693957
2020-01-06,9.1,9.17,9.06,9.15,31435591,0.0,9.265000000000008,,47.154706473762786,0.06548086498380457,0.10171089873365557,-0.03623003374985101
2020-01-07,9.2,9.25,9.12,9.25,36037508,0.0,9.264000000000006,,51.25051005478186,0.05683241113763415,0.0927352012144513,-0.03590279007681714
2020-01-08,9.23,9.3,9.17,9.25,38770841,0.0,9.256000000000007,,51.25051005478186,0.0494088941796651,0.08406993980749407,-0.03466104562782897
2020-01-09,9.3,9.31,9.18,9.275,34679388,0.0,9.227000000000007,,52.32193270815183,0.04502398608804015,0.07626074906360328,-0.03123676297556313
2020-01-10,9.27,9.36,9.25,9.25,31789697,0.0,9.235000000000007,,51.11217120153901,0.03908112093262872,0.06882482343740837,-0.029743702504779646
2020-01-13,9.235,9.26,9.11,9.24,39351349,0.0,9.253000000000007,,50.608112865433945,0.03318194030166488,0.06169624681025967,-0.028514306508594787
2020-01-14,9.22,9.33,9.21,9.29,33194823,0.0,9.261000000000006,,53.09866895793778,0.03217053735373909,0.05579110491895555,-0.02362056756521646
2020-01-15,9.27,9.3,9.18,9.2,39545022,0.0,9.251000000000008,,48.370643947448094,0.02383202464691614,0.04939928886454767,-0.02556726421763153
2020-01-16,9.23,9.28,9.15,9.18,36673848,0.0,9.232000000000008,,47.361407558212484,0.01543197025100973,0.04260582514184008,-0.02717385489083035
2020-01-17,9.19,9.23,9.13,9.15,35941497,0.0,9.212000000000007,,45.81716613353456,0.0062817057499309215,0.03534100126345825,-0.02905929551352733
2020-01-21,9.15,9.22,9.1,9.21,74442046,0.0,9.206000000000007,,49.37258696591372,0.003827433496951471,0.029038287710156898,-0.025210854213205427
2020-01-22,9.22,9.25,9.15,9.16,61100040,0.0,9.180000000000009,,46.62679100761835,-0.002127650843668505,0.022805099999391818,-0.024932750843060323
2020-01-23,9.14,9.16,8.93,9.14,94463514,0.0,9.16800000000001,,45.53590094318256,-0.008364510075278275,0.0165711779844578,-0.024935688059736075
2020-01-24,9.11,9.12,8.96,9.0,104359339,0.0,9.132000000000009,,38.70877906654288,-0.02432370736414491,0.008392200914737257,-0.03271590827888217
2020-01-27,8.88,8.96,8.78,8.89,47233058,0.0,9.080000000000009,,34.35093560950929,-0.04532508749229791,-0.0023512567666697766,-0.04297383072562813
2020-01-28,8.94,9.0,8.86,8.98,52316801,0.0,9.03400000000001,,40.27541012902226,-0.05408314784920165,-0.012697634983176153,-0.0413855128660255
2020-01-29,8.87,8.955,8.85,8.855,35892733,0.0,8.97300000000001,,35.48552870753399,-0.07030005385134253,-0.02421811875680943,-0.046081935094533094
2020-01-30,8.81,8.84,8.73,8.84,38642460,0.0,8.913000000000011,,34.94840042229052,-0.08340104796867465,-0.036054704599182474,-0.04734634336949217
2020-01-31,8.78,8.84,8.74,8.81,46502911,0.0,8.87500000000001,,33.84499312461536,-0.0951080826991344,-0.04786538021917286,-0.04724270247996154
2020-02-03,8.85,9.14,8.85,8.97,61898264,0.0,8.89100000000001,,43.99999535802965,-0.09043287534893629,-0.05637887924512555,-0.03405399610381074
2020-02-04,9.08,9.24,9.07,9.1711,67671149,0.0,8.92922000000001,,53.63375857600864,-0.06969722428711123,-0.05904254825352269,-0.010654676033588537
2020-02-05,8.41,8.48,8.26,8.31,133264801,0.0,8.82022000000001,,29.907958204698332,-0.12134881135505893,-0.07150380087382995,-0.04984501048122898
2020-02-06,8.37,8.38,8.25,8.255,63482863,0.0,8.70322000000001,,29.024785888018172,-0.1648211509512567,-0.09016727088931531,-0.0746538800619414
2020-02-07,8.21,8.21,8.02,8.11,78838790,0.0,8.56322000000001,,26.779597803482943,-0.2085693241283213,-0.11384768153711651,-0.09472164259120479
2020-02-10,8.15,8.15,8.05,8.06,56555829,0.0,8.38122000000001,,26.031816062681557,-0.2444567039778338,-0.13996948602525996,-0.10448721795257385
2020-02-11,8.1,8.15,8.08,8.1,68820917,0.0,8.16700000000001,,27.769481680066377,-0.2665968824470788,-0.16529496530962373,-0.10130191713745507
2020-02-12,8.14,8.33,8.13,8.25,99916025,0.0,8.15500000000001,,34.02833334511563,-0.2689392230432439,-0.18602381685634778,-0.08291540618689613
2020-02-13,8.21,8.36,8.21,8.26,56580547,0.0,8.15600000000001,,34.43621238342736,-0.266911834928635,-0.20220142047080525,-0.06471041445782977
2020-02-14,8.27,8.27,8.08,8.1,39603049,0.0,8.154000000000009,,31.120856612499807,-0.27504522788808927,-0.21677018195426206,-0.05827504593382721
2020-02-18,8.12,8.1499,8.02,8.05,56405946,0.0,8.15200000000001,,30.14417531009488,-0.28227172974648695,-0.22987049151270705,-0.0524012382337799
2020-02-19,8.06,8.1,8.0,8.0,47794772,0.0,8.132000000000009,,29.15868150932576,-0.2887053510914246,-0.24163746342845058,-0.04706788766297401
2020-02-20,8.0,8.07,7.99,8.02,44075145,0.0,8.08600000000001,,30.142484861632127,-0.2888604065486682,-0.2510820520524941,-0.03777835449617406
2020-02-21,8.02,8.03,7.89,7.89,52283747,0.0,8.012000000000011,,27.47188869826857,-0.29606040262999933,-0.2600777221679952,-0.035982680462004146
2020-02-24,7.7,7.7197,7.55,7.57,93696430,0.0,7.90600000000001,,22.246854930590516,-0.3238545830056285,-0.2728330943355219,-0.05102148867010664
2020-02-25,7.68,7.68,7.22,7.23,97455189,0.0,7.74200000000001,,18.270654180962424,-0.36906250685541586,-0.2920789768395007,-0.07698353001591518
2020-02-26,7.3,7.46,7.21,7.21,79597655,0.0,7.58400000000001,,18.066103962767542,-0.4018714214744197,-0.3140374657664845,-0.08783395570793517
2020-02-27,7.13,7.28,6.92,6.97,104411051,0.0,7.374000000000009,,15.782652551811069,-0.4421419794069772,-0.3396583684945831,-0.10248361091239411
2020-02-28,6.84,6.96,6.67,6.96,102779279,0.0,7.1880000000000095,,15.693645472798949,-0.46945205209593954,-0.36561710521485435,-0.10383494688108519
2020-03-02,7.11,7.23,6.88,7.2,81886682,0.0,7.11400000000001,,26.418881606585217,-0.4663536526118399,-0.3857644146942515,-0.08058923791758843
2020-03-03,7.29,7.34,6.89,6.96,86280541,0.0,7.060000000000011,,23.235535100143636,-0.4777568592540762,-0.4041629036062165,-0.0735939556478597
2020-03-04,7.09,7.09,6.92,7.08,63860166,0.0,7.0340000000000105,,27.912702536380152,-0.47167382332700747,-0.4176650875503747,-0.05400873577663279
2020-03-05,6.96,6.97,6.71,6.74,69830868,0.0,6.988000000000011,,23.53692896096615,-0.4886552188448068,-0.4318631138092611,-0.05679210503554566
2020-03-06,6.6,6.68,6.4,6.49,96826102,0.0,6.894000000000011,,20.937789631260813,-0.5163340305029722,-0.4487572971480034,-0.06757673335496883
2020-03-09,5.97,6.14,5.87,5.89,92539157,0.0,6.63200000000001,,16.288748343712726,-0.5799988085200196,-0.47500559942240667,-0.10499320909761295
2020-03-10,6.26,6.29,5.8,6.26,91930741,0.0,6.49200000000001,,27.046334775389738,-0.5937532778095003,-0.49875513509982544,-0.09499814270967483
2020-03-11,6.06,6.11,5.88,5.89,84179371,0.0,6.25400000000001,,23.75833556913294,-0.6272788218077032,-0.524459872441401,-0.1028189493663022
2020-03-12,5.38,5.69,5.2,5.3578,83091552,0.0,5.977560000000009,,19.99332543639548,-0.6888514979110507,-0.557338197535331,-0.13151330037571973
2020-03-13,5.87,5.9,5.12,5.63,114054825,0.0,5.80556000000001,,26.416211460771265,-0.707528078927508,-0.5873761738137664,-0.12015190511374163
2020-03-16,5.04,5.22,5.0,5.0,100507288,0.0,5.62756000000001,,22.011725786850647,-0.7643541400779803,-0.6227717670666092,-0.1415823730113711
2020-03-17,5.08,5.14,4.7,5.01,98701597,0.0,5.37756000000001,,22.233372893450337,-0.7993676735710515,-0.6580909483674977,-0.14127672520355383
2020-03-18,4.75,4.84,4.1,4.495,99891225,0.0,5.09856000000001,,19.206026041903996,-0.8587729471217935,-0.698227348118357,-0.16054559900343657
2020-03-19,4.33,4.58,4.1,4.47,117767446,0.0,4.921000000000009,,19.070278700345625,-0.8975232560618709,-0.7380865297070598,-0.1594367263548111
2020-03-20,4.54,4.75,4.25,4.33,113962436,0.0,4.661000000000009,,18.290636481819803,-0.9288230906324504,-0.776233841892138,-0.15258924874031243
2020-03-23,4.27,4.52,3.96,4.0165,118317082,0.0,4.4643000000000095,,16.64919384117279,-0.9677694215281178,-0.814540957819334,-0.15322846370878385
2020-03-24,4.47,4.99,4.265,4.94,132707500,0.0,4.45030000000001,,35.12019602789938,-0.9135847016141483,-0.834349706578297,-0.0792349950358513
2020-03-25,5.77,5.87,5.12,5.4,178440456,0.0,4.631300000000009,,42.01329766047767,-0.8240259073611611,-0.8322849467348699,0.008259039373708754
2020-03-26,5.36,5.65,5.16,5.26,124321677,0.0,4.78930000000001,,40.59952055293317,-0.7556362434038508,-0.8169552060686661,0.06131896266481529
2020-03-27,5.07,5.3,4.91,5.185,98144413,0.0,4.960300000000009,,39.82633727544771,-0.6994262645950879,-0.7934494177739506,0.09402315317886267
2020-03-30,5.11,5.1197,4.93,5.04,84963493,0.0,5.165000000000009,,38.30741410805951,-0.6589833892936916,-0.7665562120778988,0.10757282278420721
2020-03-31,5.03,5.19,4.75,4.84,158422448,0.0,5.1450000000000085,,36.25359050451264,-0.6357420096211595,-0.740393371586551,0.1046513619653916
2020-04-01,4.63,4.77,4.36,4.4,107543074,0.0,4.945000000000009,,32.16752507577961,-0.6453877433863129,-0.7213922459465035,0.07600450256019065
2020-04-02,4.39,4.57,4.25,4.34,79383859,0.0,4.761000000000008,,31.643772938240375,-0.6503764209130143,-0.7071890809398057,0.05681266002679142
2020-04-03,4.4,4.42,4.17,4.2478,112539510,0.0,4.5735600000000085,,30.813513659315703,-0.6542282175973178,-0.6965969082713082,0.042368690673990406
2020-04-06,4.54,4.67,4.41,4.51,171925348,0.0,4.467560000000009,,35.95947820722181,-0.6288741754827711,-0.6830523617136008,0.054178186230829706
2020-04-07,4.85,5.03,4.63,4.71,203944190,0.0,4.441560000000009,,39.64693417097605,-0.5858888242479239,-0.6636196542204654,0.07773082997254155
2020-04-08,4.88,5.09,4.8,5.03,201622579,0.0,4.567560000000009,,45.09438600919695,-0.5200069812662296,-0.6348971196296183,0.11489013836338868
2020-04-09,5.51,5.75,5.24,5.365,298658826,0.0,4.772560000000009,,50.16550325680061,-0.4357405005111561,-0.5950657958059258,0.1593252952947697
2020-04-13,5.43,5.43,5.02,5.155,181424034,0.0,4.9540000000000095,,47.221196487600515,-0.3815061865234348,-0.5523538739494276,0.17084768742599277
2020-04-14,5.27,5.44,5.16,5.28,138613442,0.0,5.108000000000009,,49.13489377584704,-0.324695756059854,-0.506822250371513,0.18212649431165895
2020-04-15,5.06,5.14,4.95,5.04,137465770,0.0,5.174000000000009,,45.70806467608053,-0.29563122215180826,-0.4645840447275721,0.16895282257576383
2020-04-16,5.06,5.0697,4.89,4.945,107300730,0.0,5.157000000000009,,44.38838415162371,-0.27706919447853195,-0.42708107467776407,0.15001188019923212
2020-04-17,5.17,5.28,5.03,5.11,176642832,0.0,5.106000000000009,,47.237725656948435,-0.24620641844415836,-0.39090614343104296,0.1446997249868846
2020-04-20,5.01,5.09,4.91,4.975,133752648,0.0,5.070000000000009,,45.19727656258674,-0.2299896404292605,-0.3587228428306865,0.128733202401426
2020-04-21,4.89,4.92,4.72,4.765,153292024,0.0,4.9670000000000085,,42.147429333109415,-0.23141535975742578,-0.33326134621603437,0.1018459864586086
2020-04-22,4.87,4.89,4.75,4.765,107108758,0.0,4.912000000000009,,42.147429333109415,-0.22989516424807022,-0.31258810982244156,0.08269294557437135
2020-04-23,4.8,4.98,4.77,4.885,120062996,0.0,4.900000000000008,,44.62382530639707,-0.21651159039603218,-0.2933728059371597,0.07686121554112751
2020-04-24,4.93,4.96,4.8,4.87,94312660,0.0,4.852000000000009,,44.36816483242571,-0.20475509703165962,-0.2756492641560597,0.07089416712440011
2020-04-27,4.91,5.19,4.88,5.17,174832952,0.0,4.891000000000008,,50.47900386670004,-0.1692791538312921,-0.2543752420911062,0.08509608825981407
2020-04-28,5.49,5.54,5.215,5.39,194146080,0.0,5.016000000000008,,54.431976088855784,-0.12200564672181624,-0.22790132301724822,0.10589567629543198
2020-04-29,5.33,5.5,5.2104,5.25,242697042,0.0,5.113000000000008,,51.60873699274082,-0.09474571212924321,-0.20127020083964722,0.10652448871040401
2020-04-30,5.16,5.24,5.06,5.09,177978376,0.0,5.154000000000008,,48.51189914917594,-0.08507202306521311,-0.1780305652847604,0.0929585422195473
2020-05-01,5.02,5.05,4.9,4.9264,155844752,0.0,5.165280000000008,,45.50510721459531,-0.08957415245305,-0.16033928271841832,0.07076513026536832
2020-05-04,4.88,4.97,4.77,4.865,155460908,0.0,5.104280000000007,,44.39301825692135,-0.09697867943835714,-0.1476671620624061,0.05068848262404896
2020-05-05,4.99,5.09,4.94,4.96,187206392,0.0,5.018280000000007,,46.56879472309887,-0.0940964293050417,-0.13695301551093322,0.04285658620589153
2020-05-06,5.05,5.09,4.82,4.86,168444464,0.0,4.940280000000007,,44.59094754838715,-0.09874314012019259,-0.1293110404327851,0.030567900312592516
2020-05-07,4.9,4.98,4.85,4.87,128187902,0.0,4.896280000000007,,44.84322664609305,-0.10046072676886997,-0.12354097770000208,0.023080250931132112
2020-05-08,4.96,5.25,4.95,5.23,192868472,0.0,4.957000000000007,,53.11861142683324,-0.07194361400907034,-0.11322150496181574,0.041277890952745394
2020-05-11,5.18,5.19,5.05,5.115,147330028,0.0,5.007000000000007,,50.51149977432447,-0.05795506567579167,-0.10216821710461094,0.044213151428819264
2020-05-12,5.15,5.22,4.97,4.99,133440766,0.0,5.013000000000007,,47.767152146773924,-0.05630643019330073,-0.09299585972234889,0.03668942952904816
2020-05-13,5.0,5.01,4.66,4.72,191196924,0.0,4.9850000000000065,,42.407572744833786,-0.0759115570352984,-0.08957899918493879,0.0136674421496404
2020-05-14,4.645,4.91,4.52,4.9,202067378,0.0,4.991000000000006,,46.70108907509171,-0.07604763581993801,-0.08687272651193864,0.010825090692000633
2020-05-15,4.8,4.94,4.75,4.91,153321046,0.0,4.927000000000006,,46.93776031819422,-0.07448988973018267,-0.08439615915558744,0.009906269425404776
2020-05-18,5.12,5.33,5.12,5.3035,252161353,0.0,4.964700000000006,,55.34130649001235,-0.041030232369489994,-0.07572297379836795,0.03469274142887796
2020-05-19,5.27,5.45,5.15,5.29,177887078,0.0,5.0247000000000055,,55.01937284677416,-0.015424743185249667,-0.0636633276757443,0.04823858449049463
2020-05-20,5.38,5.54,5.37,5.48,169135460,0.0,5.176700000000006,,58.66397543443748,0.019969013220469733,-0.04693685949650149,0.06690587271697122
2020-05-21,5.45,5.69,5.44,5.625,166011247,0.0,5.321700000000005,,61.24477356871382,0.05903854871531422,-0.02574177785413835,0.08478032656945257
2020-05-22,5.68,5.73,5.5,5.645,149298646,0.0,5.468700000000006,,61.60089093614764,0.09057122126865114,-0.0024791780295804512,0.09305039929823158
2020-05-26,5.92,5.99,5.82,5.845,167356080,0.0,5.577000000000007,,65.05859574371287,0.13019857188715012,0.024056371953765664,0.10614219993338445
2020-05-27,6.01,6.09,5.84,6.03,213496914,0.0,5.725000000000007,,67.93484503717856,0.17451973180891311,0.05414904392479515,0.12037068788411796
2020-05-28,6.05,6.07,5.81,5.845,147780238,0.0,5.798000000000007,,62.402926094309734,0.1924976236928133,0.08181875987839879,0.11067886381441452
2020-05-29,5.75,5.8,5.57,5.705,164536966,0.0,5.814000000000007,,58.51941805838261,0.19322107034039515,0.10409922197079807,0.08912184836959708
2020-06-01,5.73,5.88,5.67,5.87,117398954,0.0,5.859000000000007,,61.5560220927441,0.2047483169122568,0.12422904095908982,0.08051927595316699
2020-06-02,5.96,6.0,5.83,5.9,150478330,0.0,5.870000000000007,,62.0992882897868,0.21383948369178185,0.14215112950562825,0.0716883541861536
2020-06-03,5.99,6.27,5.92,6.19,186704966,0.0,5.902000000000006,,66.95986307227616,0.24165917864791275,0.16205273933408515,0.0796064393138276
2020-06-04,6.2,6.58,6.12,6.57,224888138,0.0,6.047000000000007,,72.02292118758241,0.2910146755092935,0.18784512656912683,0.10316954894016667
2020-06-05,7.24,7.5,7.02,7.345,403737116,0.0,6.375000000000007,,79.06798462666121,0.38819046734645113,0.2279141947245917,0.16027627262185942
2020-06-08,7.53,7.74,7.37,7.52,215351122,0.0,6.705000000000008,,80.27580633120208,0.47386163796135783,0.27710368337194496,0.19675795458941286
2020-06-09,7.22,7.44,7.05,7.26,220926754,0.0,6.977000000000008,,73.49087887826258,0.514842052113079,0.3246513571201718,0.1901906949929072
2020-06-10,7.33,7.34,6.77,6.815,286619972,0.0,7.102000000000008,,63.585127477447415,0.5055834928061582,0.3608377842573691,0.1447457085487891
2020-06-11,6.07,6.46,6.04,6.135,221323434,0.0,7.015000000000008,,52.04160722769861,0.43832298630864397,0.37633482466762413,0.061988161641019834
2020-06-12,6.56,6.63,6.4,6.4,57129102,0.0,6.826000000000008,,55.43691840133333,0.4017704756760203,0.3814219548693034,0.020348520806716897
2020-06-15,6.18,6.58,6.11,6.51,200003048,0.0,6.624000000000007,,56.80398642806084,0.37732881662566253,0.38060332722057527,-0.0032745105949127384
2020-06-16,6.87,6.87,6.44,6.55,210046032,0.0,6.482000000000006,,57.31675841909842,0.3570702083483095,0.37589670344612214,-0.018826495097812646
2020-06-17,6.56,6.56,6.31,6.33,127788919,0.0,6.385000000000006,,53.55146070862676,0.3195790456427092,0.3646331718854396,-0.045054126242730363
2020-06-18,6.26,6.45,6.19,6.325,117106156,0.0,6.423000000000006,,53.46549538517477,0.2861648407235906,0.3489395056530698,-0.0627746649294792
2020-06-19,6.64,6.69,6.24,6.245,196926493,0.0,6.392000000000006,,52.026429531488084,0.2503427161775722,0.3292201477579703,-0.07887743158039812
2020-06-22,6.27,6.28,6.13,6.28,67788000,0.0,6.346000000000006,,52.62718673944128,0.22221606342866806,0.3078193308921099,-0.08560326746344182
2020-06-23,6.33,6.38,6.14,6.16,83040609,0.0,6.268000000000006,,50.30137432729306,0.18807448576581098,0.2838703618668501,-0.09579587610103912
2020-06-24,6.06,6.1225,5.86,5.95,72286830,0.0,6.1920000000000055,,46.43394123885458,0.1424299507220823,0.25558227963789654,-0.11315232891581423
2020-06-25,5.86,6.05,5.8,6.03,69165793,0.0,6.133000000000006,,48.07189196506843,0.11142719590751238,0.2267512628918197,-0.11532406698430733
2020-06-26,6.04,6.07,5.81,5.91,73865281,0.0,6.066000000000006,,45.809128730380415,0.07629481312222275,0.19665997293790033,-0.12036515981567758
2020-06-29,5.91,6.07,5.81,6.02,54187802,0.0,6.014000000000006,,48.2154003255261,0.05667491420927817,0.16866296119217591,-0.11198804698289774
2020-06-30,5.98,6.1,5.9,6.09,56939622,0.0,6.000000000000005,,49.744692560088374,0.04624137615259105,0.14417864418425896,-0.09793726803166791
2020-07-01,6.1,6.18,5.95,5.97,56448770,0.0,6.004000000000006,,47.172819192553604,0.027967334926952248,0.12093638233279763,-0.09296904740584538
2020-07-02,6.1,6.17,6.0,6.04,63588702,0.0,6.006000000000006,,48.83462572861539,0.018915395676928348,0.10053218500162378,-0.08161678932469543
2020-07-06,6.14,6.2,6.11,6.19,61777647,0.0,6.062000000000006,,52.2975397503015,0.023573672382157795,0.0851404824777306,-0.0615668100955728
2020-07-07,6.14,6.2,6.09,6.1272,53399664,0.0,6.083440000000005,,50.748917812254064,0.02194498692463487,0.07250138336711145,-0.05055639644247659
2020-07-08,6.13,6.18,6.05,6.1,55567557,0.0,6.085440000000005,,50.057520909543086,0.018249065418888932,0.06165091977746695,-0.04340185435857802
2020-07-09,6.09,6.1,5.82,5.85,77966935,0.0,6.061440000000005,,44.10930593220727,-0.0047975860789915,0.04836121860617526,-0.05315880468516676
2020-07-10,5.8,6.1,5.74,6.1,70823126,0.0,6.073440000000005,,50.45011470126789,-0.0028563861291370785,0.0381176976591128,-0.040974083788249877
2020-07-13,6.15,6.22,6.05,6.07,75027373,0.0,6.049440000000005,,49.72114049113381,-0.0036961139618263417,0.029754935334924973,-0.033451049296751315
2020-07-14,6.18,6.39,6.08,6.37,103007478,0.0,6.098000000000004,,56.491460469789885,0.01961972450500582,0.027727893168941146,-0.008108168663935326
2020-07-15,6.54,6.78,6.52,6.74,99353569,0.0,6.226000000000004,,63.09238685478102,0.06717920222682672,0.03561815498051826,0.031561047246308455
2020-07-16,6.66,6.9,6.63,6.86,86917131,0.0,6.428000000000004,,64.9497048591188,0.11324797591512681,0.05114411916743998,0.06210385674768683
2020-07-17,6.9,6.91,6.73,6.81,78831083,0.0,6.570000000000005,,63.51546033461017,0.14406256526162764,0.06972780838627751,0.07433475687535013
2020-07-20,6.8,6.85,6.58,6.66,66847136,0.0,6.688000000000004,,59.28582591878292,0.15459749919109012,0.08670174654724004,0.06789575264385007
2020-07-21,6.71,6.81,6.64,6.69,58903788,0.0,6.752000000000004,,59.86152943281139,0.16348273233592714,0.10205794370497748,0.06142478863094966
2020-07-22,6.64,6.88,6.61,6.85,70069533,0.0,6.774000000000004,,62.87651605413861,0.18134457901822465,0.11791527076762692,0.06342930825059773
2020-07-23,6.87,7.06,6.8,6.98,85310863,0.0,6.7980000000000045,,65.16599192306684,0.20364266882323623,0.1350607503787488,0.06858191844448744
2020-07-24,6.96,6.98,6.86,6.8872,51812747,0.0,6.813440000000004,7.229909499999996,62.216272947408875,0.21138911902575863,0.15032642410815078,0.06106269491760785
