Date,Open,High,Low,Close,Volume,OpenInterest,5 day sma,200 day sma,rsi,macd,signal,histogram
2019-10-10,3.69,3.7,3.3,3.56,7170475,0.0,,,,,,
2019-10-11,3.59,3.7,3.54,3.66,4015547,0.0,,,,,,
2019-10-14,3.66,3.665,3.56,3.65,2502277,0.0,,,,,,
2019-10-15,3.65,3.66,3.42,3.45,6016871,0.0,,,,,,
2019-10-16,3.45,3.86,3.45,3.739,8133493,0.0,3.6118,,,,,
2019-10-17,3.8,4.07,3.69,3.99,9406973,0.0,3.6978,,,,,
2019-10-18,4.03,4.06,3.805,3.85,4692238,0.0,3.7358000000000002,,,,,
2019-10-21,3.92,4.21,3.89,4.18,8806389,0.0,3.8418000000000005,,,,,
2019-10-22,4.18,4.45,4.05,4.375,12687544,0.0,4.026800000000001,,,,,
2019-10-23,4.38,4.53,4.29,4.49,7429092,0.0,4.1770000000000005,,,,,
2019-10-24,4.53,4.53,4.325,4.38,5848025,0.0,4.255,,,,,
2019-10-25,4.37,4.42,4.24,4.32,4587952,0.0,4.348999999999999,,,,,
2019-10-28,4.29,6.09,4.28,5.6254,62248611,0.0,4.6380799999999995,,,,,
2019-10-29,5.55,6.3,5.27,6.06,38227069,0.0,4.975079999999999,,,,,
2019-10-30,6.17,6.37,5.51,5.85,31190004,0.0,5.247079999999999,,80.53333333333333,,,
2019-10-31,6.005,6.37,5.93,6.18,20773724,0.0,5.607079999999998,,82.21847479857598,,,
2019-11-01,7.25,7.26,7.08,7.12,178496779,0.0,6.167079999999999,,85.94954729229543,,,
2019-11-04,7.14,7.17,7.02,7.035,46474409,0.0,6.448999999999998,,84.22847399829497,,,
2019-11-05,7.03,7.08,7.01,7.05,20866048,0.0,6.646999999999997,,84.28826515154954,,,
2019-11-06,7.03,7.08,7.0,7.03,14966965,0.0,6.882999999999997,,83.83191727642448,,,
2019-11-07,7.02,7.04,6.93,6.98,16669529,0.0,7.042999999999997,,82.62749659438634,,,
2019-11-08,6.96,7.06,6.94,7.06,12257558,0.0,7.030999999999997,,83.04717398847018,,,
2019-11-11,7.02,7.08,6.85,6.99,16231240,0.0,7.021999999999997,,81.19877640389367,,,
2019-11-12,6.99,7.01,6.95,6.96,9757534,0.0,7.003999999999998,,80.37313899520356,,,
2019-11-13,6.93,6.93,6.84,6.86,17549132,0.0,6.969999999999997,,77.5427601997207,,,
2019-11-14,6.84,6.87,6.76,6.8,10867438,0.0,6.9339999999999975,,75.8175605071498,1.1385004820871956,,
2019-11-15,6.78,6.89,6.76,6.8,8979397,0.0,6.881999999999996,,75.8175605071498,1.0724367217485549,,
2019-11-18,6.8,6.82,6.73,6.75,7734443,0.0,6.833999999999996,,74.22162011456177,1.0044672602667317,,
2019-11-19,6.75,6.76,6.67,6.695,6181783,0.0,6.780999999999996,,72.41586866034274,0.9353804484474493,,
2019-11-20,6.7,6.72,6.62,6.7,7481021,0.0,6.748999999999997,,72.48141457784527,0.8709918585782397,,
2019-11-21,6.7,6.745,6.65,6.68,4137735,0.0,6.724999999999997,,71.74701093521702,0.8090236829419277,,
2019-11-22,6.71,6.9,6.69,6.855,8268370,0.0,6.735999999999999,,74.20942934656807,0.7652135888343672,,
2019-11-25,6.85,6.86,6.745,6.78,4548831,0.0,6.741999999999999,,71.33972740272027,0.7161861522676531,,
2019-11-26,7.01,7.06,6.81,6.9,31936079,0.0,6.782999999999999,,73.13011930171695,0.6791853270114787,0.8879317246870664,-0.20874639767558767
2019-11-27,6.9,7.08,6.87,7.07,15845559,0.0,6.8569999999999975,,75.46815116697258,0.656017326289275,0.8415488450075082,-0.18553151871823315
2019-11-29,7.01,7.04,6.93,6.94,2981474,0.0,6.908999999999997,,70.42187096984479,0.6200194074751355,0.7972429575010336,-0.17722355002589807
2019-12-02,6.92,6.93,6.85,6.87,6668029,0.0,6.911999999999997,,67.79321790685349,0.5791661160113497,0.7536275892030969,-0.1744614731917472
2019-12-03,6.85,6.88,6.84,6.86,3844349,0.0,6.927999999999997,,67.40612809937748,0.539760647018225,0.7108542007661225,-0.17109355374789748
2019-12-04,6.88,6.9,6.81,6.86,8858892,0.0,6.919999999999997,,67.40612809937748,0.5027362978410679,0.6692306201811116,-0.1664943223400437
2019-12-05,6.86,6.895,6.75,6.775,7405760,0.0,6.860999999999997,,63.814172798187855,0.4612188015018015,0.6276282564452496,-0.16640945494344805
2019-12-06,6.82,6.83,6.71,6.74,6752875,0.0,6.820999999999998,,62.34104832249667,0.42064277101945,0.5862311593600896,-0.1655883883406396
2019-12-09,6.74,6.74,6.69,6.71,6544489,0.0,6.788999999999999,,61.04034815234714,0.3816656215416021,0.5453180517963921,-0.16365243025479004
2019-12-10,6.72,6.81,6.6,6.78,9363035,0.0,6.772999999999999,,62.98117671260489,0.3523625486282844,0.5067269511627706,-0.15436440253448613
2019-12-11,6.74,6.775,6.71,6.72,2461139,0.0,6.744999999999999,,60.21235120623492,0.320602448213255,0.4695020505728675,-0.14889960235961247
2019-12-12,6.73,6.75,6.66,6.67,4573931,0.0,6.723999999999999,,57.92691727549407,0.28807698551528915,0.4332170375613519,-0.14514005204606273
2019-12-13,6.66,6.7,6.55,6.6,6338350,0.0,6.696,,54.7914068064131,0.2537270989511802,0.3973190498393176,-0.14359195088813742
2019-12-16,6.6,6.65,6.56,6.62,6836784,0.0,6.677999999999999,,55.53202072850937,0.22551875934737886,0.3629589917409299,-0.13744023239355102
2019-12-17,6.63,6.65,6.6,6.62,5124941,0.0,6.645999999999998,,55.53202072850937,0.20084819402420262,0.33053683219758445,-0.12968863817338183
2019-12-18,6.64,6.65,6.59,6.6,5694423,0.0,6.621999999999998,,54.49661684941941,0.17763509362542607,0.2999564844831528,-0.12232139085772675
2019-12-19,6.58,6.6,6.555,6.56,4129289,0.0,6.599999999999999,,52.39259195522725,0.15423297686142234,0.27081178295880676,-0.11657880609738441
2019-12-20,6.56,6.57,6.53,6.54,4221712,0.0,6.587999999999998,,51.32557855620333,0.13254490273735708,0.24315840691451684,-0.11061350417715976
2019-12-23,6.54,6.6,6.49,6.49,4053689,0.0,6.561999999999999,,48.65764059184034,0.1100537346602426,0.216537472463662,-0.10648373780341941
2019-12-24,6.49,6.51,6.42,6.465,2905168,0.0,6.530999999999999,,47.33281444765748,0.08918397352107554,0.19106677267514474,-0.1018827991540692
2019-12-26,6.49,6.67,6.49,6.64,3550734,0.0,6.538999999999999,,56.30198490003857,0.0857767934431406,0.1700087768287439,-0.08423198338560331
2019-12-27,6.64,6.65,6.41,6.48,4953662,0.0,6.522999999999999,,48.21700388396217,0.06936630428301349,0.14988028231959782,-0.08051397803658433
2019-12-30,6.46,6.495,6.41,6.44,4169832,0.0,6.502999999999998,,46.42224492787955,0.05252770104607052,0.13040976606489238,-0.07788206501882186
2019-12-31,6.41,6.58,6.41,6.57,4617385,0.0,6.518999999999998,,52.59775536697645,0.049106827273011966,0.1141491783065163,-0.06504235103350434
2020-01-02,6.54,6.62,6.45,6.47,6108646,0.0,6.519999999999999,,48.013266406252924,0.03788982557305953,0.09889730775982496,-0.061007482186765424
2020-01-03,6.43,6.475,6.4,6.43,6773346,0.0,6.477999999999999,,46.275777195006526,0.02547890030303268,0.08421362626846651,-0.05873472596543383
2020-01-06,6.41,6.51,6.4,6.5,5922213,0.0,6.481999999999999,,49.705833219736775,0.021048928649273435,0.07158068674462789,-0.050531758095354457
2020-01-07,6.46,6.59,6.4,6.55,8483845,0.0,6.504,,52.06025072510112,0.021326883294912946,0.06152992605468491,-0.04020304275977196
2020-01-08,6.55,6.61,6.52,6.605,3432600,0.0,6.511,,54.57908232678569,0.02568907701107115,0.05436175624596216,-0.02867267923489101
2020-01-09,6.59,6.65,6.56,6.64,3212485,0.0,6.545,,56.15773432183488,0.031606019928161366,0.049810608982402006,-0.01820458905424064
2020-01-10,6.65,6.65,6.53,6.57,4046576,0.0,6.573,,52.24659598131634,0.03029757326858107,0.04590800183963782,-0.015610428571056753
2020-01-13,6.57,6.59,6.49,6.52,4785383,0.0,6.577000000000001,,49.58989058752113,0.02493856151798468,0.0417141137753072,-0.016775552257322517
2020-01-14,6.53,6.69,6.48,6.58,3645333,0.0,6.583000000000001,,52.69823190509565,0.025242030243096458,0.038419697068865055,-0.013177666825768597
2020-01-15,6.57,6.62,6.54,6.58,4097507,0.0,6.578,,52.69823190509565,0.02519213217595606,0.03577418409028326,-0.0105820519143272
2020-01-16,6.56,6.66,6.56,6.6,3807190,0.0,6.57,,53.79953168176984,0.02646139001878378,0.03391162527598336,-0.007450235257199581
2020-01-17,6.63,6.7,6.6,6.68,4103304,0.0,6.5920000000000005,,58.010778307234304,0.03353603488118395,0.03383650719702348,-0.00030047231583953116
2020-01-21,6.66,6.71,6.65,6.66,9247840,0.0,6.620000000000002,,56.62124673840338,0.03710122917644121,0.034489451592907026,0.002611777583534182
2020-01-22,6.68,6.7,6.59,6.59,7122496,0.0,6.6220000000000026,,51.93255042016137,0.03388762095561493,0.034369085465448604,-0.00048146450983367617
2020-01-23,6.58,6.75,6.56,6.68,6804180,0.0,6.642000000000003,,56.8769269062549,0.03816314020191225,0.03512789641274133,0.003035243789170916
2020-01-24,6.71,6.72,6.66,6.69,6434112,0.0,6.660000000000002,,57.40125059135975,0.04187571921024169,0.0364774609722414,0.005398258238000289
2020-01-27,6.61,6.72,6.6,6.71,3333503,0.0,6.666000000000002,,58.488362658355136,0.04590266037961488,0.0383625008537161,0.0075401595258987805
2020-01-28,6.71,6.7255,6.62,6.625,6726246,0.0,6.659000000000003,,52.37128101005242,0.041753937245880834,0.03904078813214905,0.002713149113731786
2020-01-29,6.63,6.66,6.56,6.58,4360200,0.0,6.657000000000002,,49.42419577735141,0.03443794120382737,0.03812021874648472,-0.0036822775426573473
2020-01-30,6.57,6.61,6.55,6.59,3236163,0.0,6.639000000000003,,50.09625081915616,0.029111301100180675,0.036318435217223916,-0.00720713411704324
2020-01-31,6.58,6.601,6.51,6.52,3715493,0.0,6.605000000000004,,45.53494123084875,0.019022209268546142,0.03285919002748836,-0.01383698075894222
2020-02-03,6.58,6.6,6.52,6.54,4794279,0.0,6.571000000000003,,47.01923275537022,0.012496314423036559,0.028786614906598004,-0.016290300483561445
2020-02-04,6.58,6.6,6.51,6.52,2896519,0.0,6.5500000000000025,,45.67863336856152,0.005645584109056578,0.02415840874708972,-0.01851282463803314
2020-02-05,6.57,6.61,6.51,6.6,3350010,0.0,6.554000000000004,,51.62058077534587,0.006595632049852362,0.02064585340764225,-0.014050221357789886
2020-02-06,6.63,6.72,6.56,6.64,2920136,0.0,6.5640000000000045,,54.311611426500114,0.010455690897486214,0.01860782090561104,-0.008152130008124828
2020-02-07,6.64,6.66,6.6,6.63,1868918,0.0,6.586000000000004,,53.510265939641926,0.012563079557056156,0.017398872635900064,-0.0048357930788439085
2020-02-10,6.65,6.66,6.59,6.6,3603413,0.0,6.598000000000004,,51.075561783585336,0.011677836147238274,0.016254665338167707,-0.004576829190929433
2020-02-11,6.64,6.65,6.52,6.56,5544215,0.0,6.606000000000006,,47.94328388904232,0.007660305428466074,0.014535793356227383,-0.006875487927761308
2020-02-12,6.59,6.62,6.46,6.5,7991670,0.0,6.586000000000006,,43.62185649632565,-0.00036095431334715045,0.011556443822312476,-0.011917398135659627
2020-02-13,6.5,6.525,6.44,6.5,3751871,0.0,6.558000000000005,,43.62185649632565,-0.006641303634558504,0.007916894330938281,-0.014558197965496785
2020-02-14,6.5,6.51,6.42,6.43,6141493,0.0,6.518000000000005,,38.88006375557019,-0.017070166451638613,0.002919482174422902,-0.019989648626061514
2020-02-18,6.43,6.48,6.41,6.42,6445052,0.0,6.482000000000005,,38.24055100554162,-0.02584411690431665,-0.002833237641325008,-0.02301087926299164
2020-02-19,6.43,6.49,6.43,6.47,3984723,0.0,6.464000000000004,,43.265420291059876,-0.028435170770040763,-0.007953624267068159,-0.020481546502972604
2020-02-20,6.48,6.48,6.41,6.46,5757275,0.0,6.456000000000005,,42.520289942240346,-0.030938871995094708,-0.012550673812673468,-0.01838819818242124
2020-02-21,6.31,6.48,6.31,6.46,7144031,0.0,6.448000000000005,,42.520289942240346,-0.032547881536147294,-0.016550115357368236,-0.015997766178779058
2020-02-24,6.35,6.46,6.34,6.45,4721788,0.0,6.452000000000005,,41.687629575670975,-0.03423530631576277,-0.020087153549047145,-0.014148152766715626
2020-02-25,6.47,6.49,6.43,6.455,5695355,0.0,6.459000000000005,,42.29608898742009,-0.034768356427246516,-0.02302339412468702,-0.011744962302559496
2020-02-26,6.48,6.52,6.42,6.42,3849048,0.0,6.449000000000005,,39.211698893756726,-0.03758179048693133,-0.025935073397135883,-0.01164671708979545
2020-02-27,6.38,6.44,6.34,6.36,5106364,0.0,6.429000000000005,,34.559064227371024,-0.044144090214753184,-0.029576876760659343,-0.014567213454093841
2020-02-28,6.3,6.4,6.21,6.39,8384892,0.0,6.4150000000000045,,38.48904521367227,-0.04638926418709666,-0.03293935424594681,-0.013449909941149849
2020-03-02,6.39,6.5,6.37,6.48,5870742,0.0,6.421000000000004,,48.48415780376433,-0.04044016386130167,-0.03443951616901778,-0.006000647692283888
2020-03-03,6.47,6.5,6.35,6.39,5671757,0.0,6.408000000000004,,41.263369756905156,-0.042497818433840706,-0.03605117662198237,-0.0064466418118583335
2020-03-04,6.44,6.48,6.34,6.47,3599435,0.0,6.418000000000004,,48.59236628445762,-0.03724386895723786,-0.03628971508903347,-0.0009541538682043896
2020-03-05,6.4,6.45,6.3,6.31,4276619,0.0,6.408000000000004,,38.29937033696745,-0.045466627983178576,-0.03812509766786249,-0.007341530315316085
2020-03-06,6.22,6.25,6.11,6.23,6672231,0.0,6.376000000000005,,34.37823349993273,-0.05777258872449309,-0.04205459587918861,-0.01571799284530448
2020-03-09,6.1,6.24,6.0,6.2,10787279,0.0,6.320000000000006,,33.013258467640654,-0.06914879627139747,-0.047473435957630386,-0.021675360313767086
2020-03-10,6.27,6.46,6.16,6.4,7339993,0.0,6.322000000000005,,47.87262858954665,-0.06131934296744568,-0.05024261735959345,-0.01107672560785223
2020-03-11,6.35,6.38,6.14,6.24,5129611,0.0,6.276000000000006,,40.19156834392294,-0.0672498927382259,-0.05364407243531994,-0.013605820302905962
2020-03-12,6.12,6.27,5.96,6.15,13654978,0.0,6.244000000000006,,36.63122000786455,-0.07830944150179064,-0.058577146248614084,-0.01973229525317656
2020-03-13,6.25,6.39,6.0049,6.385,7151459,0.0,6.275000000000007,,49.26830592171602,-0.06733547610000468,-0.060328812218892205,-0.007006663881112471
2020-03-16,6.0,6.3,5.91,6.22,10797020,0.0,6.279000000000007,,42.81259713192926,-0.07113267726840711,-0.06248958522879519,-0.008643092039611916
2020-03-17,6.17,6.24,6.01,6.23,10802245,0.0,6.245000000000007,,43.29752711905415,-0.07249934283033532,-0.06449153674910323,-0.008007806081232097
2020-03-18,6.08,6.3,5.85,6.01,13789586,0.0,6.199000000000007,,36.054147282772306,-0.090293746414976,-0.0696519786822778,-0.020641767732698213
2020-03-19,5.95,6.34,5.86,6.08,9399955,0.0,6.185000000000007,,39.5210560152568,-0.09762219655775795,-0.07524602225737383,-0.02237617430038412
2020-03-20,6.17,6.26,6.01,6.155,10722998,0.0,6.139000000000007,,43.08171003495539,-0.09626845012765539,-0.07945050783143015,-0.01681794229622524
2020-03-23,6.13,6.42,6.07,6.21,13199665,0.0,6.137000000000008,,45.610577861183664,-0.08972328184050671,-0.08150506263324547,-0.008218219207261235
2020-03-24,6.29,6.44,6.21,6.36,6601961,0.0,6.163000000000007,,51.88876229639435,-0.07160700148059895,-0.07952545040271618,0.007918448922117224
2020-03-25,6.32,6.52,6.23,6.4,7088834,0.0,6.2410000000000085,,53.43243962938265,-0.05340641713616279,-0.0743016437494055,0.02089522661324271
2020-03-26,6.46,6.605,6.38,6.55,7242544,0.0,6.335000000000008,,58.774315845936286,-0.026572267953071993,-0.0647557685901388,0.03818350063706681
2020-03-27,6.48,6.57,6.42,6.45,5158097,0.0,6.394000000000008,,54.302122573286994,-0.013222752006741167,-0.054449165273459284,0.041226413266718116
2020-03-30,6.52,6.74,6.485,6.66,8020851,0.0,6.484000000000007,,61.011384845757036,0.01413909384302503,-0.04073151345016242,0.05487060729318745
2020-03-31,6.68,6.79,6.52,6.67,5904185,0.0,6.546000000000008,,61.30274109165164,0.03621302898067036,-0.025342604963995864,0.06155563394466622
2020-04-01,6.57,6.73,6.56,6.62,6838506,0.0,6.590000000000008,,58.93143179730592,0.04910613452747903,-0.010452857065700885,0.059558991593179914
2020-04-02,6.6,6.69,6.53,6.6,5976590,0.0,6.6000000000000085,,57.96555226714591,0.05705251483306917,0.0030482173140531244,0.054004297519016045
2020-04-03,6.54,6.65,6.39,6.4,11900893,0.0,6.590000000000008,,49.26921634479912,0.04667372430516448,0.011773318712275395,0.03490040559288908
2020-04-06,6.45,6.53,6.36,6.5,14120474,0.0,6.558000000000007,,53.06109128576255,0.04598750694791498,0.018616156359403314,0.027371350588511666
2020-04-07,6.48,6.71,6.48,6.67,17639246,0.0,6.558000000000007,,58.71110268148253,0.058487051674309676,0.026590335422384585,0.03189671625192509
2020-04-08,6.65,6.68,6.545,6.6,11188878,0.0,6.554000000000007,,55.736104210434185,0.06202957758046779,0.03367818385400123,0.028351393726466556
2020-04-09,6.58,6.75,6.55,6.74,15026070,0.0,6.582000000000008,,60.091671496089035,0.07526626223537303,0.04199579953027559,0.03327046270509744
2020-04-13,6.7,6.78,6.63,6.695,10397748,0.0,6.641000000000008,,58.11227793345558,0.08118940534408292,0.04983452069303705,0.03135488465104587
2020-04-14,6.75,6.8,6.645,6.77,13381416,0.0,6.695000000000007,,60.4505332695245,0.09088771512618887,0.05804515957966742,0.032842555546521456
2020-04-15,6.77,6.8,6.71,6.76,13645404,0.0,6.713000000000006,,59.9698471815112,0.09665262774605843,0.06576665321294563,0.0308859745331128
2020-04-16,6.73,6.8,6.73,6.76,9423542,0.0,6.745000000000006,,59.9698471815112,0.10006784273033276,0.07262689111642305,0.027440951613909706
2020-04-17,6.77,6.8,6.62,6.67,15002612,0.0,6.731000000000006,,55.37386701206531,0.09442371951025841,0.07698625679519012,0.017437462715068283
2020-04-20,6.68,6.8,6.67,6.74,9125146,0.0,6.740000000000006,,58.06573905077008,0.09450967744883076,0.08049094092591826,0.014018736522912509
2020-04-21,6.76,6.83,6.715,6.72,12774318,0.0,6.730000000000007,,57.00766742895717,0.09190454845541751,0.0827736624318181,0.009130886023599405
2020-04-22,6.76,6.84,6.72,6.805,9207006,0.0,6.739000000000007,,60.317230741271196,0.09559677447532966,0.08533828484052042,0.010258489634809242
2020-04-23,6.79,6.88,6.73,6.85,11546360,0.0,6.757000000000008,,61.9856512184052,0.10098986580745084,0.0884686010339065,0.012521264773544344
2020-04-24,6.86,6.92,6.83,6.89,6558590,0.0,6.801000000000007,,63.456427775885125,0.10725522379350139,0.09222592558582549,0.0150292982076759
2020-04-27,6.91,6.96,6.84,6.85,8436778,0.0,6.8230000000000075,,60.91819833073665,0.10775081510686224,0.09533090349003284,0.012419911616829399
2020-04-28,6.84,6.95,6.82,6.8699,7714188,0.0,6.852980000000008,,61.73816984569395,0.10849863376996005,0.0979644495460183,0.010534184223941756
2020-04-29,6.9,6.91,6.79,6.845,7469736,0.0,6.860980000000008,,60.04070447734372,0.10586175512970808,0.09954391066275625,0.0063178444669518274
2020-04-30,6.81,6.85,6.65,6.68,8743776,0.0,6.826980000000008,,50.192533699476186,0.08942702964085392,0.09752053445837579,-0.008093504817521871
2020-05-01,6.73,6.81,6.7,6.76,6072380,0.0,6.800980000000007,,54.121761871340865,0.08191347514513225,0.09439912259572708,-0.012485647450594828
2020-05-04,6.81,6.87,6.8,6.86,4414978,0.0,6.802980000000007,,58.52611575813403,0.08307050823087536,0.09213339972275675,-0.009062891491881386
2020-05-05,6.88,6.91,6.81,6.81,5263094,0.0,6.791000000000007,,55.64943969601306,0.07904173918715962,0.08951506761563734,-0.010473328428477716
2020-05-06,6.85,6.89,6.83,6.84,4759970,0.0,6.790000000000006,,57.01464421425891,0.07737769803681616,0.0870875936998731,-0.009709895663056939
2020-05-07,6.81,6.84,6.69,6.73,9621968,0.0,6.800000000000007,,50.83558260972973,0.06641723618926232,0.08295352219775094,-0.016536286008488624
2020-05-08,6.72,6.73,6.68,6.69,6267026,0.0,6.786000000000007,,48.76589730610962,0.05388220498460594,0.07713925875512195,-0.023257053770516012
2020-05-11,6.68,6.7,6.57,6.63,7095924,0.0,6.740000000000007,,45.7565928294416,0.038660944582272094,0.06944359592055198,-0.030782651338279884
2020-05-12,6.63,6.655,6.575,6.58,6532280,0.0,6.694000000000007,,43.35555973460538,0.022306271109420628,0.06001613095832571,-0.03770985984890508
2020-05-13,6.58,6.6,6.5,6.5,9505654,0.0,6.626000000000007,,39.76053901757427,0.002856811595255415,0.048584267085711653,-0.04572745549045624
2020-05-14,6.49,6.54,6.43,6.53,6664298,0.0,6.586000000000007,,41.712399312773066,-0.0100207628001181,0.03686326110854571,-0.04688402390866381
2020-05-15,6.52,6.57,6.48,6.56,4763998,0.0,6.560000000000008,,43.67771622896847,-0.01760267136857241,0.025970074613122084,-0.04357274598169449
2020-05-18,6.52,6.55,6.43,6.48,9464614,0.0,6.530000000000008,,39.821774695967356,-0.029724079262733127,0.014831243837951043,-0.04455532310068417
2020-05-19,6.47,6.49,6.45,6.46,8013526,0.0,6.506000000000009,,38.89725916701518,-0.04047761445886788,0.0037694721785872572,-0.04424708663745514
2020-05-20,6.49,6.49,6.4,6.45,6429802,0.0,6.496000000000009,,38.41700429062064,-0.049239186313858596,-0.0068322595199019134,-0.04240692679395668
2020-05-21,6.48,6.5,6.46,6.48,5132220,0.0,6.4860000000000095,,40.779289518724674,-0.053149372965901165,-0.016095682209101764,-0.0370536907567994
2020-05-22,6.5,6.5,6.42,6.43,3168964,0.0,6.46000000000001,,38.1524848222376,-0.05959582264524155,-0.024795710296329723,-0.034800112348911824
2020-05-26,6.47,6.49,6.4,6.49,5758476,0.0,6.462000000000009,,42.90528916596865,-0.05918098039805475,-0.031672764316674734,-0.027508216081380016
2020-05-27,6.5,6.68,6.47,6.64,8467186,0.0,6.498000000000009,,52.692937447703756,-0.046215722450566155,-0.03458135594345302,-0.011634366507113136
2020-05-28,6.6,6.64,6.49,6.51,9528516,0.0,6.510000000000008,,45.42495659487593,-0.04590145229284026,-0.036845375213330464,-0.009056077079509797
2020-05-29,6.49,6.515,6.31,6.325,26533586,0.0,6.479000000000008,,37.4983608722025,-0.05988997051920464,-0.041454294274505296,-0.018435676244699342
2020-06-01,6.38,6.46,6.36,6.43,7730900,0.0,6.479000000000008,,43.522185557147814,-0.061791060633659356,-0.045521647546336114,-0.016269413087323242
2020-06-02,6.42,6.44,6.27,6.2841,10465026,0.0,6.437820000000007,,38.03648641366975,-0.07421509350813338,-0.05126033673869557,-0.022954756769437812
2020-06-03,6.35,6.35,6.17,6.26,11925942,0.0,6.361820000000007,,37.20234808909836,-0.085025773469523,-0.05801342408486106,-0.027012349384661946
2020-06-04,6.3,6.3,6.1,6.23,12778868,0.0,6.305820000000007,,36.139886204017245,-0.0949198871319279,-0.06539471669427444,-0.02952517043765346
2020-06-05,6.24,6.36,6.2,6.235,8903978,0.0,6.287820000000007,,36.465562111516626,-0.10119111707105422,-0.0725539967696304,-0.02863712030142382
2020-06-08,6.25,6.45,6.16,6.31,11810682,0.0,6.263820000000007,,41.30127548138349,-0.09896839275474534,-0.0778368759666534,-0.021131516788091942
2020-06-09,6.3,6.33,6.15,6.15,13810308,0.0,6.237000000000007,,35.154158620125045,-0.10886262991142992,-0.0840420267556087,-0.024820603155821214
2020-06-10,6.15,6.2,6.1,6.185,7417818,0.0,6.222000000000007,,37.35078592542323,-0.11258190255656508,-0.08975000191579999,-0.022831900640765096
2020-06-11,6.11,6.2,6.1,6.125,7238480,0.0,6.201000000000007,,35.15243247089815,-0.11899920274797804,-0.0955998420822356,-0.02339936066574244
2020-06-12,6.16,6.165,6.06,6.095,3140548,0.0,6.173000000000007,,34.07259673324492,-0.12506404816577543,-0.10149268329894356,-0.023571364866831868
2020-06-15,6.07,6.24,6.06,6.23,8403580,0.0,6.157000000000009,,42.61530522786523,-0.11762124559378329,-0.10471839575791152,-0.012902849835871769
2020-06-16,6.3,6.36,6.25,6.33,11185918,0.0,6.193000000000009,,47.99127411094838,-0.10247236898502887,-0.104269190403335,0.0017968214183061298
2020-06-17,6.32,6.33,6.25,6.26,9890493,0.0,6.208000000000009,,44.82557752852789,-0.09501986031452336,-0.10241932438557268,0.007399464071049314
2020-06-18,6.22,6.25,6.16,6.18,7537160,0.0,6.219000000000008,,41.45961768387576,-0.09447991921581345,-0.10083144335162084,0.00635152413580739
2020-06-19,6.21,6.52,6.17,6.36,20750778,0.0,6.272000000000008,,50.47132271844371,-0.07862121984541837,-0.09638939865038035,0.01776817880496198
2020-06-22,6.37,6.45,6.335,6.38,3392716,0.0,6.3020000000000085,,51.36714802407246,-0.0637049030185235,-0.08985249952400898,0.026147596505485482
2020-06-23,6.38,6.44,6.33,6.39,3648293,0.0,6.314000000000009,,51.83622252535473,-0.050494627407497106,-0.0819809251007066,0.0314862976932095
2020-06-24,6.36,6.3976,6.33,6.355,2653952,0.0,6.333000000000008,,50.01782182599357,-0.04236128181586718,-0.07405699644373873,0.031695714627871546
2020-06-25,6.35,6.43,6.32,6.4,2688290,0.0,6.377000000000008,,52.333095566200896,-0.031916509266118,-0.06562889900821459,0.03371238974209659
2020-06-26,6.36,6.38,6.32,6.35,3276292,0.0,6.375000000000009,,49.58471323702213,-0.02735816599476415,-0.0579747524055245,0.03061658641076035
2020-06-29,6.36,6.47,6.34,6.47,3423650,0.0,6.393000000000009,,55.61004974110235,-0.013902390884788396,-0.04916028010137728,0.035257889216588886
2020-06-30,6.43,6.5,6.42,6.45,5299121,0.0,6.405000000000008,,54.44219685267663,-0.004797126728712797,-0.04028764942684439,0.03549052269813159
2020-07-01,6.42,6.435,6.32,6.35,3468532,0.0,6.404000000000008,,48.91126350036033,-0.005585912626616896,-0.03334730206679889,0.027761389440181992
2020-07-02,6.36,6.37,6.24,6.29,2912471,0.0,6.382000000000008,,45.89829057868399,-0.010926574938347144,-0.028863156641108542,0.017936581702761398
2020-07-06,6.26,6.42,6.22,6.41,4075830,0.0,6.394000000000007,,52.23560567071307,-0.005413685582142946,-0.024173262429315424,0.018759576847172478
2020-07-07,6.35,6.52,6.14,6.2,5186857,0.0,6.340000000000008,,42.78947403043696,-0.017784912604124514,-0.022895592464277244,0.00511067986015273
2020-07-08,6.21,6.24,6.16,6.23,3633938,0.0,6.296000000000007,,44.33804966479918,-0.02488162992785181,-0.02329279995699216,-0.001588829970859653
2020-07-09,6.27,6.71,6.18,6.71,19452640,0.0,6.3680000000000065,,62.04184115857408,0.00813241353564198,-0.01700775725846533,0.02514017079410731
2020-07-10,6.81,6.84,6.605,6.81,15541574,0.0,6.472000000000007,,64.57009839408005,0.04188264800378594,-0.005229676206015077,0.047112324209801014
2020-07-13,6.83,6.85,6.63,6.63,4364672,0.0,6.516000000000008,,57.186518687703334,0.05348886990328516,0.006514033015844972,0.04697483688744019
2020-07-14,6.85,6.86,6.7202,6.83,7853893,0.0,6.6420000000000075,,62.339554350340734,0.07792691988262757,0.02079661038920149,0.057130309493426075
2020-07-15,6.85,6.95,6.8036,6.93,10365531,0.0,6.782000000000008,,64.63174593701297,0.10416269214698293,0.03746982674075778,0.06669286540622515
2020-07-16,6.9,6.95,6.82,6.89,10200812,0.0,6.818000000000008,,62.98048341591465,0.12033986195926083,0.054043833784458394,0.06629602817480243
2020-07-17,6.89,6.905,6.64,6.75,8935275,0.0,6.806000000000007,,57.44825846309512,0.12047479714598275,0.06733002645676327,0.05314477068921948
2020-07-20,6.73,6.79,6.7,6.72,2653882,0.0,6.824000000000007,,56.306870897279985,0.11681442104274886,0.07722690537396039,0.03958751566878847
2020-07-21,6.75,6.79,6.71,6.79,2594778,0.0,6.816000000000007,,58.38452203015445,0.11819943211807438,0.0854214107227832,0.03277802139529118
2020-07-22,6.78,6.805,6.7,6.715,3943265,0.0,6.773000000000006,,55.347782058147146,0.11195464669711264,0.0907280579176491,0.02122658877946354
2020-07-23,6.72,6.87,6.6,6.86,20200998,0.0,6.767000000000006,,59.71082668696963,0.11735312368414164,0.09605307107094761,0.021300052613194023
2020-07-24,6.787000000000001,6.82,6.72,6.8,4119380,0.0,6.7770000000000055,,57.219346463702266,0.11545901734994324,0.09993426032674675,0.015524757023196487
2020-07-27,6.8,6.85,6.75,6.775,1675817,0.0,6.788000000000006,6.404942000000002,56.167712653877444,0.11066495663397635,0.10208039958819268,0.008584557045783675
