Date,Open,High,Low,Close,Volume,OpenInterest,5 day sma,200 day sma,rsi,macd,signal,histogram
2019-10-10,13.03,13.55,13.03,13.25,537467,0.0,,,,,,
2019-10-11,13.47,13.79,13.245,13.37,1289486,0.0,,,,,,
2019-10-14,13.28,14.54,12.7,13.82,1769415,0.0,,,,,,
2019-10-15,13.78,14.25,13.52,14.15,624546,0.0,,,,,,
2019-10-16,14.14,14.33,13.93,14.03,606066,0.0,13.723999999999998,,,,,
2019-10-17,14.15,14.51,14.09,14.39,809861,0.0,13.951999999999998,,,,,
2019-10-18,14.4,14.81,13.8,14.22,2007933,0.0,14.121999999999996,,,,,
2019-10-21,14.27,15.03,14.2,15.01,548980,0.0,14.359999999999996,,,,,
2019-10-22,15.16,15.4,14.67,14.74,596413,0.0,14.477999999999994,,,,,
2019-10-23,14.68,15.4,14.51,15.19,358645,0.0,14.709999999999994,,,,,
2019-10-24,15.19,15.66,15.0,15.51,351973,0.0,14.933999999999994,,,,,
2019-10-25,15.42,15.75,15.11,15.36,418399,0.0,15.161999999999995,,,,,
2019-10-28,15.44,16.09,15.4,16.0,773053,0.0,15.359999999999994,,,,,
2019-10-29,16.03,16.1038,15.61,15.9,279364,0.0,15.591999999999995,,,,,
2019-10-30,15.9,16.48,15.68,16.45,401315,0.0,15.843999999999998,,83.19502074688796,,,
2019-10-31,16.6,17.25,16.6,17.16,678777,0.0,16.173999999999996,,85.49586776859503,,,
2019-11-01,17.22,17.44,16.8,17.4,608196,0.0,16.581999999999997,,86.18444955795081,,,
2019-11-04,17.5,17.82,17.17,17.56,535840,0.0,16.894,,86.63982474421844,,,
2019-11-05,17.63,17.74,16.882,17.19,717671,0.0,17.151999999999994,,80.06743219688605,,,
2019-11-06,17.18,17.19,16.57,16.67,489863,0.0,17.195999999999994,,71.82138173119588,,,
2019-11-07,16.78,17.18,16.46,17.12,758962,0.0,17.187999999999995,,74.28912926242748,,,
2019-11-08,16.25,16.96,14.625,16.42,1094408,0.0,16.991999999999997,,64.78474482658228,,,
2019-11-11,16.28,16.55,16.1,16.14,406176,0.0,16.707999999999995,,61.40084314716955,,,
2019-11-12,16.1,16.23,15.85,15.95,348446,0.0,16.459999999999997,,59.14332638713081,,,
2019-11-13,15.84,16.21,15.7,16.02,291646,0.0,16.329999999999995,,59.730760547827416,,,
2019-11-14,16.01,16.3,15.81,16.0,567417,0.0,16.105999999999995,,59.4676769300755,0.6361013776906397,,
2019-11-15,16.1,16.15,15.85,16.08,454333,0.0,16.037999999999993,,60.22238530969321,0.5783097565775925,,
2019-11-18,16.11,16.44,16.03,16.1,439838,0.0,16.029999999999994,,60.42079798014776,0.5280364379667724,,
2019-11-19,16.23,16.79,16.08,16.42,478516,0.0,16.12399999999999,,63.55331450684991,0.5081580665427214,,
2019-11-20,16.27,16.76,16.27,16.51,396953,0.0,16.221999999999994,,64.40655906338561,0.49397235597922773,,
2019-11-21,16.56,17.0,16.16,16.81,396401,0.0,16.383999999999993,,67.16589219469677,0.5011605046149032,,
2019-11-22,16.96,17.0,16.64,16.79,412314,0.0,16.525999999999996,,66.7941294387557,0.4994855725817189,,
2019-11-25,17.11,17.9606,17.1,17.74,825217,0.0,16.853999999999996,,74.12132023358622,0.56826463640094,,
2019-11-26,17.73,18.215,17.5631,18.04,505665,0.0,17.177999999999994,,75.92775219249242,0.6396070409726846,0.5503439721474668,0.08926306882521784
2019-11-27,18.15,18.37,17.68,17.91,452174,0.0,17.45799999999999,,73.53242330974537,0.6778427477913134,0.5758437272762361,0.10199902051507725
2019-11-29,17.81,18.05,17.49,17.69,229330,0.0,17.633999999999993,,69.53454790135063,0.6825249369193997,0.5971799692048689,0.08534496771453082
2019-12-02,17.8,18.28,17.11,17.92,664024,0.0,17.859999999999992,,71.29184616573683,0.6967628351032928,0.6170965423845538,0.07966629271873904
2019-12-03,17.74,18.29,17.42,18.24,752529,0.0,17.95999999999999,,73.57560253540908,0.7255046318558769,0.6387781602788185,0.08672647157705837
2019-12-04,18.38,18.57,17.99,18.57,744015,0.0,18.065999999999992,,75.72061959914862,0.766080060857405,0.6642385403945359,0.1018415204628691
2019-12-05,18.96,19.69,18.61,18.99,1059819,0.0,18.28199999999999,,78.15151876737521,0.8226439432847314,0.6959196209725751,0.12672432231215636
2019-12-06,19.11,19.57,18.84,19.54,1000092,0.0,18.651999999999994,,80.85477876155508,0.9014601595080229,0.7370277286796647,0.16443243082835823
2019-12-09,19.65,20.23,19.33,20.16,1182456,0.0,19.09999999999999,,83.35492796250446,1.0023963954720507,0.7901014620381419,0.21229493343390882
2019-12-10,20.25,21.05,19.835,20.94,1171588,0.0,19.639999999999993,,85.85717068115768,1.132276393501165,0.8585364483307465,0.27373994517041855
2019-12-11,20.88,21.14,20.51,20.81,637269,0.0,20.087999999999994,,83.6014212894242,1.2107604216607157,0.9289812429967405,0.2817791786639753
2019-12-12,21.39,21.39,20.52,20.82,711558,0.0,20.453999999999994,,83.63703503139945,1.2592506383479893,0.9950351220669902,0.26421551628099915
2019-12-13,20.64,20.92,19.69,19.8,600805,0.0,20.505999999999993,,67.52768207989268,1.2015235928653922,1.0363328162266705,0.16519077663872173
2019-12-16,20.48,20.52,19.05,19.11,756901,0.0,20.295999999999996,,59.21829534407552,1.0875605390785665,1.0465783607970498,0.040982178281516735
2019-12-17,19.11,19.24,17.8,18.45,1028826,0.0,19.797999999999995,,52.556475400451454,0.933229821278875,1.023908652893415,-0.09067883161453993
2019-12-18,18.43,18.883,18.05,18.78,409352,0.0,19.391999999999996,,55.2662136143,0.8280051298827757,0.9847279482912871,-0.15672281840851132
2019-12-19,18.74,19.3,18.39,19.18,404136,0.0,19.064,,58.369971483735924,0.7680370083629526,0.9413897603056203,-0.17335275194266764
2019-12-20,19.22,19.42,19.03,19.09,340195,0.0,18.922,,57.40488064305819,0.7051213916922912,0.8941360865829545,-0.18901469489066336
2019-12-23,19.03,19.33,18.96,19.18,359850,0.0,18.936,,58.15005565113709,0.6549724453925734,0.8463033583448782,-0.19133091295230487
2019-12-24,19.11,19.33,18.9,19.18,173029,0.0,19.081999999999997,,58.15005565113709,0.6082178869481503,0.7986862640655327,-0.1904683771173824
2019-12-26,19.21,19.23,18.57,19.18,302684,0.0,19.161999999999995,,58.15005565113709,0.5646555646689215,0.7518801241862105,-0.187224559517289
2019-12-27,22.67,22.98,20.44,20.91,8422134,0.0,19.507999999999992,,70.52834458903544,0.6620964168470884,0.7339233827183861,-0.07182696587129767
2019-12-30,21.03,21.2,19.85,20.46,1507502,0.0,19.781999999999993,,65.13186729074437,0.6949962706408392,0.7261379603028767,-0.031141689662037453
2019-12-31,20.25,21.03,20.202,20.71,591510,0.0,20.087999999999994,,66.6581955408682,0.73279534389075,0.7274694370204513,0.005325906870298658
2020-01-02,20.85,20.9,20.0,20.54,529555,0.0,20.359999999999992,,64.58775373163937,0.7404978047687081,0.7300751105701028,0.010422694198605309
2020-01-03,19.81,20.25,19.47,19.66,832697,0.0,20.45599999999999,,55.05488206017523,0.6678943447184551,0.7176389573997732,-0.049744612681318134
2020-01-06,19.55,20.13,19.2,20.0,651180,0.0,20.27399999999999,,57.655358676271554,0.6305224675312999,0.7002156594260786,-0.06969319189477863
2020-01-07,20.01,20.49,19.67,20.46,857835,0.0,20.27399999999999,,60.94753074279112,0.6307522222418598,0.6863229719892349,-0.05557074974737508
2020-01-08,20.45,21.01,20.39,20.7,833643,0.0,20.27199999999999,,62.582093667576686,0.6428894691262954,0.677636271416647,-0.03474680229035154
2020-01-09,20.88,21.34,20.465,21.12,1035085,0.0,20.387999999999995,,65.31787613410084,0.6785766059260503,0.6778243383185276,0.000752267607522672
2020-01-10,20.75,20.77,18.91,18.915,1460500,0.0,20.238999999999994,,46.214058150629796,0.5229061107586119,0.6468406928065445,-0.12393458204793262
2020-01-13,19.08,19.23,18.27,18.45,762102,0.0,19.928999999999995,,43.335587237585024,0.35788898650197254,0.5890503515456301,-0.23116136504365759
2020-01-14,18.35,18.83,18.235,18.46,860220,0.0,19.52899999999999,,43.41720859967813,0.22532127961711623,0.5163045371599274,-0.2909832575428112
2020-01-15,18.48,18.665,18.05,18.24,543078,0.0,19.03699999999999,,41.984398145134186,0.10134007018177726,0.4333116437642974,-0.33197157358252016
2020-01-16,18.39,18.78,17.7,17.81,681976,0.0,18.37499999999999,,39.257435273213,-0.03125307191350757,0.34039870062873645,-0.371651772542244
2020-01-17,18.01,18.28,17.35,17.51,973511,0.0,18.093999999999987,,37.430775757335,-0.1587120513680631,0.24057655022937652,-0.3992886015974396
2020-01-21,17.53,18.45,17.3973,18.31,1199180,0.0,18.06599999999999,,44.8060859233734,-0.19294672699350812,0.1538718947847996,-0.3468186217783077
2020-01-22,18.35,18.7,18.16,18.41,847520,0.0,18.05599999999999,,45.66820698016462,-0.20959273522434074,0.08117896878297153,-0.2907717040073123
2020-01-23,18.32,18.34,17.91,17.99,1051476,0.0,18.00599999999999,,42.654662907328664,-0.2537502318698728,0.014193128652402666,-0.26794336052227546
2020-01-24,18.1,18.2057,17.51,17.58,1127676,0.0,17.959999999999987,,39.88758981350036,-0.31816137332298666,-0.05227777174267521,-0.26588360158031143
2020-01-27,17.25,17.82,17.15,17.6,389431,0.0,17.977999999999987,,40.091750243284416,-0.36340473060593226,-0.11450316351532663,-0.24890156709060562
2020-01-28,17.83,18.1,17.57,17.71,379188,0.0,17.857999999999986,,41.27313568714284,-0.38593551217398314,-0.16878963324705795,-0.2171458789269252
2020-01-29,17.75,17.9,17.6,17.68,666500,0.0,17.71199999999999,,41.035463925920894,-0.4015828708136375,-0.21534828076037388,-0.18623459005326365
2020-01-30,17.61,17.77,17.06,17.47,441448,0.0,17.60799999999999,,39.32821413404127,-0.4260178911630703,-0.25748220284091317,-0.16853568832215715
2020-01-31,17.42,17.75,17.2125,17.54,546512,0.0,17.59999999999999,,40.22100504140353,-0.4347231875489399,-0.29293039978251856,-0.14179278776642135
2020-02-03,17.55,17.955,17.3,17.88,468124,0.0,17.655999999999988,,44.49341618958358,-0.40946695893332574,-0.31623771161268,-0.09322924732064575
2020-02-04,18.11,18.46,17.93,18.4,373749,0.0,17.79399999999999,,50.33925421347973,-0.34353154381928874,-0.32169647805400176,-0.021835065765286987
2020-02-05,18.58,18.87,18.31,18.35,373376,0.0,17.927999999999987,,49.7961917897173,-0.291946457404368,-0.31574647392407507,0.02380001651970709
2020-02-06,18.31,18.44,17.67,17.72,362210,0.0,17.977999999999987,,43.43756064037402,-0.2984601765105772,-0.3122892144413755,0.01382903793079826
2020-02-07,17.75,17.83,16.94,17.05,512356,0.0,17.879999999999985,,37.89546874954251,-0.3536095555651748,-0.32055328266613536,-0.03305627289903945
2020-02-10,17.05,17.36,16.81,17.3,379022,0.0,17.763999999999985,,40.92424681083986,-0.37284500006019883,-0.33101162614494806,-0.04183337391525077
2020-02-11,17.43,17.55,16.89,17.01,328620,0.0,17.485999999999983,,38.57416302127381,-0.40680046227072,-0.34616939337010244,-0.060631068900617535
2020-02-12,17.09,17.63,17.0,17.17,395561,0.0,17.249999999999982,,40.60086296414434,-0.416004309161913,-0.3601363765284646,-0.055867932633448414
2020-02-13,17.15,17.34,16.66,16.75,260880,0.0,17.055999999999983,,37.13701109705948,-0.4519787839722582,-0.37850485801722333,-0.07347392595503488
2020-02-14,16.75,17.06,16.47,16.535,361727,0.0,16.95299999999998,,35.4688242534864,-0.4921641555875169,-0.4012367175312821,-0.09092743805623482
2020-02-18,16.51,16.64,15.92,16.28,610933,0.0,16.748999999999985,,33.54421830406696,-0.538381593114142,-0.4286656926478541,-0.10971590046628793
2020-02-19,16.35,16.55,16.18,16.26,352034,0.0,16.598999999999982,,33.39117959569984,-0.5700518750154693,-0.45694292912137713,-0.11310894589409215
2020-02-20,16.3,16.61,15.915,16.56,469568,0.0,16.476999999999983,,37.9632077083637,-0.5644368323453932,-0.4784417097661804,-0.08599512257921282
2020-02-21,16.52,17.33,16.52,17.3,731608,0.0,16.586999999999982,,47.53031705577695,-0.49457391478512847,-0.48166815076997005,-0.012905764015158416
2020-02-24,16.75,16.885,15.93,16.23,723199,0.0,16.525999999999986,,38.326511472652236,-0.5195579661007592,-0.4892461138361279,-0.03031185226463129
2020-02-25,16.33,17.3,16.1,16.26,586749,0.0,16.521999999999984,,38.685008499092994,-0.5308183143839393,-0.4975605539456902,-0.03325776043824913
2020-02-26,16.25,17.23,16.02,16.345,574264,0.0,16.538999999999984,,39.753572880731326,-0.5268106862367539,-0.503410580403903,-0.023400105832850904
2020-02-27,16.08,16.4149,15.42,15.53,696524,0.0,16.332999999999984,,33.69083061794581,-0.5826815110646102,-0.5192647665360444,-0.06341674452856583
2020-02-28,15.0,16.01,14.8439,15.82,799139,0.0,16.036999999999985,,37.35204301370578,-0.5966808010458138,-0.5347479734379983,-0.06193282760781549
2020-03-02,15.9,15.97,14.95,15.76,776621,0.0,15.942999999999987,,36.898108323115345,-0.6056354493097658,-0.5489254686123518,-0.05670998069741395
2020-03-03,15.81,16.19,14.95,15.2875,507800,0.0,15.748499999999984,,33.4505075443102,-0.64344167858426,-0.5678287106067335,-0.07561296797752659
2020-03-04,15.54,15.85,15.35,15.62,604093,0.0,15.603499999999986,,37.85119164927566,-0.6392050584593285,-0.5821039801772525,-0.057101078282076
2020-03-05,15.32,15.58,14.75,14.89,527690,0.0,15.475499999999986,,32.73340145616979,-0.6868349992906886,-0.6030501839999398,-0.08378481529074877
2020-03-06,14.32,15.35,14.155,14.48,601243,0.0,15.207499999999987,,30.258826137484107,-0.7490312777278998,-0.6322464027455319,-0.11678487498236789
2020-03-09,13.48,14.0,12.7,13.15,1370825,0.0,14.685499999999987,,23.937124597513346,-0.8953214528256819,-0.684861412761562,-0.2104600400641199
2020-03-10,13.63,14.1,12.96,13.82,1487380,0.0,14.39199999999999,,31.680566011599154,-0.9462858754484387,-0.7371463052989373,-0.20913957014950135
2020-03-11,13.38,13.46,12.1,12.305,1255696,0.0,13.72899999999999,,25.387018781806162,-1.0962860826263991,-0.8089742607644297,-0.28731182186196946
2020-03-12,11.37,11.645,10.11,10.15,788102,0.0,12.780999999999992,,19.46388628997545,-1.373223155684613,-0.9218240397484664,-0.4513991159361467
2020-03-13,10.37,10.93,9.14,9.74,1273693,0.0,11.83299999999999,,18.575890999290465,-1.6072539319474899,-1.0589100181882711,-0.5483439137592188
2020-03-16,8.89,8.89,6.6,6.63,2156088,0.0,10.52899999999999,,13.532519320333975,-2.020386261703907,-1.2512052668913984,-0.7691809948125083
2020-03-17,7.0,7.46,5.65,7.2,1764312,0.0,9.20499999999999,,17.930489827901226,-2.2755710071061834,-1.4560784149343555,-0.8194925921718279
2020-03-18,6.72,7.0,5.01,5.62,1115616,0.0,7.86799999999999,,15.566916796606378,-2.5756095283517695,-1.6799846376178382,-0.8956248907339313
2020-03-19,5.77,6.5,5.5,6.41,2523618,0.0,7.119999999999989,,21.162729135722913,-2.7183108253008577,-1.8876498751544424,-0.8306609501464153
2020-03-20,6.36,6.45,5.79,6.01,2931086,0.0,6.373999999999988,,20.424617570694934,-2.8310447664968557,-2.076328853422925,-0.7547159130739307
2020-03-23,6.07,6.183,5.35,5.5201,1392268,0.0,6.152019999999988,,19.526354317178345,-2.926186802858428,-2.2463004433100258,-0.6798863595484024
2020-03-24,6.07,7.37,6.07,7.24,916379,0.0,6.160019999999988,,30.99949706018188,-2.8301814261860585,-2.3630766398852323,-0.4671047863008262
2020-03-25,7.22,8.52,6.84,8.15,1308150,0.0,6.666019999999989,,36.183713537632094,-2.650118166101599,-2.4204849451285058,-0.22963322097309335
2020-03-26,8.2,9.23,8.13,8.72,1002097,0.0,7.12801999999999,,39.26200319326685,-2.433372100039966,-2.423062376110798,-0.010309723929168069
2020-03-27,8.38,8.66,8.03,8.21,739887,0.0,7.56801999999999,,37.51819047001848,-2.2765098306180036,-2.3937518670122393,0.1172420363942357
2020-03-30,8.27,8.61,7.91,8.19,461360,0.0,8.10199999999999,,37.447947977199874,-2.1292643508074285,-2.3408543637712773,0.21159001296384883
2020-03-31,8.18,8.59,7.72,7.86,1198346,0.0,8.225999999999988,,36.24224118989133,-2.0159607486674354,-2.275875640750509,0.25991489208307383
2020-04-01,7.76,7.88,6.94,7.0,1486922,0.0,7.99599999999999,,33.238742412259796,-1.9728201971484403,-2.2152645520300958,0.2424443548816555
2020-04-02,6.92,7.135,6.58,6.83,787110,0.0,7.61799999999999,,32.662510730904685,-1.9300995918597854,-2.1582315599960338,0.22813196813624836
2020-04-03,6.81,6.8776,6.53,6.65,820378,0.0,7.3059999999999885,,32.02935719266462,-1.8889925695754002,-2.1043837619119072,0.21539119233650705
2020-04-06,6.99,7.87,6.89,7.75,1500352,0.0,7.217999999999989,,39.71960643050973,-1.7475099444856355,-2.033008998426653,0.2854990539410176
2020-04-07,8.28,8.5739,7.61,7.61,889764,0.0,7.1679999999999895,,39.113064380267225,-1.6279151818713107,-1.9519902351155847,0.324075053244274
2020-04-08,7.82,8.73,7.62,8.48,920444,0.0,7.46399999999999,,44.758498611686896,-1.446262132166396,-1.8508446145257471,0.4045824823593511
2020-04-09,8.9,8.97,8.6,8.82,794172,0.0,7.86199999999999,,46.83321152825569,-1.2603372398657777,-1.7327431395937534,0.47240589972797564
2020-04-13,8.92,8.935,8.4,8.7,1022422,0.0,8.27199999999999,,46.17407144858654,-1.1098794212272214,-1.608170395920447,0.4982909746932256
2020-04-14,9.0,9.1,8.69,8.78,1389496,0.0,8.47799999999999,,46.712517758986856,-0.9729693989750512,-1.481130196531368,0.5081607975563167
2020-04-15,8.5,8.64,7.78,7.885,2061931,0.0,8.53299999999999,,41.6881519698246,-0.9260117530626673,-1.370106507837628,0.44409475477496074
2020-04-16,8.07,8.07,7.52,7.5458,2418423,0.0,8.346159999999989,,39.93500158440546,-0.9057274236092301,-1.2772306909919486,0.37150326738271855
2020-04-17,8.0,8.8,7.86,8.73,3186026,0.0,8.32815999999999,,48.13534300801487,-0.7850473657911898,-1.178794025951797,0.3937466601606072
2020-04-20,8.53,9.51,8.44,9.44,3734006,0.0,8.47615999999999,,52.33690414835785,-0.624912877577156,-1.0680177962768689,0.4431049186997129
2020-04-21,9.11,9.47,8.902000000000001,9.32,1671485,0.0,8.58415999999999,,51.576406563783216,-0.5019025192604385,-0.9547947408735828,0.45289222161314435
2020-04-22,9.5,9.8,8.9349,9.19,1491930,0.0,8.84515999999999,,50.71662730497346,-0.41017756594380295,-0.8458713058876269,0.435693739943824
2020-04-23,9.23,9.69,9.15,9.48,1440662,0.0,9.23199999999999,,52.61430505928205,-0.3105049949299854,-0.7387980436960987,0.4282930487661133
2020-04-24,9.61,9.68,9.15,9.6,641584,0.0,9.405999999999992,,53.413676114817584,-0.21930278123049796,-0.6348989912029787,0.4155962099724807
2020-04-27,9.86,10.8,9.65,10.47,2756926,0.0,9.611999999999991,,58.83551426075831,-0.075947169001779,-0.5231086267627387,0.4471614577609597
2020-04-28,10.71,11.0,9.91,10.09,607151,0.0,9.765999999999993,,55.78179159087736,0.006920586094816272,-0.41710278419122776,0.42402337028604403
2020-04-29,10.5,10.79,10.11,10.63,512987,0.0,10.053999999999993,,59.03559657745174,0.11484352144292131,-0.310713523064398,0.4255570445073193
2020-04-30,10.45,10.76,10.27,10.64,1013642,0.0,10.285999999999992,,59.09562419011032,0.19888749048838328,-0.20879332035384174,0.407680810842225
2020-05-01,10.35,10.54,9.0299,9.56,633891,0.0,10.277999999999993,,50.49040850168522,0.17631353472071432,-0.13177194933893055,0.30808548405964487
2020-05-04,9.4,10.11,9.2507,10.11,410073,0.0,10.205999999999992,,54.151848207171646,0.20049275986318804,-0.06531900749850683,0.2658117673616949
2020-05-05,10.41,10.76,10.15,10.63,611062,0.0,10.313999999999993,,57.3624065445065,0.25863326093078953,-0.0005285538126475614,0.2591618147434371
2020-05-06,10.73,10.8899,10.21,10.3,285119,0.0,10.247999999999992,,54.74254122427171,0.27491276164266054,0.05455970927841406,0.2203530523642465
2020-05-07,10.45,10.91,10.36,10.82,1392484,0.0,10.283999999999992,,57.997884939971094,0.32601592873438,0.10885095316960725,0.21716497556477277
2020-05-08,10.01,10.5,9.48,9.49,3366540,0.0,10.269999999999992,,48.4071999115599,0.25624187527365727,0.13832913759041726,0.11791273768324001
2020-05-11,9.8,10.24,9.29,9.655,968870,0.0,10.178999999999991,,49.52240090842411,0.21181785190387536,0.1530268804531089,0.05879097145076648
2020-05-12,9.71,9.93,8.77,8.79,2255126,0.0,9.810999999999991,,44.136274202623035,0.10559597773206164,0.14354069990889945,-0.03794472217683781
2020-05-13,8.83,9.065,8.01,8.49,1577630,0.0,9.448999999999993,,42.413345770903376,-0.0027612852541967214,0.11428030287628022,-0.11704158813047694
2020-05-14,8.21,8.51,7.84,8.5,1183538,0.0,8.984999999999992,,42.493929746223365,-0.08682738833170056,0.07405876463468407,-0.16088615296638464
2020-05-15,8.4,8.64,8.255,8.54,419739,0.0,8.794999999999991,,42.83849790993483,-0.14851077520630618,0.02954485666648602,-0.1780556318727922
2020-05-18,8.97,9.7,8.95,9.68,1418228,0.0,8.799999999999992,,51.71778653341265,-0.10420561363847725,0.00279476260549337,-0.10700037624397062
2020-05-19,9.65,11.19,9.31,10.53,2834084,0.0,9.147999999999993,,57.07220028336995,-0.0004997963002786321,0.00213585082433897,-0.002635647124617602
2020-05-20,10.7,10.95,10.55,10.92,417144,0.0,9.633999999999991,,59.30230342568327,0.11186800698520649,0.024082282056512475,0.08778572492869402
2020-05-21,10.15,10.25,9.75,9.84,3953019,0.0,9.901999999999992,,51.347182740870785,0.11247676446545718,0.04176117853830142,0.07071558592715577
2020-05-22,9.91,10.03,9.5,9.77,2520476,0.0,10.147999999999993,,50.87085789065812,0.10608787913556128,0.05462651865775339,0.05146136047780789
2020-05-26,10.1,10.48,9.62,9.6987,1432930,0.0,10.151739999999993,,50.358427413138216,0.0941856142288291,0.06253833777196853,0.031647276456860565
2020-05-27,10.17,10.83,9.61,10.325,4398868,0.0,10.110739999999993,,54.677198655671724,0.133748391134052,0.07678034844438522,0.05696804268966679
2020-05-28,10.74,11.93,10.39,11.67,3735070,0.0,10.260739999999993,,62.26889385647528,0.2705141178702348,0.11552710232955515,0.15498701554067967
2020-05-29,11.35,11.53,10.65,11.44,949659,0.0,10.580739999999992,,60.40556627270244,0.3562363924598895,0.16366896035562203,0.19256743210426744
2020-06-01,11.41,11.52,11.1,11.39,813389,0.0,10.904739999999993,,59.98533343004057,0.4153494407285958,0.2140050564302168,0.201344384298379
2020-06-02,11.47,12.28,11.23,12.18,2067366,0.0,11.400999999999993,,64.22066195107641,0.5199496985946332,0.2751939848631001,0.24475571373153315
2020-06-03,12.41,12.64,12.06,12.17,854038,0.0,11.769999999999992,,64.12813375530366,0.595178394089741,0.3391908667084283,0.25598752738131275
2020-06-04,12.05,12.38,11.71,11.9,1532800,0.0,11.815999999999994,,61.54959898879413,0.625797133932462,0.39651212015323506,0.2292850137792269
2020-06-05,12.38,12.82,11.945,12.29,834363,0.0,11.985999999999995,,63.81300486136151,0.673765694961002,0.4519628351147885,0.2218028598462135
2020-06-08,12.55,12.9,12.27,12.88,1663736,0.0,12.283999999999995,,66.97975597029458,0.7507351864225562,0.5117173053763421,0.23901788104621413
2020-06-09,12.61,13.1,12.38,12.66,1671384,0.0,12.379999999999994,,64.7059116753791,0.7849336747594133,0.5663605792529564,0.21857309550645698
2020-06-10,12.63,12.66,11.86,11.89,693803,0.0,12.323999999999993,,57.3654961772848,0.7413577476756466,0.6013600129374944,0.13999773473815214
2020-06-11,11.29,11.48,10.6776,10.73,919246,0.0,12.089999999999993,,48.44866672161559,0.6062329301863656,0.6023345963872686,0.003898333799096987
2020-06-12,11.35,11.74,11.02,11.02,508354,0.0,11.835999999999995,,50.51937799749412,0.5165911736897915,0.5851859118477732,-0.06859473815798178
2020-06-15,10.93,11.62,10.7,11.54,1219844,0.0,11.567999999999994,,54.08110861755959,0.48195343086552533,0.5645394156513237,-0.08258598478579837
2020-06-16,11.95,12.32,11.5404,12.27,1106403,0.0,11.489999999999995,,58.587805648162174,0.5075568696115784,0.5531429064433746,-0.045586036831796184
2020-06-17,12.32,12.76,12.31,12.39,693831,0.0,11.589999999999995,,59.29503043309931,0.5314050695452508,0.5487953390637499,-0.01739026951849909
2020-06-18,12.13,13.23,12.0,13.15,619495,0.0,12.073999999999995,,63.541649226604484,0.6046604390711128,0.5599683590652225,0.04469208000589031
2020-06-19,13.27,13.37,12.71,12.72,1600929,0.0,12.413999999999996,,59.743878005548915,0.6208615355478315,0.5721469943617443,0.0487145411860872
2020-06-22,12.66,12.89,12.14,12.74,672347,0.0,12.653999999999995,,59.86403532896624,0.6280747987640876,0.5833325552422131,0.0447422435218745
2020-06-23,12.96,13.23,12.71,13.1,458258,0.0,12.819999999999997,,62.05927108930429,0.6552866169675458,0.5977233675872796,0.057563249380266135
2020-06-24,12.83,12.9699,11.81,12.1,451560,0.0,12.761999999999995,,53.33305251808353,0.589366684027608,0.5960520308753453,-0.006685346847737361
2020-06-25,12.13,12.99,12.13,12.99,716724,0.0,12.729999999999993,,58.87542297126756,0.6020007344703622,0.5972417715943487,0.004758962876013517
2020-06-26,12.83,13.22,12.51,12.52,696033,0.0,12.689999999999994,,55.15041283502346,0.5675459223161621,0.5913026017387114,-0.02375667942254933
2020-06-29,12.66,13.09,12.36,12.69,374219,0.0,12.679999999999994,,56.229146374558134,0.5476449051319161,0.5825710624173523,-0.03492615728543624
2020-06-30,12.56,13.17,12.36,13.15,605101,0.0,12.689999999999994,,59.096059134697924,0.5625071292168293,0.5785582757772478,-0.016051146560418506
2020-07-01,13.2,13.57,12.78,13.03,439102,0.0,12.875999999999994,,58.028290074989265,0.5581683346484088,0.5744802875514801,-0.016311952903071303
2020-07-02,13.32,13.33,12.84,13.26,388628,0.0,12.929999999999996,,59.53734303731386,0.5667556798196074,0.5729353660051055,-0.006179686185498134
2020-07-06,13.4,13.49,12.83,13.1,400640,0.0,13.045999999999996,,57.97573893151258,0.5542613698560785,0.5692005667753002,-0.014939196919221631
2020-07-07,12.81,13.09,12.25,12.31,441183,0.0,12.969999999999995,,50.87967365811322,0.4751360686612198,0.5503876671524841,-0.07525159849126428
2020-07-08,12.37,12.59,12.0197,12.49,342450,0.0,12.837999999999994,,52.31189925925424,0.4220876296206768,0.5247276596461227,-0.10264003002544586
2020-07-09,12.45,12.65,11.97,12.15,237922,0.0,12.661999999999995,,49.38290883252843,0.34859283972144084,0.4895006956611863,-0.14090785593974547
2020-07-10,12.11,12.21,11.88,11.96,280015,0.0,12.401999999999997,,47.773150383887206,0.27188218849302004,0.4459769942275531,-0.17409480573453306
2020-07-13,12.18,12.54,11.76,11.77,361290,0.0,12.135999999999997,,46.15295193424249,0.19352618324576198,0.39548683203119495,-0.20196064878543296
2020-07-14,12.04,13.14,11.52,13.14,957638,0.0,12.301999999999998,,57.37762347694117,0.23921847334268698,0.36423316029349334,-0.12501468695080636
2020-07-15,13.45,13.9196,13.15,13.45,752331,0.0,12.493999999999998,,59.438046592199235,0.2970204844061719,0.35079062511602904,-0.05377014070985714
2020-07-16,13.26,13.455,12.97,13.31,386409,0.0,12.725999999999997,,58.07270342473936,0.32775402031737855,0.34618330415629894,-0.018429283838920396
2020-07-17,13.29,13.65,13.11,13.15,437547,0.0,12.963999999999999,,56.47602289574713,0.3353343801302344,0.34401351935108604,-0.008679139220851617
2020-07-20,13.16,13.36,12.31,12.9,541959,0.0,13.190000000000001,,53.9787087012886,0.3175089141131817,0.3387125983035052,-0.02120368419032348
2020-07-21,13.09,13.17,12.75,13.0,495982,0.0,13.162,,54.838945134903156,0.30790196593329,0.3325504718294622,-0.02464850589617218
2020-07-22,12.97,13.28,12.93,13.15,152638,0.0,13.102,,56.16261479974557,0.308832112334418,0.32780679993045336,-0.018974687596035378
2020-07-23,13.07,13.1,12.36,12.775,328497,0.0,12.995000000000001,,52.05488628634171,0.2761268753286412,0.317470815010091,-0.04134393968144978
2020-07-24,12.49,12.92,12.33,12.42,417863,0.0,12.849,,48.442743472862915,0.21903728080470408,0.29778410816901363,-0.07874682736430955
2020-07-27,12.4,12.89,12.33,12.7,247755,0.0,12.809000000000001,14.009660499999995,51.31243881648802,0.19414899699472876,0.2770570859341567,-0.08290808893942792
