Date,Open,High,Low,Close,Volume,OpenInterest,5 day sma,200 day sma,rsi,macd,signal,histogram
2019-10-10,77.15,78.06,76.57,77.56,1440282,0.0,,,,,,
2019-10-11,78.25,80.0,78.161,79.17,1550426,0.0,,,,,,
2019-10-14,79.25,79.71,78.91,79.32,818223,0.0,,,,,,
2019-10-15,79.79,79.96,78.63,78.69,1413450,0.0,,,,,,
2019-10-16,77.16,78.11,75.7,77.77,2153791,0.0,78.502,,,,,
2019-10-17,77.87,79.09,77.5698,78.92,1420371,0.0,78.774,,,,,
2019-10-18,78.77,78.79,75.75,76.55,2586649,0.0,78.25,,,,,
2019-10-21,76.7,77.19,76.03,76.26,734301,0.0,77.638,,,,,
2019-10-22,76.46,78.2,76.33,77.04,662030,0.0,77.308,,,,,
2019-10-23,76.64,78.66,76.2,78.07,976377,0.0,77.36800000000001,,,,,
2019-10-24,78.87,81.04,78.7,80.955,1271130,0.0,77.775,,,,,
2019-10-25,80.65,80.65,79.37,80.51,865764,0.0,78.567,,,,,
2019-10-28,80.72,81.46,80.04,80.315,799536,0.0,79.378,,,,,
2019-10-29,80.24,81.2625,79.5483,80.76,790356,0.0,80.12199999999999,,,,,
2019-10-30,81.04,82.68,80.445,82.6,739842,0.0,81.02799999999999,,67.09633649932157,,,
2019-10-31,82.21,83.47,80.93,81.5,2670838,0.0,81.13699999999999,,62.105110617331675,,,
2019-11-01,88.66,91.9,87.25,90.13,4095521,0.0,83.06099999999999,,76.73031026252985,,,
2019-11-04,90.75,92.73899999999999,90.5,91.88,1854100,0.0,85.374,,78.53907288756027,,,
2019-11-05,91.49,92.57,91.02,91.66,1597588,0.0,87.554,,77.72117393873421,,,
2019-11-06,91.64,93.58,90.75,93.11,1725281,0.0,89.65599999999999,,79.2546093949685,,,
2019-11-07,93.62,94.95,92.22,94.2,1581245,0.0,92.196,,80.34954597798222,,,
2019-11-08,94.42,96.59,94.11,96.22,1572646,0.0,93.41400000000002,,82.22218975269456,,,
2019-11-11,95.52,98.21,95.22,95.96,1880967,0.0,94.23000000000002,,81.15022873532456,,,
2019-11-12,97.06,100.08,96.77,99.97,1904465,0.0,95.89200000000002,,84.50547199589558,,,
2019-11-13,99.22,100.3346,98.77,99.68,954847,0.0,97.20600000000002,,83.34999365835378,,,
2019-11-14,99.33,100.85,99.08,100.12,1010074,0.0,98.39000000000001,,83.71385394992095,8.326567205261767,,
2019-11-15,101.32,101.64,99.82,101.54,1124847,0.0,99.45400000000002,,84.86350473584773,8.337619105745262,,
2019-11-18,101.05,104.35,100.65,103.86,1720701,0.0,101.03400000000002,,86.53579840234413,8.43633362486203,,
2019-11-19,104.43,105.52,104.04,105.07,1179234,0.0,102.05400000000002,,87.32248784163653,8.514057722462212,,
2019-11-20,104.95,106.0,102.08,102.44,1907199,0.0,102.606,,76.81659794017725,8.268125802092413,,
2019-11-21,102.72,103.52,102.36,103.06,1152153,0.0,103.19399999999999,,77.50372642724626,8.030679131693361,,
2019-11-22,103.36,104.3345,102.91,103.8,1145933,0.0,103.64599999999999,,78.329304867467,7.812159043697605,,
2019-11-25,104.29,105.32,103.95,105.17,678749,0.0,103.90799999999997,,79.80680119471735,7.661214142348257,,
2019-11-26,104.09,105.38,104.09,104.37,1028779,0.0,103.76799999999999,,76.52573363796415,7.39182752001075,8.08650925535263,-0.694681735341879
2019-11-27,104.95,105.27,103.93,105.23,511133,0.0,104.32599999999998,,77.59224799392746,7.165136262965575,7.902234656875219,-0.737098393909644
2019-11-29,104.86,105.5,104.4111,105.15,325260,0.0,104.74399999999996,,77.24068994864781,6.899493411856483,7.701686407871472,-0.8021929960149894
2019-12-02,104.11,104.605,102.3408,103.94,978925,0.0,104.77199999999998,,71.93207345041128,6.5162177488866035,7.464592676074499,-0.9483749271878956
2019-12-03,101.95,104.06,99.78,103.83,1359514,0.0,104.50399999999999,,71.4513034480733,6.13289672805395,7.1982534864703895,-1.0653567584164394
2019-12-04,104.09,104.5,103.29,103.62,776346,0.0,104.354,,70.48278228415869,5.745931293178742,6.90778904781206,-1.161857754633318
2019-12-05,103.67,104.97,103.045,104.93,913227,0.0,104.29400000000001,,72.94633443760503,5.481773971915516,6.622586032632752,-1.140812060717236
2019-12-06,105.47,105.66,103.31,103.59,701043,0.0,103.98200000000001,,66.80434275739472,5.105448162129051,6.319158458532012,-1.2137102964029616
2019-12-09,103.53,104.56,103.0728,103.85,557428,0.0,103.96400000000003,,67.37828186002704,4.773164998767811,6.009959766579172,-1.2367947678113609
2019-12-10,104.2,104.74,103.36,103.58,492746,0.0,103.91400000000003,,66.10018918824832,4.436895682758106,5.69534694981496,-1.258451267056854
2019-12-11,103.79,104.37,103.2,104.15,471639,0.0,104.02000000000002,,67.50170735781826,4.168343988644978,5.389946357580964,-1.2216023689359865
2019-12-12,104.21,105.02,103.25,104.37,527172,0.0,103.90800000000004,,68.05073577969432,3.9279876016487094,5.097554606394514,-1.1695670047458044
2019-12-13,104.32,106.65,104.0101,105.7,887611,0.0,104.33000000000004,,71.21658512022942,3.801007667658496,4.838245218647311,-1.0372375509888148
2019-12-16,106.5,107.77,106.33,107.24,947856,0.0,105.00800000000004,,74.3819852578405,3.7810546405418535,4.626807103026219,-0.8457524624843655
2019-12-17,107.26,107.47,105.04,106.33,1266238,0.0,105.55800000000004,,69.51698798643498,3.6497403926237695,4.4313937609457295,-0.78165336832196
2019-12-18,106.4,108.54,106.15,108.02,1199400,0.0,106.33200000000004,,73.0432340841179,3.6400811910626203,4.273131246969108,-0.6330500559064873
2019-12-19,108.0,109.79,107.78,109.51,1038076,0.0,107.36000000000004,,75.7110050022476,3.709891432676386,4.160483284110564,-0.45059185143417757
2019-12-20,110.28,110.28,106.86,106.93,1237434,0.0,107.60600000000004,,63.915763241386855,3.5164961355626616,4.031685854400983,-0.5151897188383217
2019-12-23,107.31,108.29,107.1,107.79,526791,0.0,107.71600000000004,,65.826916153403,3.393505562205007,3.9040497959617886,-0.5105442337567814
2019-12-24,107.89,108.305,107.66,107.78,176970,0.0,108.00600000000001,,65.78328670592526,3.2576752775264737,3.774774892274726,-0.5170996147482523
2019-12-26,107.63,109.45,107.63,108.19,330476,0.0,108.04,,66.75615922711714,3.1468375869375507,3.6491874312072907,-0.50234984426974
2019-12-27,108.63,108.6968,107.08,107.47,558352,0.0,107.63200000000002,,63.34975704105592,2.9667016460267206,3.512690274171177,-0.5459886281444564
2019-12-30,107.45,107.89,105.22,106.9231,502226,0.0,107.63062,,60.81141692198063,2.7481335823954396,3.35977893581603,-0.6116453534205903
2019-12-31,106.58,107.6502,106.29,106.76,440509,0.0,107.42462,,60.03879408287685,2.5325622096655565,3.1943355905859354,-0.661773380920379
2020-01-02,107.6,110.29,107.375,109.68,996045,0.0,107.80462000000003,,67.90162649635201,2.5677406246530836,3.069016597399365,-0.5012759727462814
2020-01-03,108.42,111.53,108.1,111.2,1171245,0.0,108.40662000000002,,71.09042819562103,2.687293620729875,2.9926720020654676,-0.3053783813355926
2020-01-06,110.61,112.36,109.525,112.0,1023906,0.0,109.31262000000001,,72.63151239500145,2.8141537330894124,2.956968348270257,-0.14281461518084448
2020-01-07,112.33,112.509,111.07,111.91,684508,0.0,110.31000000000002,,72.1654423486056,2.8742959438202433,2.9404338673802544,-0.06613792356001102
2020-01-08,111.95,114.4,111.8,113.67,1030832,0.0,111.69200000000001,,75.47916530353136,3.0290592605601177,2.958158946016227,0.07090031454389045
2020-01-09,115.01,115.7824,113.435,114.49,867504,0.0,112.654,,76.86131899848804,3.1812064829567674,3.002768453404335,0.17843802955243238
2020-01-10,114.85,115.3,113.86,114.32,479297,0.0,113.27799999999998,,75.9060683546711,3.2505958283335588,3.05233392839018,0.19826189994337895
2020-01-13,116.2,116.75,114.84,116.69,646615,0.0,114.21599999999998,,79.69485175987036,3.456976702023823,3.133262483116909,0.3237142189069142
2020-01-14,117.52,117.67,116.32,116.72,658962,0.0,115.178,,79.73828536624295,3.5816685352338737,3.2229436935403024,0.35872484169357133
2020-01-15,116.96,117.74,116.6086,117.05,686701,0.0,115.854,,80.2390176869494,3.664869617831684,3.3113288783985793,0.3535407394331047
2020-01-16,117.4,119.23,117.09,119.09,682380,0.0,116.774,,83.03085607364349,3.8510257980113636,3.419268262321136,0.43175753569022746
2020-01-17,119.31,119.5,116.96,117.49,819936,0.0,117.40799999999999,,74.17894766800461,3.825352995610686,3.5004852089790464,0.3248677866316396
2020-01-21,117.77,118.31,117.0,117.65,1158958,0.0,117.6,,74.47203581893523,3.7744087430676103,3.5552699157967593,0.219138827270851
2020-01-22,120.0,120.44,117.7,117.82,1428470,0.0,117.81999999999998,,74.79933874050136,3.7050432034048697,3.5852245733183814,0.1198186300864883
2020-01-23,117.75,119.55,117.24,118.94,1659516,0.0,118.19800000000001,,76.9006360584527,3.6978189976474027,3.607743458184186,0.09007553946321689
2020-01-24,119.51,120.28,117.36,117.99,1468411,0.0,117.978,,71.45791385246498,3.574235144160525,3.601041795379454,-0.026806651218928668
2020-01-27,114.88,115.8,112.06,114.48,1006858,0.0,117.376,,55.756184765662944,3.156678163290067,3.5121690689615765,-0.3554909056715094
2020-01-28,115.0,117.72,114.9463,117.55,856114,0.0,117.356,,63.343151989263454,3.0384591251346933,3.4174270801962003,-0.37896795506150704
2020-01-29,118.0,118.84,117.09,117.24,563807,0.0,117.24000000000001,,62.18357568810952,2.8864817120484645,3.3112380065666533,-0.42475629451818886
2020-01-30,116.41,118.39,116.05,118.33,718327,0.0,117.11800000000002,,64.63502281252346,2.8214682777267655,3.213284060798676,-0.3918157830719107
2020-01-31,118.51,118.72,114.57,115.36,813920,0.0,116.59200000000003,,54.30509511962021,2.501455264765596,3.0709183015920605,-0.5694630368264644
2020-02-03,115.85,117.48,115.51,116.47,743627,0.0,116.99000000000004,,57.066779567298916,2.3107732145565336,2.918889284184955,-0.6081160696284216
2020-02-04,119.56,120.35,117.22,120.06,866163,0.0,117.49200000000005,,64.53280226594705,2.4214266143693095,2.8193967502218262,-0.3979701358525167
2020-02-05,121.06,121.48,118.83,119.78,1157114,0.0,118.00000000000004,,63.60377808206417,2.4581900858537438,2.74715541734821,-0.28896533149446624
2020-02-06,119.94,121.82,118.78,121.43,1450903,0.0,118.62000000000005,,66.65058743344485,2.590603744870279,2.7158450828526237,-0.1252413379823447
2020-02-07,118.01,119.94,114.29,117.14,1888423,0.0,118.97600000000004,,53.994569307003395,2.3226018680898193,2.637196439900063,-0.31459457181024364
2020-02-10,116.48,118.98,115.0,118.755,955394,0.0,119.43300000000004,,57.283035689140256,2.2149923991810425,2.552755631756259,-0.3377632325752167
2020-02-11,119.76,120.18,116.4,117.32,910589,0.0,118.88500000000003,,53.61578157382684,1.9909679731222525,2.440398100029458,-0.44943012690720563
2020-02-12,117.5,118.52,115.78,117.4,763456,0.0,118.40900000000003,,53.79338115573245,1.799142933069092,2.312147066637385,-0.5130041335682929
2020-02-13,116.47,119.24,116.0,119.14,684489,0.0,117.95100000000002,,57.596318774679276,1.7671530249582759,2.2031482583015634,-0.4359952333432875
2020-02-14,119.34,119.6244,117.945,119.19,645726,0.0,118.36100000000003,,57.70404446641735,1.7259398146155291,2.107706569564357,-0.3817667549488277
2020-02-18,118.87,121.27,118.75,119.46,694496,0.0,118.50200000000004,,58.31982185877263,1.6955198940949572,2.025269234470477,-0.32974934037551984
2020-02-19,120.0,120.87,119.1,119.2,531922,0.0,118.87800000000007,,57.45240594215466,1.6316237182558382,1.9465401312275492,-0.314916412971711
2020-02-20,119.25,119.935,116.08,117.98,1089057,0.0,118.99400000000007,,53.436183171024936,1.4656466720199859,1.8503614393860366,-0.3847147673660507
2020-02-21,117.76,117.81,113.75,114.49,716937,0.0,118.06400000000008,,43.96746339177582,1.0405005910999279,1.688389269728815,-0.6478886786288871
2020-02-24,108.55,110.61,105.9,108.69,1504433,0.0,115.96400000000008,,33.3811568106009,0.23287331298762126,1.3972860783805763,-1.164412765392955
2020-02-25,109.0,109.7449,104.19,105.05,2348929,0.0,113.08200000000006,,28.70926105047215,-0.692907298786821,0.9792474029470968,-1.6721547017339178
2020-02-26,105.54,108.24,105.54,106.27,1245058,0.0,110.49600000000005,,32.137452371829596,-1.3130156721281878,0.5207947879320398,-1.8338104600602276
2020-02-27,103.36,106.53,101.26,102.7,2258603,0.0,107.44000000000005,,27.90825726226477,-2.068678748995339,0.002900080546564099,-2.071578829541903
2020-02-28,98.88,104.0695,98.09,101.99,2633049,0.0,104.94000000000005,,27.143220223741764,-2.693785960227487,-0.5364371276082461,-2.157348832619241
2020-03-02,103.62,110.19,103.47,110.19,2485733,0.0,105.24000000000005,,45.6677636318609,-2.498712852671744,-0.9288922726209458,-1.5698205800507985
2020-03-03,110.09,110.4831,102.21,103.53,2080177,0.0,104.93600000000006,,37.35929048822642,-2.8486844880320916,-1.312850715703175,-1.5358337723289166
2020-03-04,105.0,107.165,103.79,107.05,1293440,0.0,105.09200000000006,,43.23726754950913,-2.809617427553377,-1.6122040580732155,-1.1974133694801614
2020-03-05,104.66,107.39,103.43,104.0,940105,0.0,105.35200000000005,,39.756159509023796,-2.9902957428187307,-1.8878223950223187,-1.102473347796412
2020-03-06,101.01,102.86,97.68,99.53,1995679,0.0,104.86000000000004,,35.27382572144295,-3.4543565796469125,-2.2011292319472378,-1.2532273476996747
2020-03-09,93.27,97.5975,85.3,87.14,3621885,0.0,100.25000000000003,,26.391720104366627,-4.766947188789828,-2.714292823315756,-2.0526543654740723
2020-03-10,90.46,93.36,87.61,90.72,6539518,0.0,97.68800000000003,,31.74013622437718,-5.455421914599356,-3.262518641572476,-2.1929032730268796
2020-03-11,88.97,91.97,86.67,87.95,4826266,0.0,93.86800000000004,,29.928130620574066,-6.153623800466079,-3.8407396733511967,-2.312884127114882
2020-03-12,82.2,85.29,75.82,75.82,2684047,0.0,88.23200000000004,,23.579834024059224,-7.5981566306982415,-4.5922230648206055,-3.005933565877636
2020-03-13,80.51,84.49,76.0408,82.63,2503959,0.0,84.85200000000005,,32.26648241784616,-8.100076578820904,-5.293793767620666,-2.806282811200238
2020-03-16,72.54,81.74,70.2,75.69,5679588,0.0,82.56200000000004,,28.687687222530485,-8.954628372035842,-6.025960688503702,-2.92866768353214
2020-03-17,77.09,79.91,75.06,78.03,3388105,0.0,80.02400000000004,,31.448538493878416,-9.335435294104116,-6.687855609623785,-2.6475796844803305
2020-03-18,72.83,82.1,72.02,76.6,2627199,0.0,77.75400000000005,,30.66716796771327,-9.641475642800302,-7.278579616259089,-2.362896026541213
2020-03-19,75.83,91.23,75.83,86.23,6808314,0.0,79.83600000000006,,41.25283861702121,-9.003171350265404,-7.623497963060352,-1.3796733872050524
2020-03-20,87.68,93.915,84.62,84.82,7541426,0.0,80.27400000000006,,40.283045181848344,-8.51295378374644,-7.80138912719757,-0.7115646565488696
2020-03-23,85.56,90.5,85.01,85.89,5955810,0.0,82.31400000000005,,41.40870673903336,-7.9465103480549715,-7.830413371369051,-0.11609697668592034
2020-03-24,90.51,100.8,90.51,99.725,4675150,0.0,86.65300000000006,,53.59018706884053,-6.308510387350196,-7.52603277456528,1.2175223872150838
2020-03-25,99.48,102.5699,96.5316,96.91,2623914,0.0,90.71500000000006,,51.25517760057821,-5.177843633096032,-7.056394946271431,1.8785513131753993
2020-03-26,96.97,101.48,96.97,99.41,2156094,0.0,93.35100000000004,,53.205233023470456,-4.033556647476999,-6.451827286512545,2.418270639035546
2020-03-27,96.53,99.89,94.55,97.19,2516293,0.0,95.82500000000003,,51.24473954658034,-3.2681630644709116,-5.815094442104219,2.5469313776333076
2020-03-30,99.33,101.85,98.0,100.97,1749978,0.0,98.84100000000004,,54.33049074047043,-2.3297132422926836,-5.118018202141912,2.7883049598492287
2020-03-31,100.11,104.0,99.64,101.19,3522938,0.0,99.13400000000004,,54.51094283391194,-1.5503612364004056,-4.404486808993611,2.8541255725932055
2020-04-01,96.94,102.41,96.01,100.5,5889686,0.0,99.85200000000005,,53.7930284284334,-0.9771326137053222,-3.7190159699359535,2.7418833562306313
2020-04-02,100.04,102.02,98.79,100.86,2648438,0.0,100.14200000000005,,54.13244470174675,-0.4881685063094068,-3.0728464772106445,2.5846779709012377
2020-04-03,100.81,102.35,99.61,101.43,2597546,0.0,100.99000000000007,,54.69983509257395,-0.054043709844691534,-2.469085923737454,2.4150422138927623
2020-04-06,104.29,108.605,102.01,107.8,4513330,0.0,102.35600000000007,,60.57002492412485,0.7948465860732057,-1.816299421775322,2.611146007848528
2020-04-07,110.91,111.99,105.4,106.69,2244602,0.0,103.45600000000005,,59.132075163351125,1.3623264864524742,-1.180574240129763,2.5429007265822374
2020-04-08,108.12,110.18,106.69,109.15,1048727,0.0,105.18600000000004,,61.323516039593244,1.9876474740835022,-0.54692989728711,2.534577371370612
2020-04-09,109.79,109.79,100.65,101.93,2331455,0.0,105.40000000000002,,52.43629566158333,1.8789656555712497,-0.061750786715438044,1.9407164422866878
2020-04-13,102.0,105.13,100.03,104.62,3629312,0.0,106.03800000000001,,55.050067712103925,1.9869902632260903,0.34799742327286765,1.6389928399532225
2020-04-14,107.4,109.85,105.05,109.29,3195648,0.0,106.33600000000001,,59.23797513216377,2.421516776195233,0.7627012938573408,1.6588154823378922
2020-04-15,107.54,110.76,106.96,109.93,4573152,0.0,106.98400000000001,,59.790867394263714,2.7854162746617135,1.1672442900182154,1.618171984643498
2020-04-16,111.27,111.7439,108.195,110.25,4885182,0.0,107.20400000000002,,60.08241115430886,3.0643071492475684,1.5466568618640861,1.5176502873834823
2020-04-17,111.51,113.06,109.03,113.06,3279834,0.0,109.43000000000002,,62.64384000982361,3.472050060683813,1.9317355016280318,1.5403145590557812
2020-04-20,112.95,114.98,111.79,112.31,5245572,0.0,110.968,,61.509354909988375,3.6921101757898924,2.283810436460404,1.4082997393294883
2020-04-21,110.29,110.46,99.6117,101.25,10128595,0.0,109.36000000000001,,47.770298010920584,2.9401674149665666,2.4150818321616367,0.5250855828049299
2020-04-22,103.8,105.21,102.5,104.36,3020590,0.0,108.24600000000001,,51.07930948948195,2.5656234580255983,2.4451901573344292,0.12043330069116909
2020-04-23,104.25,104.7071,99.76,100.58,6275962,0.0,106.31200000000001,,47.16781619991252,1.9414010022111512,2.3444323263097737,-0.4030313240986225
2020-04-24,101.0,103.51,99.84,103.21,2005009,0.0,104.34200000000001,,50.03472879699469,1.640014166433886,2.2035486943345965,-0.5635345279007105
2020-04-27,104.8,106.13,103.25,105.58,3166159,0.0,102.99600000000001,,52.53434127337125,1.574255088073528,2.077689973082383,-0.503434885008855
2020-04-28,107.52,107.87,104.74,105.45,1206092,0.0,103.83600000000001,,52.37955020809082,1.4944238433402006,1.9610367471339467,-0.4666129037937461
2020-04-29,107.0,109.225,105.12,108.59,906163,0.0,104.68200000000002,,55.7695156605584,1.6653318556620746,1.9018957688395723,-0.2365639131774977
2020-04-30,108.0,109.165,107.22,107.83,1334760,0.0,106.13200000000002,,54.75354159413189,1.7196292230862156,1.865442459688901,-0.14581323660268541
2020-05-01,105.64,106.91,103.7607,104.35,688870,0.0,106.36000000000001,,50.24030260624134,1.4649661437394599,1.7853471964990129,-0.320381052759553
2020-05-04,104.23,106.6,104.03,105.69,794307,0.0,106.38199999999999,,51.884929836843654,1.3556436041516804,1.6994064780295466,-0.3437628738778662
2020-05-05,105.7,110.1279,105.7,108.6,996545,0.0,107.01199999999999,,55.33722797823173,1.4866798639714887,1.656861155217935,-0.17018129124644643
2020-05-06,109.89,112.2,109.05,111.6,1526023,0.0,107.61399999999999,,58.63255709909995,1.811717618941742,1.6878324479626965,0.12388517097904561
2020-05-07,120.93,136.85,120.43,135.15,10246554,0.0,113.07799999999997,,74.52344498472817,3.924362952676958,2.135138548905549,1.7892244037714091
2020-05-08,134.23,137.08,128.65,136.87,4784690,0.0,119.58199999999997,,75.27062433077083,5.6720553030087615,2.842521899726192,2.8295334032825696
2020-05-11,135.44,142.36,134.79,140.47,1645071,0.0,126.53799999999997,,76.80402459456437,7.263870616767207,3.726791643134395,3.537078973632812
2020-05-12,141.91,143.405,138.4,138.4,3129228,0.0,132.49799999999996,,73.96404283273297,8.26311200940684,4.634055716388884,3.629056293017955
2020-05-13,139.31,139.86,133.91,137.16,2708400,0.0,137.60999999999996,,72.24078580804965,8.852909544843499,5.4778264820798075,3.375083062763691
2020-05-14,135.1,138.44,134.78,138.11,2604870,0.0,138.20199999999994,,72.76433087171176,9.28989724873442,6.24024063541073,3.0496566133236893
2020-05-15,136.79,144.03,136.015,143.3675,1282538,0.0,139.50149999999996,,75.51641821556667,9.94580046689697,6.981352601707979,2.9644478651889905
2020-05-18,148.85,148.85,144.05,144.66,3331193,0.0,140.33949999999996,,76.15434290634691,10.449447712273368,7.674971623821058,2.7744760884523103
2020-05-19,144.0,147.5674,144.0,144.82,1937718,0.0,141.62349999999995,,76.23688433006285,10.737724639992493,8.287522227055346,2.4502024129371467
2020-05-20,147.62,149.69,143.49,145.62,1401537,0.0,143.31549999999996,,76.67169533493467,10.905033063248311,8.81102439429394,2.0940086689543715
2020-05-21,144.83,146.0,142.5,143.38,1016699,0.0,144.36949999999996,,72.66256141881475,10.733151821488633,9.195449879732879,1.5377019417557545
2020-05-22,143.37,144.51,141.23,142.67,2010722,0.0,144.22999999999993,,71.38836048630176,10.419533733825205,9.440266650551344,0.9792670832738608
2020-05-26,144.36,145.48,137.1,137.56,1667709,0.0,142.80999999999992,,62.846446795058974,9.647445104073824,9.48170234125584,0.1657427628179846
2020-05-27,137.25,138.36,128.31,131.15,6280914,0.0,140.07599999999994,,54.10147021104679,8.42125093427913,9.269612059860497,-0.8483611255813681
2020-05-28,131.46,137.4849,129.93,134.72,3226700,0.0,137.89599999999993,,57.63703756323535,7.6493751495764,8.945564677803679,-1.2961895282272788
2020-05-29,135.78,139.49,135.29,139.11,1152751,0.0,137.04199999999994,,61.558447513523056,7.307656228232929,8.61798298788953,-1.3103267596566006
2020-06-01,139.81,146.63,139.2067,144.75,1899503,0.0,137.45799999999994,,65.9227935416487,7.406564124864332,8.37569921528449,-0.9691350904201581
2020-06-02,145.32,145.84,139.95,144.04,2428072,0.0,138.75399999999996,,64.92352032714045,7.343012600859112,8.169161892399414,-0.8261492915403021
2020-06-03,145.0,145.6899,141.66,142.875,916424,0.0,141.09899999999996,,63.229872118668744,7.116605992583146,7.958650712436161,-0.842044719853015
2020-06-04,141.91,143.295,137.88,139.58,1971738,0.0,142.07099999999997,,58.575597040387024,6.595271971938644,7.685974964336658,-1.0907029923980147
2020-06-05,137.96,141.64,135.49,140.48,1340168,0.0,142.34499999999997,,59.45351657370008,6.183454468904472,7.3854708652502215,-1.2020163963457495
2020-06-08,138.08,139.23,135.36,137.51,2724712,0.0,140.89699999999996,,55.28925665783263,5.553415633548298,7.019059818909837,-1.4656441853615396
2020-06-09,137.5,137.7,135.04,135.98,2188498,0.0,139.28499999999997,,53.2211900272238,4.874457393499455,6.590139333827761,-1.715681940328306
2020-06-10,137.35,139.99,137.35,137.64,957911,0.0,138.23799999999997,,55.180020148365834,4.419382334845835,6.155987934031376,-1.7366055991855411
2020-06-11,136.39,137.97,131.34,131.73,1097062,0.0,136.66799999999995,,47.546418559390894,3.5410257238226563,5.632995491989633,-2.091969768166977
2020-06-12,133.86,135.7736,131.612,131.612,410482,0.0,134.89439999999996,,47.40540699710095,2.8030879149147836,5.067013976574663,-2.2639260616598795
2020-06-15,128.4,137.31,126.88,135.91,3767926,0.0,134.57439999999994,,52.88632137252983,2.5358478889623086,4.560780759052193,-2.0249328700898843
2020-06-16,139.31,140.0,135.36,136.74,2199239,0.0,134.72639999999996,,53.8857311873563,2.3637840750227497,4.121381422246304,-1.7575973472235544
2020-06-17,137.77,138.84,134.805,135.54,909495,0.0,134.30639999999994,,52.162886808652175,2.1063120376054485,3.718367545318133,-1.6120555077126846
2020-06-18,135.22,136.98,134.54,135.63,921987,0.0,135.08639999999994,,52.28610167703481,1.8877648625622214,3.352247008766951,-1.4644821462047295
2020-06-19,137.21,138.37,133.46,136.93,3239853,0.0,136.14999999999992,,54.12419427058719,1.798729157185761,3.041543438450713,-1.2428142812649519
2020-06-22,137.66,144.24,136.59,142.9,1970684,0.0,137.54799999999994,,61.46570679634252,2.184712816424309,2.8701773140454323,-0.6854644976211235
2020-06-23,144.29,144.5,136.68,137.15,1726813,0.0,137.62999999999994,,52.71549914956175,2.00353519541261,2.6968488903188677,-0.6933136949062577
2020-06-24,137.72,140.81799999999998,133.0038,134.33,1670376,0.0,137.38799999999995,,49.02907639318549,1.6137973419657214,2.4802385806482383,-0.8664412386825169
2020-06-25,134.65,136.81,133.28,135.89,1000319,0.0,137.43999999999994,,51.06763497147414,1.4145007634307944,2.26709101720475,-0.8525902537739554
2020-06-26,136.0,136.49,133.11,134.47,777833,0.0,136.94799999999995,,49.141027011145304,1.128960700323006,2.039464953828401,-0.9105042535053949
2020-06-29,134.01,134.3983,128.31,133.56,1389231,0.0,135.07999999999996,,47.89402634628088,0.8197887340667762,1.795529709876076,-0.9757409758092999
2020-06-30,134.12,137.66,133.69,137.27,864882,0.0,135.10399999999996,,53.11740272148825,0.8641720797741357,1.609258183855688,-0.7450861040815524
2020-07-01,137.27,139.86,136.21,139.13,1131417,0.0,136.06399999999994,,55.524577399643974,1.0374733098323077,1.494901209051012,-0.4574278992187044
2020-07-02,140.32,140.9424,137.78799999999998,138.4,858103,0.0,136.56599999999995,,54.3452028377811,1.1031939509339281,1.4165597574275954,-0.3133658064936673
2020-07-06,139.67,142.655,138.655,139.7,1067557,0.0,137.61199999999994,,56.13217494141144,1.2458161745783798,1.3824110408577523,-0.13659486627937256
2020-07-07,136.99,140.76,136.07,137.94,1305338,0.0,138.48799999999997,,53.10181167946181,1.2029610372676132,1.3465210401397247,-0.14356000287211157
2020-07-08,139.19,146.76,138.5,146.35,2368881,0.0,140.30399999999997,,63.29804990714184,1.8265593081806344,1.4425286937479067,0.3840306144327277
2020-07-09,148.69,151.95,145.42,149.55,2575381,0.0,142.38799999999998,,66.30031105324754,2.549588616637493,1.6639406783258242,0.8856479383116689
2020-07-10,150.97,150.97,145.41,145.82,1283536,0.0,143.872,,60.12630078447783,2.789459572076481,1.8890444570759557,0.9004151150005255
2020-07-13,145.89,146.62,130.441,131.2,3231062,0.0,142.17199999999997,,43.16086146747612,1.779336137482204,1.8671027931572053,-0.08776665567500119
2020-07-14,132.81,136.38,128.63,134.48,1834317,0.0,141.47999999999996,,46.78844741013798,1.2293039749085608,1.7395430295074765,-0.5102390545989157
2020-07-15,131.4,131.55,124.24,129.32,2706052,0.0,138.07399999999996,,42.22303313328262,0.37273400166816373,1.466181223939614,-1.0934472222714502
2020-07-16,127.69,128.5,124.821,127.374,1267239,0.0,133.63879999999995,,40.613536101839316,-0.45785197738536,1.0813745836746194,-1.5392265610599793
2020-07-17,127.62,129.65,125.42,129.23,1264907,0.0,130.32079999999996,,42.851065296193475,-0.9553213116593611,0.6740354046078233,-1.6293567162671843
2020-07-20,129.31,135.13,128.87,134.8,1080044,0.0,131.04079999999993,,49.05471347136864,-0.8898591511998575,0.3612564934462871,-1.2511156446461444
2020-07-21,136.0,136.2,131.55,133.57,1128222,0.0,130.85879999999992,,47.820229996179684,-0.9265499468375822,0.10369520538951324,-1.0302451522270955
2020-07-22,135.88,137.39,133.68,134.32,994916,0.0,131.85879999999992,,48.66849081202924,-0.8849082631139993,-0.09402548831118926,-0.79088277480281
2020-07-23,134.39,138.39,133.75,135.19,1420960,0.0,133.42199999999994,,49.690188955357115,-0.7727968782808148,-0.22977976630511437,-0.5430171119757004
2020-07-24,131.23,134.33,131.03,133.08,674704,0.0,134.19199999999995,,47.2346482235217,-0.8444726094994621,-0.35271833494398397,-0.49175427455547815
2020-07-27,134.59,136.98,133.65,136.7,611167,0.0,134.57199999999995,112.46655800000006,51.64924044556012,-0.6022302609158032,-0.4026207201383478,-0.1996095407774554
