Date,Open,High,Low,Close,Volume,OpenInterest,5 day sma,200 day sma,rsi,macd,signal,histogram
2019-10-09,9.66,9.68,9.56,9.65,6822,0.0,,,,,,
2019-10-10,9.71,9.71,9.39,9.7,2662,0.0,,,,,,
2019-10-11,9.46,9.6,9.11,9.41,11527,0.0,,,,,,
2019-10-14,8.88,9.31,8.8,9.29,10506,0.0,,,,,,
2019-10-15,9.23,9.61,9.1,9.61,17048,0.0,9.532,,,,,
2019-10-16,9.52,9.94,9.47,9.53,10635,0.0,9.508,,,,,
2019-10-17,9.725,9.725,9.4221,9.55,6235,0.0,9.478,,,,,
2019-10-18,9.43,9.94,9.43,9.88,26467,0.0,9.572,,,,,
2019-10-21,9.88,9.88,9.66,9.73,5977,0.0,9.66,,,,,
2019-10-22,9.7698,9.92,9.62,9.7,3494,0.0,9.678,,,,,
2019-10-23,9.2,9.7,9.2,9.68,2184,0.0,9.708,,,,,
2019-10-24,9.429,9.6,9.429,9.48,2580,0.0,9.693999999999999,,,,,
2019-10-25,9.5,9.74,9.34,9.67,6615,0.0,9.652,,,,,
2019-10-28,9.8,9.89,9.74,9.89,4817,0.0,9.684000000000001,,,,,
2019-10-29,9.41,9.9994,9.41,9.91,13842,0.0,9.725999999999999,,56.37254901960783,,,
2019-10-30,9.88,9.9046,9.66,9.84,6593,0.0,9.758,,54.36363636363635,,,
2019-10-31,9.65,9.72,9.46,9.58,5620,0.0,9.778,,47.581158497772115,,,
2019-11-01,9.7,9.8,9.48,9.49,20482,0.0,9.742,,45.46656973082308,,,
2019-11-04,9.81,10.11,9.73,9.89,11231,0.0,9.742,,55.03185718156916,,,
2019-11-05,9.96,10.02,9.82,9.89,19792,0.0,9.738,,55.03185718156916,,,
2019-11-06,9.8,9.98,9.54,9.7,7790,0.0,9.709999999999999,,50.18284307200281,,,
2019-11-07,9.31,9.89,9.31,9.81,8307,0.0,9.756,,52.77711537241745,,,
2019-11-08,9.6398,9.9047,8.89,9.8,45788,0.0,9.818,,52.50940468283164,,,
2019-11-11,9.19,9.58,9.07,9.58,16823,0.0,9.755999999999998,,46.87591867844998,,,
2019-11-12,9.51,9.715,9.42,9.54,11884,0.0,9.685999999999998,,45.911460875728295,,,
2019-11-13,9.39,9.69,9.15,9.55,31560,0.0,9.655999999999997,,46.209425232456795,0.0038188876198521626,,
2019-11-14,9.4317,9.805,9.0727,9.805,12229,0.0,9.654999999999998,,53.27762532776433,0.014215368200799716,,
2019-11-15,9.78,9.812000000000001,9.46,9.7,14184,0.0,9.634999999999996,,50.344130689096104,0.013822692095265765,,
2019-11-18,9.01,9.6,9.01,9.31,28258,0.0,9.580999999999998,,41.25749208027556,-0.017753594791923177,,
2019-11-19,9.4,9.41,8.7,9.27,78258,0.0,9.526999999999997,,40.451066211859235,-0.045481413922434655,,
2019-11-20,9.04,9.48,8.9003,9.36,18558,0.0,9.488999999999995,,43.143878364574014,-0.05950769484893215,,
2019-11-21,9.1,9.67,9.1,9.46,10125,0.0,9.419999999999996,,46.06241876675683,-0.06184158794121508,,
2019-11-22,9.27,9.6,9.01,9.399,15369,0.0,9.359799999999996,,44.559808632362774,-0.06783148608541012,,
2019-11-25,9.42,9.9354,9.2,9.43,16715,0.0,9.383799999999995,,45.532232679623974,-0.06927848336550113,-0.03220414589327763,-0.0370743374722235
2019-11-26,9.39,9.6,9.39,9.49,11818,0.0,9.427799999999996,,47.453334447013596,-0.06483634752095035,-0.038730586218812174,-0.02610576130213818
2019-11-27,9.63,9.91,9.32,9.91,25026,0.0,9.537799999999995,,58.490168082283695,-0.027112892400339206,-0.03640704745511758,0.009294155054778375
2019-11-29,9.78,9.87,9.55,9.87,2298,0.0,9.619799999999994,,57.25671913915425,-0.000439383204415833,-0.02921351460497723,0.028774131400561398
2019-12-02,9.68,9.93,9.62,9.93,20507,0.0,9.725999999999996,,58.66482100146507,0.025249997313238737,-0.01832081222133404,0.04357080953457278
2019-12-03,9.6804,9.91,9.5452,9.87,10247,0.0,9.813999999999995,,56.654858026708304,0.040302930797860625,-0.006596063617495106,0.046898994415355735
2019-12-04,9.86,10.0,9.68,9.98,26430,0.0,9.911999999999994,,59.401170434501225,0.06041217576959568,0.006805584259923052,0.053606591509672626
2019-12-05,9.65,9.65,9.65,9.65,287,0.0,9.859999999999994,,49.307899147690115,0.04915403806061924,0.01527527502006229,0.03387876304055695
2019-12-06,9.69,9.9,9.42,9.69,6983,0.0,9.823999999999995,,50.407868175132094,0.04296428301158528,0.02081307661836689,0.02215120639321839
2019-12-09,9.87,9.87,9.34,9.73,13569,0.0,9.783999999999994,,51.54028345119628,0.04081602155708097,0.024813665606109706,0.016002355950971266
2019-12-10,9.7,9.95,9.6583,9.93,14399,0.0,9.795999999999994,,56.84626809096232,0.05462218683851461,0.03077536985259069,0.02384681698592392
2019-12-11,9.82,9.98,9.6192,9.94,7092,0.0,9.787999999999993,,57.09920091219307,0.06561422873321732,0.03774314162871602,0.0278710871045013
2019-12-12,9.9426,9.98,9.63,9.7,36528,0.0,9.797999999999995,,49.587249448631766,0.054333187724983745,0.04106115084796957,0.013272036877014178
2019-12-13,9.76,9.76,9.62,9.69,1728,0.0,9.797999999999995,,49.29623807507428,0.04407786285841908,0.04166449325005948,0.0024133696083596043
2019-12-16,9.6,9.7,9.4982,9.59,6343,0.0,9.769999999999992,,46.36586450405318,0.02756354436913533,0.038844303473874645,-0.011280759104739316
2019-12-17,9.1159,9.81,9.1159,9.8,11237,0.0,9.743999999999993,,52.72173086439072,0.03106299803856416,0.03728804238681255,-0.0062250443482483875
2019-12-18,9.89,9.95,9.57,9.94,15811,0.0,9.743999999999993,,56.42876642628763,0.044618832132409025,0.03875420033593185,0.005864631796477178
2019-12-19,9.045,10.2266,9.045,9.855,19417,0.0,9.774999999999991,,53.67689497631396,0.04795039636966614,0.0405934395426787,0.007356956826987435
2019-12-20,9.9,9.99,9.6616,9.99,23540,0.0,9.834999999999992,,57.24330476024739,0.06078338377641046,0.044631428389425055,0.016151955386985405
2019-12-23,9.75,9.88,9.65,9.86,13221,0.0,9.888999999999992,,53.010847376879894,0.05977466013466781,0.047660074738473605,0.012114585396194207
2019-12-24,9.95,9.95,9.95,9.95,472,0.0,9.918999999999993,,55.465812192609896,0.06548264406054471,0.05122458860288783,0.014258055457656883
2019-12-26,10.45,10.45,10.25,10.25,492,0.0,9.980999999999995,,62.49902348080746,0.09314009421260572,0.05960768972483141,0.03353240448777431
2019-12-27,10.7,11.71,10.35,10.4,23054,0.0,10.089999999999995,,65.43810955564038,0.12571342303017374,0.07282883638589988,0.05288458664427387
2019-12-30,10.4835,10.4835,9.94,9.94,6715,0.0,10.079999999999995,,51.98312095043798,0.11310604904929455,0.08088427891857881,0.03222177013071574
2019-12-31,10.04,10.05,9.97,10.05,5304,0.0,10.117999999999995,,54.39779211930815,0.11071444779305573,0.0868503126934742,0.023864135099581532
2020-01-02,10.04,10.15,10.0,10.0,5349,0.0,10.127999999999995,,53.09088114810706,0.10359037902770574,0.09019832596032051,0.013392053067385223
2020-01-03,10.01,10.0668,9.82,9.82,4623,0.0,10.041999999999994,,48.56717146146218,0.08246935217134777,0.08865253120252597,-0.00618317903117821
2020-01-06,9.88,9.95,9.7,9.7,5755,0.0,9.901999999999994,,45.76738860473969,0.05540906785743438,0.08200383853350766,-0.026594770676073284
2020-01-07,9.75,9.75,9.3387,9.61,8740,0.0,9.835999999999995,,43.731196067554905,0.026397060855277488,0.07088248299786164,-0.04448542214258415
2020-01-08,9.43,9.43,9.1,9.12,2676,0.0,9.649999999999995,,34.683733371231284,-0.035722284355587774,0.04956152952717176,-0.08528381388275953
2020-01-09,9.05,9.05,8.74,8.87,3128,0.0,9.423999999999994,,31.14350304314121,-0.10392721539708383,0.018863780542320643,-0.12279099593940447
2020-01-10,8.93,9.04,8.67,8.69,6814,0.0,9.197999999999993,,28.859426978574064,-0.17053874580968653,-0.019016724728080796,-0.15152202108160573
2020-01-13,8.91,8.92,8.4,8.5,6144,0.0,8.957999999999993,,26.638573787846866,-0.23594050045420722,-0.06240147987330609,-0.17353902058090115
2020-01-14,8.83,8.84,8.51,8.68,11261,0.0,8.771999999999993,,31.97903224225027,-0.27013343642408394,-0.10394787118346166,-0.16618556524062228
2020-01-15,8.7,8.88,8.33,8.55,13115,0.0,8.657999999999994,,30.265418302537952,-0.3042147003728566,-0.14400123702134066,-0.16021346335151593
2020-01-16,8.55,9.35,8.4948,9.34,16795,0.0,8.751999999999994,,48.37091736396811,-0.2644297681347396,-0.16808694324402046,-0.09634282489071916
2020-01-17,9.7,9.86,8.985,9.03,26596,0.0,8.819999999999995,,43.58844010827473,-0.2549751372571887,-0.18546458204665411,-0.06951055521053456
2020-01-21,9.16,9.39,8.68,9.22,36298,0.0,8.963999999999995,,47.044313192860486,-0.22950526819634653,-0.1942727192765926,-0.03523254891975394
2020-01-22,9.0,9.07,8.34,8.34,39224,0.0,8.895999999999994,,36.03368479646518,-0.27713422812649746,-0.2108450210465736,-0.06628920707992386
2020-01-23,8.6387,8.6387,7.42,7.7,32442,0.0,8.725999999999994,,30.451592991593387,-0.36234627105608475,-0.24114527104847583,-0.12120100000760892
2020-01-24,7.61,8.0793,7.61,7.83,37698,0.0,8.423999999999992,,32.73114952625957,-0.4146081705472895,-0.2758378509482386,-0.1387703195990509
2020-01-27,7.9,8.0496,6.84,7.29,26997,0.0,8.075999999999992,,28.545726394578978,-0.4939061468375794,-0.31945151012610673,-0.17445463671147265
2020-01-28,7.3335,7.7678,7.3335,7.47,19832,0.0,7.725999999999992,,31.681742757000478,-0.5360466565027622,-0.36277053940143783,-0.17327611710132435
2020-01-29,7.65,7.7388,6.885,7.01,17767,0.0,7.459999999999991,,28.267407932499395,-0.5996490882176175,-0.4101462491646738,-0.18950283905294374
2020-01-30,6.93,7.0654,6.83,6.93,10881,0.0,7.30599999999999,,27.708138311057283,-0.6490282117752093,-0.4579226416867809,-0.19110557008842843
2020-01-31,6.7975,7.0,6.53,6.83,22961,0.0,7.10599999999999,,26.989315565234975,-0.6882964343713267,-0.5039974002236901,-0.1842990341476366
2020-02-03,6.61,7.29,6.61,6.89,23356,0.0,7.025999999999991,,28.19301236558566,-0.7064319770392675,-0.5444843155868057,-0.16194766145246187
2020-02-04,6.72,7.09,6.52,6.71,41781,0.0,6.873999999999991,,26.767271092910732,-0.7269492030379192,-0.5809772930770284,-0.14597190996089082
2020-02-05,6.79,6.91,6.64,6.65,43893,0.0,6.801999999999991,,26.29001281864892,-0.7395259561361449,-0.6126870256888517,-0.12683893044729322
2020-02-06,6.8193,7.0908,6.31,6.43,36174,0.0,6.701999999999991,,24.560801691400457,-0.7585017489494428,-0.6418499703409699,-0.11665177860847287
2020-02-07,6.5,6.59,6.265,6.31,9577,0.0,6.597999999999992,,23.647152803476388,-0.7742975780886416,-0.6683394918905043,-0.10595808619813729
2020-02-10,6.53,6.53,6.12,6.22,12149,0.0,6.4639999999999915,,22.95738155093754,-0.7850288108548096,-0.6916773556833654,-0.09335145517144416
2020-02-11,6.38,6.38,5.66,5.66,26575,0.0,6.2539999999999925,,19.203816251930903,-0.8291626392516118,-0.7191744123970147,-0.10998822685459708
2020-02-12,5.94,6.1,5.18,5.71,34825,0.0,6.065999999999993,,20.454376371662903,-0.8503026741579198,-0.7454000647491958,-0.10490260940872398
2020-02-13,5.88,6.2311,5.53,6.22,15605,0.0,6.023999999999992,,32.01341713159813,-0.8164915599203209,-0.7596183637834208,-0.056873196136900006
2020-02-14,6.3397,6.3397,5.9802,5.99,9484,0.0,5.959999999999993,,29.903025851564024,-0.7990442019288082,-0.7675035314124983,-0.03154067051630993
2020-02-18,6.06,6.2962,5.75,6.0,10101,0.0,5.915999999999994,,30.118725092718066,-0.7754709818280068,-0.7690970214956001,-0.00637396033240667
2020-02-19,6.15,6.18,5.91,6.01,7613,0.0,5.9859999999999935,,30.349536908495423,-0.7473669377965759,-0.7647510047557953,0.017384066959219346
2020-02-20,6.0,6.1584,6.0,6.06,8418,0.0,6.055999999999993,,31.56661908448129,-0.7128424937514763,-0.7543693025549316,0.04152680880345527
2020-02-21,6.06,6.325,6.05,6.05,23536,0.0,6.021999999999993,,31.44825848029467,-0.6784675875195436,-0.739188959547854,0.060721372028310405
2020-02-24,6.0,6.2095,5.42,5.43,14078,0.0,5.909999999999992,,25.151472961310944,-0.693262546027066,-0.7300036768436964,0.03674113081663033
2020-02-25,5.59,5.71,5.075,5.075,20003,0.0,5.7249999999999925,,22.38741244334986,-0.7252726981793751,-0.7290574811108321,0.003784782931457009
2020-02-26,5.43,5.54,5.15,5.4162,37548,0.0,5.606239999999993,,30.314143420955247,-0.7148684276641823,-0.7262196704215023,0.011351242757319913
2020-02-27,5.21,5.21,4.77,4.8027,18428,0.0,5.354779999999993,,25.308897588566282,-0.7475104558626597,-0.7304778275097338,-0.01703262835292596
2020-02-28,4.77,5.51,4.705,5.5,40018,0.0,5.244779999999993,,37.866234999233114,-0.7089409855809805,-0.7261704591239833,0.01722947354300275
2020-03-02,5.33,5.33,4.83,4.86,14084,0.0,5.1307799999999935,,32.47037161485606,-0.721697771137146,-0.7252759215266158,0.0035781503894698474
2020-03-03,4.9,5.0791,4.75,4.81,26151,0.0,5.0777799999999935,,32.08569570144252,-0.7274565316596444,-0.7257120435532215,-0.0017444881064229145
2020-03-04,4.72,5.28,4.5,5.28,30772,0.0,5.050539999999994,,39.35832513394326,-0.6861854006540851,-0.7178067149733942,0.031621314319309146
2020-03-05,5.89,5.89,4.7901,5.26,27927,0.0,5.141999999999993,,39.166123263178925,-0.6476261339043834,-0.7037705987595921,0.05614446485520874
2020-03-06,5.09,5.12,5.0,5.07,17742,0.0,5.055999999999993,,37.30246278320819,-0.6251922225317754,-0.6880549235140287,0.06286270098225333
2020-03-09,4.56,4.56,2.395,3.92,202745,0.0,4.867999999999993,,28.471695149855847,-0.6922289902879175,-0.6888897368688065,-0.00333925341911101
2020-03-10,4.31,4.31,3.12,4.01,130152,0.0,4.707999999999993,,29.870922956321394,-0.7296825377858864,-0.6970482970522225,-0.032634240733663944
2020-03-11,4.44,4.66,3.84,4.1,23928,0.0,4.471999999999992,,31.31782528528771,-0.743531527560239,-0.7063449431538258,-0.0371865844064132
2020-03-12,3.65,4.09,3.31,3.62,52755,0.0,4.143999999999993,,27.99980176444204,-0.7841991802032773,-0.7219157905637161,-0.06228338963956115
2020-03-13,3.77,3.8,3.56,3.71,93197,0.0,3.871999999999993,,29.507847765219523,-0.7999450712460758,-0.7375216467001882,-0.062423424545887674
2020-03-16,3.5,3.71,3.22,3.57,20991,0.0,3.8019999999999925,,28.50759071377726,-0.8143335035873438,-0.7528840180776193,-0.06144948550972451
2020-03-17,3.85,4.0,3.13,3.97,42049,0.0,3.7939999999999925,,35.2600656542612,-0.7844175060930398,-0.7591907156807034,-0.02522679041233644
2020-03-18,3.85,4.0646,2.92,3.07,20870,0.0,3.5879999999999925,,28.69330946658448,-0.8238346874739353,-0.7721195100393499,-0.051715177434585424
2020-03-19,3.2748,3.79,3.17,3.705,21316,0.0,3.604999999999992,,37.53295119189597,-0.7946733943965869,-0.7766302869107973,-0.018043107485789633
2020-03-20,3.68,3.92,3.535,3.89,70956,0.0,3.640999999999992,,39.871608850174965,-0.7480122856391596,-0.7709066866564698,0.022894401017310217
2020-03-23,3.77,3.87,3.44,3.81,11928,0.0,3.6889999999999916,,39.18836497035965,-0.7093118467478501,-0.7585877186747458,0.04927587192689575
2020-03-24,3.7701,4.25,3.7701,4.16,14068,0.0,3.726999999999992,,43.73134923277883,-0.6429874362575339,-0.7354676621913034,0.09248022593376959
2020-03-25,4.3,4.36,3.87,4.02,23770,0.0,3.916999999999992,,42.367908537105684,-0.5948644658020719,-0.7073470229134572,0.11248255711138533
2020-03-26,4.49,4.58,3.89,3.96,41922,0.0,3.967999999999992,,41.76689607727699,-0.5551685263762582,-0.6769113236060175,0.12174279722975923
2020-03-27,3.9,4.26,3.63,3.965,27790,0.0,3.982999999999992,,41.84093622794196,-0.5173421518816617,-0.6449974892611463,0.12765533737948465
2020-03-30,4.25,4.25,3.96,4.05,25343,0.0,4.030999999999993,,43.16392166418273,-0.4750298396493502,-0.6110039593387872,0.13597411968943696
2020-03-31,4.26,4.37,4.03,4.21,45859,0.0,4.040999999999992,,45.66927452157859,-0.42370218944284765,-0.5735436053595993,0.1498414159167516
2020-04-01,4.46,4.88,3.77,4.15,56612,0.0,4.066999999999992,,44.870504602083244,-0.38344602829025565,-0.5355240899457305,0.15207806165547488
2020-04-02,4.1573,4.46,3.79,4.0,21523,0.0,4.074999999999992,,42.85260520411277,-0.35950235754916093,-0.5003197434664166,0.14081738591725568
2020-04-03,4.27,4.27,3.795,4.15,44010,0.0,4.111999999999993,,45.49245874442563,-0.3246803664266613,-0.4651918680584656,0.14051150163180426
2020-04-06,4.52,4.64,3.86,4.01,81349,0.0,4.103999999999993,,43.473935243504485,-0.3048662096620056,-0.4331267363791736,0.12826052671716798
2020-04-07,4.02,4.22,4.0,4.15,95110,0.0,4.091999999999993,,46.0517768492349,-0.2746999476992471,-0.4014413786431883,0.1267414309439412
2020-04-08,4.07,4.45,4.05,4.45,51487,0.0,4.151999999999992,,51.18872873816485,-0.2240033043073515,-0.36595376377602096,0.14195045946866947
2020-04-09,4.45,5.2645,4.32,4.69,56729,0.0,4.289999999999993,,54.8894088152274,-0.16258566855236367,-0.32528014473128947,0.1626944761789258
2020-04-13,4.89,5.05,4.74,4.91,62450,0.0,4.441999999999993,,58.03057265463015,-0.09506375257848543,-0.27923686630072864,0.1841731137222432
2020-04-14,5.0,6.16,5.0,5.45,91540,0.0,4.729999999999992,,64.55475150918582,0.001998304125589989,-0.22298983221546492,0.2249881363410549
2020-04-15,5.2,5.4,4.98,5.36,56160,0.0,4.971999999999992,,62.802473554600255,0.07084181517151134,-0.16422350273806968,0.23506531790958102
2020-04-16,5.37,5.37,5.02,5.02,31652,0.0,5.085999999999993,,56.556781579418725,0.09684921766992272,-0.1120089586564712,0.20885817632639392
2020-04-17,5.1,6.12,5.1,5.84,137689,0.0,5.315999999999993,,65.47465752308122,0.18153479834337904,-0.053300207256501156,0.2348350055998802
2020-04-20,5.79,7.3593,5.79,7.0,219118,0.0,5.733999999999993,,73.69956738691229,0.338350739915537,0.025029982177906474,0.3133207577376305
2020-04-21,6.27,8.67,6.27,8.19,168239,0.0,6.281999999999993,,79.17932763595485,0.5522851586411246,0.1304810174705501,0.4218041411705745
2020-04-22,8.68,9.23,7.9301,8.65,107070,0.0,6.939999999999993,,80.84107625992611,0.7502989036980257,0.2544445947160452,0.49585430898198046
2020-04-23,8.41,8.8,7.582000000000001,7.84,52644,0.0,7.503999999999993,,70.21416224216728,0.832272078273113,0.3700100914274588,0.4622619868456542
2020-04-24,8.43,8.43,7.95,7.98,27066,0.0,7.931999999999993,,70.9255626328852,0.8981795845268348,0.475643990047334,0.4225355944795008
2020-04-27,8.15,8.2273,7.39,7.55,74767,0.0,8.041999999999993,,65.73265544956756,0.9052788605429773,0.5615709641464627,0.34370789639651467
2020-04-28,7.67,8.64,7.6,8.62,70738,0.0,8.127999999999993,,71.35325947835777,0.9858805285266454,0.6464328770224993,0.33944765150414613
2020-04-29,8.99,9.1704,8.4,8.9,135114,0.0,8.177999999999994,,72.61890556084933,1.060131060097591,0.7291725136375177,0.3309585464600734
2020-04-30,8.5,8.97,8.17,8.51,33505,0.0,8.311999999999992,,68.10544005815885,1.075112176740383,0.7983604462580908,0.2767517304822923
2020-05-01,8.12,8.3569,7.72,7.82,66556,0.0,8.279999999999992,,60.894265751603044,1.0195547931785773,0.8425993156421882,0.17695547753638918
2020-05-04,7.855,8.59,7.71,8.04,60616,0.0,8.377999999999993,,62.26613815034436,0.9819579280725632,0.8704710381282632,0.1114868899443
2020-05-05,8.459,8.99,7.63,7.63,30090,0.0,8.179999999999994,,58.17049691533697,0.9086047382821238,0.8780977781590353,0.03050696012308851
2020-05-06,8.47,8.47,7.26,7.29,37670,0.0,7.857999999999994,,54.94302630194408,0.8136573133661722,0.8652096852004628,-0.05155237183429062
2020-05-07,8.0,8.69,7.475,7.67,22590,0.0,7.689999999999995,,57.76358982257055,0.7603092475389603,0.8442295976681624,-0.08392035012920207
2020-05-08,7.88,8.9,7.78,8.9,23682,0.0,7.905999999999994,,65.32919952704626,0.8079674951382785,0.8369771771621857,-0.02900968202390719
2020-05-11,8.83,8.945,8.22,8.22,33602,0.0,7.941999999999995,,59.03350053616041,0.7818539569880212,0.8259525331273528,-0.04409857613933166
2020-05-12,8.34,8.34,7.2,7.2,54449,0.0,7.8559999999999945,,51.08150313563934,0.6711170942550497,0.7949854453528923,-0.12386835109784256
2020-05-13,7.35,7.35,6.535,6.67,30102,0.0,7.731999999999995,,47.50102477613628,0.5344301836322938,0.7428743930087727,-0.2084442093764789
2020-05-14,6.57,6.8476,5.91,6.48,28640,0.0,7.493999999999994,,46.249479265403494,0.40609223162150343,0.6755179607313189,-0.26942572910981544
2020-05-15,5.93,6.58,5.93,6.53,18953,0.0,7.019999999999994,,46.64785842514809,0.3049033264093852,0.6013950338669322,-0.29649170745754694
2020-05-18,6.61,7.17,6.4,6.57,61997,0.0,6.689999999999995,,46.98637203307285,0.22534047102770494,0.5261841212990868,-0.3008436502713818
2020-05-19,6.72,7.32,6.43,6.44,23006,0.0,6.537999999999994,,45.965608071348825,0.15006654762578808,0.45096060656442705,-0.30089405893863896
2020-05-20,6.74,7.8,6.59,7.69,52806,0.0,6.741999999999993,,55.888841800598485,0.18909619114137133,0.3985877234798159,-0.20949153233844459
2020-05-21,7.79,7.79,7.0983,7.16,32653,0.0,6.877999999999991,,51.56482805300742,0.17524082704513155,0.3539183441928791,-0.17867751714774754
2020-05-22,7.45,7.45,6.747000000000001,7.1,53292,0.0,6.991999999999992,,51.08299303927092,0.1576021135561101,0.31465509806552533,-0.15705298450941524
2020-05-26,7.45,7.55,6.89,7.49,32241,0.0,7.175999999999992,,54.08620518111267,0.17309768431478467,0.2863436153153772,-0.11324593100059255
2020-05-27,7.55,8.31,7.2895,8.29,49971,0.0,7.545999999999992,,59.569541282913114,0.2470831293899316,0.2784915181302881,-0.03140838874035651
2020-05-28,8.22,8.26,7.66,7.88,18669,0.0,7.583999999999993,,55.885859030049964,0.2695266190711436,0.27669853831845925,-0.007171919247315639
2020-05-29,7.78,8.17,7.24,8.0311,20926,0.0,7.758219999999994,,56.942605826158896,0.2960925825641594,0.2805773471675993,0.015515235396560079
2020-06-01,7.71,8.26,7.71,7.92,21960,0.0,7.922219999999994,,55.88261019746754,0.30466941911778633,0.2853957615576367,0.01927365756014965
2020-06-02,8.18,8.18,7.6719,7.9,10623,0.0,8.004219999999993,,55.68166410616666,0.3063217050886582,0.289580950263841,0.016740754824817183
2020-06-03,8.08,8.25,7.8436,8.18,33258,0.0,7.982219999999994,,57.960799108125656,0.32646156782835956,0.29695707377674474,0.029504494051614816
2020-06-04,8.29,8.3,8.09,8.26,54771,0.0,8.058219999999993,,58.61564548786229,0.3449020692018765,0.3065460728617711,0.03835599634010539
2020-06-05,8.3,9.5,8.3,9.1,45086,0.0,8.271999999999993,,64.81342299372733,0.4224277945605932,0.3297224172015355,0.0927053773590577
2020-06-08,9.2,9.384,8.53,9.36,40524,0.0,8.559999999999992,,66.48643540955925,0.49909407175547926,0.3635967481123243,0.13549732364315498
2020-06-09,8.9685,9.31,8.3214,8.6,34537,0.0,8.699999999999992,,57.83067315913897,0.4928457809907254,0.38944655468800454,0.10339922630272086
2020-06-10,8.5,8.87,7.72,7.91,23656,0.0,8.645999999999994,,51.30064202640275,0.42729118530904486,0.39701548081221266,0.0302757044968322
2020-06-11,7.53,7.55,6.5,7.09,34066,0.0,8.411999999999994,,44.823124770127016,0.30564822646659895,0.3787420299430899,-0.07309380347649097
2020-06-12,7.53,7.7,7.37,7.37,6384,0.0,8.065999999999992,,47.271403461083025,0.22919692564739957,0.3488330090839519,-0.1196360834365523
2020-06-15,7.21,8.16,7.12,7.96,10578,0.0,7.7859999999999925,,52.094922140807896,0.21375277912925306,0.32181696309301216,-0.10806418396375911
2020-06-16,8.73,8.9,7.21,7.25,52013,0.0,7.515999999999993,,46.57353754033384,0.1425785585907713,0.285969282192564,-0.14339072360179272
2020-06-17,7.6,7.7,6.41,6.45,64547,0.0,7.223999999999992,,41.26634403681955,0.021372789694914296,0.23304998369303406,-0.21167719399811977
2020-06-18,6.67,6.85,6.4901,6.72,17102,0.0,7.1499999999999915,,43.60220134553749,-0.052294098069017636,0.17598116734062375,-0.22827526540964138
2020-06-19,6.45,7.17,6.45,7.17,86216,0.0,7.109999999999992,,47.35979875924237,-0.07351694064111225,0.12608154574427655,-0.1995984863853888
2020-06-22,6.76,7.355,6.705,7.31,9675,0.0,6.979999999999992,,48.50921625419038,-0.07813863279143085,0.08523751003713506,-0.1633761428285659
2020-06-23,7.705,7.705,7.13,7.3,15140,0.0,6.989999999999992,,48.42787472733926,-0.08166686871784634,0.05185663428613878,-0.13352350300398513
2020-06-24,7.25,7.4958,6.7,6.9,24317,0.0,7.079999999999991,,45.16545995924858,-0.11540931146682887,0.01840344513554525,-0.13381275660237413
2020-06-25,7.0,7.4061,6.86,7.1,16302,0.0,7.155999999999992,,47.08491502445421,-0.12457607645287805,-0.010192459182139409,-0.11438361727073865
2020-06-26,7.04,7.05,6.5,6.58,25442,0.0,7.037999999999991,,42.88194536198696,-0.1718198259268151,-0.04251793253107455,-0.12930189339574055
2020-06-29,6.5,7.0,6.44,7.0,27140,0.0,6.97599999999999,,46.997263259098254,-0.1733718253616443,-0.06868871109718849,-0.10468311426445581
2020-06-30,6.71,7.36,6.71,7.27,13121,0.0,6.96999999999999,,49.51544831595074,-0.15107357049877201,-0.08516568297750521,-0.0659078875212668
2020-07-01,7.24,7.49,7.03,7.36,15619,0.0,7.0619999999999905,,50.36202601459895,-0.12470230448941244,-0.09307300727988665,-0.031629297209525786
2020-07-02,7.38,7.4,7.0555,7.31,13224,0.0,7.10399999999999,,49.86177470976584,-0.10660855129701563,-0.09578011608331245,-0.010828435213703178
2020-07-06,7.4,7.4,6.93,7.05,14923,0.0,7.197999999999991,,47.23434583078366,-0.11195836231383183,-0.09901576532941633,-0.012942596984415494
2020-07-07,7.1,7.1,6.66,6.75,17095,0.0,7.147999999999991,,44.331598600347014,-0.13880555485049584,-0.10697372323363225,-0.03183183161686359
2020-07-08,6.86,7.1,6.7836,7.1,11555,0.0,7.11399999999999,,48.321760331719666,-0.1303376224521502,-0.11164650307733584,-0.018691119374814352
2020-07-09,7.01,7.02,6.56,6.73,15161,0.0,6.987999999999991,,44.67610649033627,-0.15173354296681207,-0.1196639110552311,-0.03206963191158098
2020-07-10,6.85,7.01,6.75,6.86,8239,0.0,6.897999999999991,,46.211598745283084,-0.15639720100004517,-0.12701056904419392,-0.029386631955851256
2020-07-13,6.96,7.0599,6.7,6.95,25369,0.0,6.877999999999991,,47.30206524820863,-0.15108927266710825,-0.1318263097687768,-0.01926296289833146
2020-07-14,6.82,7.17,6.62,6.89,27802,0.0,6.905999999999992,,46.62345321768519,-0.14999514907102274,-0.135460077629226,-0.014535071441796749
2020-07-15,7.07,7.2128,6.92,7.0,31001,0.0,6.885999999999991,,48.093691456337154,-0.1386536545262711,-0.136098793008635,-0.0025548615176360923
2020-07-16,6.76,6.9613,6.76,6.94,7631,0.0,6.927999999999992,,47.32792219854378,-0.1329740943612805,-0.1354738532791641,0.002499758917883621
2020-07-17,6.84,7.01,6.55,6.6,19853,0.0,6.875999999999992,,43.13645021305017,-0.15413142933900836,-0.13920536849113296,-0.0149260608478754
2020-07-20,6.68,6.9292,6.6,6.705,9166,0.0,6.826999999999991,,44.76338902434031,-0.16057513703564386,-0.14347932220003515,-0.017095814835608708
2020-07-21,6.9355,7.1,6.77,6.87,13331,0.0,6.822999999999991,,47.314378617957594,-0.15063131671778685,-0.1449097211035855,-0.005721595614201352
2020-07-22,6.88,7.02,6.72,6.92,4345,0.0,6.806999999999991,,48.09663288069099,-0.13713537411299548,-0.1433548517054675,0.006219477592472017
2020-07-23,6.88,7.14,6.763,7.02,17708,0.0,6.822999999999991,,49.70503637982676,-0.11702162564356655,-0.1380882064930873,0.02106658084952076
2020-07-24,7.08,7.175,6.8459,6.96,20478,0.0,6.894999999999991,7.550045,48.72931523018885,-0.1047157358097568,-0.13141371235642121,0.02669797654666442
