Date,Open,High,Low,Close,Volume,OpenInterest,5 day sma,200 day sma,rsi,macd,signal,histogram
2019-10-10,34.45,34.82,34.22,34.67,8551856,0.0,,,,,,
2019-10-11,35.22,36.0,35.21,35.57,10027604,0.0,,,,,,
2019-10-14,35.39,35.56,35.265,35.5,4494488,0.0,,,,,,
2019-10-15,35.47,36.56,35.17,36.25,8444855,0.0,,,,,,
2019-10-16,36.46,37.2187,36.45,36.65,11148734,0.0,35.728,,,,,
2019-10-17,36.81,36.82,35.87,36.205,7264119,0.0,36.035000000000004,,,,,
2019-10-18,36.09,36.37,36.01,36.165,5678974,0.0,36.154,,,,,
2019-10-21,36.44,36.72,35.63,35.93,5846706,0.0,36.24,,,,,
2019-10-22,35.77,36.58,35.56,36.32,5793100,0.0,36.254000000000005,,,,,
2019-10-23,36.25,36.64,35.83,36.61,5341577,0.0,36.245999999999995,,,,,
2019-10-24,36.62,36.77,35.745,35.81,5957385,0.0,36.166999999999994,,,,,
2019-10-25,35.78,36.82,35.76,36.73,7270109,0.0,36.279999999999994,,,,,
2019-10-28,37.21,37.3,36.49,36.64,9127194,0.0,36.42199999999999,,,,,
2019-10-29,37.6,38.7,37.6,38.21,16240183,0.0,36.8,,,,,
2019-10-30,38.26,38.26,37.415,37.91,6439015,0.0,37.05999999999999,,72.5,,,
2019-10-31,36.98,37.25,36.96,37.15,3603363,0.0,37.32799999999999,,65.0997697620875,,,
2019-11-01,37.21,38.07,37.21,37.975,6715181,0.0,37.57699999999999,,68.82029509104576,,,
2019-11-04,38.35,38.49,38.22,38.4,5984302,0.0,37.928999999999995,,70.56135401434341,,,
2019-11-05,38.61,38.89,38.21,38.22,5724109,0.0,37.931,,68.80886965450446,,,
2019-11-06,38.37,38.48,37.76,38.42,5886848,0.0,38.033,,69.70907573861334,,,
2019-11-07,38.6,38.9,38.46,38.51,4991051,0.0,38.30499999999999,,70.12689493904743,,,
2019-11-08,38.42,38.67,37.82,38.665,4933539,0.0,38.443,,70.87207175855632,,,
2019-11-11,38.6,38.8,38.38,38.72,3094914,0.0,38.50699999999999,,71.14710428054892,,,
2019-11-12,38.74,38.955,38.36,38.59,5422623,0.0,38.580999999999996,,69.47723555400393,,,
2019-11-13,38.4,38.4,37.09,37.19,10309752,0.0,38.334999999999994,,54.61171062471311,,,
2019-11-14,37.1,37.45,36.69,36.8,10838369,0.0,37.992999999999995,,51.31769171579235,0.6725378739401293,,
2019-11-15,37.0,37.11,36.725,36.89,10865913,0.0,37.63799999999999,,52.03666420602967,0.5547422159287336,,
2019-11-18,36.68,36.83,36.39,36.62,7931154,0.0,37.217999999999996,,49.66685329390892,0.4345918603251846,,
2019-11-19,36.67,36.7,36.005,36.39,8746943,0.0,36.77799999999999,,47.67506006986082,0.3171567741933359,,
2019-11-20,36.21,36.26,35.18,35.27,11284313,0.0,36.39399999999999,,39.39090162712135,0.13219017652087928,,
2019-11-21,35.53,35.58,34.59,34.68,12298129,0.0,35.96999999999999,,35.8562939264112,-0.061298641330985504,,
2019-11-22,35.27,35.5,34.93,35.33,11768281,0.0,35.657999999999994,,42.028056189940855,-0.16034203262426416,,
2019-11-25,35.5,35.89,35.35,35.83,7889118,0.0,35.499999999999986,,46.307707797222854,-0.1962268316987803,,
2019-11-26,35.7,35.93,35.51,35.91,4978454,0.0,35.40399999999998,,46.98210797437761,-0.2157237331765458,0.16418085134196522,-0.37990458451851106
2019-11-27,36.01,36.27,35.85,36.14,4754518,0.0,35.57799999999998,,48.966746949011004,-0.21019311486794123,0.08930605809998395,-0.29949917296792516
2019-11-29,36.05,36.13,35.855,36.0,2718711,0.0,35.84199999999998,,47.7939657093288,-0.2146327373911916,0.028518299001748834,-0.24315103639294045
2019-12-02,36.01,36.36,35.84,35.88,5337414,0.0,35.95199999999998,,46.76018162846887,-0.22523776657732242,-0.022232914114065416,-0.203004852463257
2019-12-03,35.47,35.62,34.96,35.535,7039012,0.0,35.89299999999997,,43.82521377890137,-0.25850110549435357,-0.06948655239012305,-0.18901455310423051
2019-12-04,35.74,36.05,35.68,35.81,7517503,0.0,35.872999999999976,,46.69715677967522,-0.2596789225319682,-0.1075250264184921,-0.15215389611347613
2019-12-05,35.6,35.65,35.22,35.32,5908736,0.0,35.70899999999997,,42.52529603788171,-0.2967307287861516,-0.145366166892024,-0.15136456189412759
2019-12-06,35.64,35.76,35.445,35.54,6649996,0.0,35.61699999999997,,44.90520959905975,-0.3048285174036849,-0.17725863699435618,-0.1275698804093287
2019-12-09,35.45,35.59,35.35,35.38,5387149,0.0,35.51699999999997,,43.49461594316878,-0.3204626421906056,-0.20589943803360605,-0.11456320415699955
2019-12-10,35.35,35.38,34.96,35.1,6124473,0.0,35.429999999999964,,41.06361509182884,-0.3513957867707802,-0.2349987077810409,-0.1163970789897393
2019-12-11,35.13,35.41,35.1,35.24,4933666,0.0,35.31599999999997,,42.78552419332994,-0.3604585548974555,-0.26009067720432383,-0.10036787769313166
2019-12-12,35.37,36.29,35.24,36.115,8903887,0.0,35.47499999999997,,52.187748799775036,-0.29365065465599116,-0.2668026726946573,-0.026847981961333867
2019-12-13,36.16,36.335,35.61,35.65,6609519,0.0,35.49699999999997,,47.70147202974967,-0.2750558535590457,-0.268453308867535,-0.0066025446915107255
2019-12-16,35.82,36.245,35.65,36.11,6583654,0.0,35.64299999999997,,52.08920731117185,-0.22065758086419152,-0.2588941632668663,0.0382365824026748
2019-12-17,36.2,36.39,36.11,36.31,6010639,0.0,35.88499999999998,,53.900160456943354,-0.15956881928429567,-0.2390290944703522,0.07946027518605653
2019-12-18,36.34,37.43,36.33,37.32,10065392,0.0,36.30099999999997,,61.7608125410543,-0.029319005291107203,-0.1970870766345032,0.167768071343396
2019-12-19,37.31,37.36,36.835,37.26,9039372,0.0,36.529999999999966,,61.09435148040253,0.06827636470687537,-0.14401438836622749,0.21229075307310286
2019-12-20,37.54,37.62,37.19,37.26,8548783,0.0,36.85199999999996,,61.09435148040253,0.14396189544937243,-0.0864191316031075,0.23038102705247993
2019-12-23,37.39,37.41,36.63,36.75,7113505,0.0,36.97999999999996,,55.22016448727039,0.16093532386073406,-0.03694824051033919,0.19788356437107324
2019-12-24,36.73,36.74,36.5,36.58,2607540,0.0,37.033999999999956,,53.37781946487369,0.15883831963760997,0.002209071519250646,0.15662924811835932
2019-12-26,36.59,36.6,36.33,36.48,4490426,0.0,36.86599999999996,,52.273012108425455,0.1474080363330188,0.031248864482004278,0.11615917185101451
2019-12-27,36.56,36.71,36.43,36.55,4901852,0.0,36.723999999999954,,53.0062560753192,0.14235686808773096,0.05347046520314962,0.08888640288458134
2019-12-30,36.5,36.64,36.2,36.45,4605983,0.0,36.561999999999955,,51.78233683877933,0.12879989162105687,0.06853635048673107,0.060263541134325804
2019-12-31,36.37,36.735,36.32,36.6,3953666,0.0,36.531999999999954,,53.51615526723964,0.12867633579535465,0.08056434754845579,0.04811198824689886
2020-01-02,37.0,37.38,36.55,37.38,5911901,0.0,36.69199999999995,,61.30749781699099,0.18933535803111567,0.10231854964498777,0.08701680838612791
2020-01-03,36.73,36.92,36.11,36.3,7193403,0.0,36.655999999999956,,49.04861617494612,0.14854871895051502,0.11156458350609323,0.03698413544442179
2020-01-06,35.95,36.18,35.8,35.84,6534769,0.0,36.51399999999995,,44.92790489048468,0.07820535535232409,0.10489273787533941,-0.02668738252301532
2020-01-07,35.75,35.84,34.74,35.15,13249010,0.0,36.25399999999995,,39.559207198836624,-0.03284093071864902,0.07734600415654172,-0.11018693487519074
2020-01-08,35.04,35.2,34.41,34.66,10682847,0.0,35.86599999999995,,36.24672726778903,-0.15855707016778098,0.030165389291677176,-0.18872245945945815
2020-01-09,34.99,35.1,34.5301,35.08,7713661,0.0,35.40599999999995,,40.82089379742189,-0.22174142933541674,-0.02021597443374161,-0.20152545490167512
2020-01-10,35.15,36.45,34.505,34.65,7952267,0.0,35.07599999999995,,37.82841245068212,-0.3030198710840182,-0.07677675376379692,-0.22624311732022126
2020-01-13,34.69,35.0,34.49,34.97,5892352,0.0,34.90199999999995,,41.27836624456215,-0.3377192784815364,-0.12896525870734482,-0.20875401977419156
2020-01-14,35.0,35.35,34.96,35.14,5472854,0.0,34.89999999999995,,43.08524825320627,-0.3474955175709695,-0.17267131048006978,-0.17482420709089974
2020-01-15,35.0,35.32,34.89,35.15,6168927,0.0,34.99799999999995,,43.19597347199791,-0.35039718047498525,-0.2082164844790529,-0.14218069599593236
2020-01-16,35.21,35.58,35.15,35.55,6263250,0.0,35.09199999999995,,47.58830003833265,-0.3167686009214421,-0.22992690776753075,-0.08684169315391135
2020-01-17,35.57,35.7286,35.41,35.58,7823044,0.0,35.27799999999995,,47.91360132277997,-0.2844183622293812,-0.24082519865990085,-0.04359316356948037
2020-01-21,35.36,35.55,34.96,34.98,15359336,0.0,35.279999999999944,,42.26371304639958,-0.3036947465905442,-0.2533991082460295,-0.05029563834451467
2020-01-22,35.13,35.3455,34.86,34.91,12453708,0.0,35.233999999999945,,41.646701728266706,-0.3209204637214782,-0.26690337934111924,-0.05401708438035896
2020-01-23,34.77,34.995,34.01,34.88,14157516,0.0,35.17999999999994,,41.36796287140173,-0.33315234507794145,-0.2801531724884837,-0.052999172589457744
2020-01-24,34.9,34.99,34.01,34.3,15815501,0.0,34.929999999999936,,36.30837506375023,-0.3852069262537725,-0.30116392324154145,-0.08404300301223105
2020-01-27,33.63,33.76,33.17,33.41,8718374,0.0,34.49599999999994,,30.2037550243641,-0.4925977584997554,-0.33945069029318425,-0.15314706820657115
2020-01-28,33.57,33.86,33.34,33.64,7165409,0.0,34.22799999999994,,33.323692416132104,-0.552774646914699,-0.3821154816174872,-0.1706591652972118
2020-01-29,33.8,34.04,33.59,33.6,5565389,0.0,33.96599999999994,,33.04702183213357,-0.5968132387279468,-0.42505503303957914,-0.17175820568836764
2020-01-30,33.4,33.45,32.97,33.34,9401860,0.0,33.65799999999994,,31.23189788842747,-0.6452558592229067,-0.4690951982762447,-0.17616066094666205
2020-01-31,33.25,33.49,33.14,33.38,12194556,0.0,33.47399999999993,,31.852049793936075,-0.672665252952882,-0.5098092092115722,-0.1628560437413098
2020-02-03,33.61,34.34,33.5351,33.72,13725028,0.0,33.53599999999993,,37.048654362873854,-0.6593516411692164,-0.5397176956031011,-0.11963394556611529
2020-02-04,34.35,34.82,34.2,34.35,12004910,0.0,33.677999999999926,,45.36253409403016,-0.5911503596729588,-0.5500042284170726,-0.041146131255886176
2020-02-05,34.9,35.45,34.19,35.03,15958466,0.0,33.96399999999993,,52.633949268499414,-0.4767345367380287,-0.5353502900812639,0.05861575334323521
2020-02-06,35.05,35.1,34.25,34.33,10240084,0.0,34.16199999999993,,45.86686938829747,-0.4375000938489677,-0.5157802508348047,0.07828015698583701
2020-02-07,34.08,34.16,33.425,33.64,11916885,0.0,34.21399999999993,,40.35868927582835,-0.4568178369547127,-0.5039877680587863,0.04716993110407364
2020-02-10,33.99,34.3,33.67,34.26,10440617,0.0,34.32199999999993,,46.56792767549831,-0.4172882301349432,-0.4866478604740177,0.0693596303390745
2020-02-11,34.34,35.26,34.07,35.01,10668261,0.0,34.45399999999993,,52.94926658124496,-0.3217332592062334,-0.4536649402204609,0.13193168101422748
2020-02-12,35.33,35.79,35.13,35.49,10788949,0.0,34.54599999999993,,56.52765528364823,-0.20491117931386071,-0.4039141880391409,0.1990030087252802
2020-02-13,35.21,35.53,35.16,35.3,6237728,0.0,34.73999999999993,,54.752556345377705,-0.12620543376498006,-0.34837243718430877,0.2221670034193287
2020-02-14,35.3,35.39,34.42,34.755,7231969,0.0,34.96299999999993,,49.91099534470957,-0.10657893302138888,-0.30001373635172485,0.19343480333033597
2020-02-18,34.25,34.74,33.955,34.42,9130248,0.0,34.99499999999993,,47.15102069012304,-0.11671111696277592,-0.26335321247393506,0.14664209551115914
2020-02-19,34.53,35.1,34.52,34.91,7821619,0.0,34.97499999999994,,51.38559532014417,-0.08423107740730984,-0.22752878546061003,0.1432977080533002
2020-02-20,34.66,35.4,34.59,35.29,6411670,0.0,34.93499999999993,,54.43474794988127,-0.0275104643378441,-0.18752512123605686,0.16001465689821276
2020-02-21,34.99,35.05,34.41,34.65,6694781,0.0,34.804999999999936,,48.874690565934436,-0.033811859063050065,-0.15678246880145552,0.12297060973840546
2020-02-24,33.64,33.75,32.79,33.1,11560267,0.0,34.47399999999994,,38.5933089134962,-0.16201025254787993,-0.1578280255507404,-0.004182226997139521
2020-02-25,33.25,33.28,31.395,31.74,11129347,0.0,33.937999999999946,,32.19398502994642,-0.36909434712946165,-0.20008128986648466,-0.169013057262977
2020-02-26,32.1,32.61,31.8853,32.02,11519042,0.0,33.35999999999994,,34.598425802279166,-0.5047973346548744,-0.2610244988241626,-0.2437728358307118
2020-02-27,31.3,31.915,30.55,30.7,13005033,0.0,32.44199999999994,,29.31993829787666,-0.7106638082470909,-0.3509523607087483,-0.35971144753834255
2020-02-28,29.78,30.5,29.33,30.5,17569444,0.0,31.611999999999945,,28.60777756039171,-0.879810888033056,-0.45672406617360983,-0.4230868218594461
2020-03-02,30.52,31.45,29.74,31.43,12618246,0.0,31.277999999999945,,36.3497675421578,-0.9281191597966014,-0.5510030848982082,-0.37711607489839327
2020-03-03,31.5,32.3,30.26,30.52,13577399,0.0,31.033999999999946,,32.621949226259076,-1.027983256935606,-0.6463991193056877,-0.3815841376299183
2020-03-04,31.0,31.565,30.355,31.53,12077540,0.0,30.935999999999943,,39.97926013978555,-1.0139396492019372,-0.7199072252849377,-0.2940324239169996
2020-03-05,30.54,30.77,30.01,30.09,15892294,0.0,30.813999999999947,,34.238819270346255,-1.1062537497045994,-0.79717653016887,-0.3090772195357294
2020-03-06,29.21,29.54,28.45,28.69,17635069,0.0,30.45199999999995,,29.764210323102702,-1.277653643264184,-0.8932719527879329,-0.38438169047625115
2020-03-09,26.0,26.12,24.15,24.65,24896556,0.0,29.095999999999947,,21.16733676449833,-1.719660355958851,-1.0585496334221165,-0.6611107225367345
2020-03-10,25.98,27.14,24.59,27.11,16488496,0.0,28.413999999999948,,33.7207587498973,-1.8501253262357693,-1.216864771984847,-0.6332605542509222
2020-03-11,26.0,26.62,25.76,26.0,18966529,0.0,27.307999999999947,,31.298854716639156,-2.019804430284804,-1.3774527036448385,-0.6423517266399654
2020-03-12,23.6,24.345,22.5,23.04,18223616,0.0,25.897999999999946,,25.947042453276836,-2.365851541089203,-1.5751324711337116,-0.7907190699554913
2020-03-13,24.6,25.33,22.9,24.685,15281002,0.0,25.096999999999944,,32.821832674408114,-2.4787847299976136,-1.7558629229064922,-0.7229218070911214
2020-03-16,21.51,22.41,21.0,21.0,15031308,0.0,24.366999999999944,,26.816066838799586,-2.832977003586855,-1.9712857390425649,-0.86169126454429
2020-03-17,21.31,21.58,19.5,20.32,21187393,0.0,23.008999999999943,,25.875163991456446,-3.132438448665752,-2.2035162809672024,-0.9289221676985497
2020-03-18,18.83,19.05,14.325,17.15,31909511,0.0,21.23899999999994,,21.999868514535805,-3.5842394275889227,-2.4796609102915466,-1.104578517297376
2020-03-19,16.34,18.99,15.0,17.87,31961495,0.0,20.204999999999945,,24.756315730772585,-3.8399326227271473,-2.751715252778667,-1.0882173699484805
2020-03-20,18.42,18.9569,17.68,18.14,33232737,0.0,18.895999999999944,,25.815047919825517,-3.974963671650521,-2.9963649365530376,-0.9785987350974832
2020-03-23,18.01,18.56,17.23,17.61,24033555,0.0,18.217999999999943,,25.06936167896305,-4.077737699477662,-3.2126394891379624,-0.8650982103397
2020-03-24,19.32,21.6697,18.6,21.11,21342732,0.0,18.37599999999994,,37.83898653491992,-3.8325864369550153,-3.336628878701373,-0.4959575582536422
2020-03-25,23.0,23.145,21.0,21.39,24825486,0.0,19.223999999999943,,38.73844557100697,-3.5745039784320873,-3.384203898647516,-0.19030007978457153
2020-03-26,21.64,22.97,21.0601,22.53,14797405,0.0,20.155999999999942,,42.393281952700875,-3.240627363026011,-3.355488591523215,0.11486122849720415
2020-03-27,21.37,21.96,20.74,21.375,16616420,0.0,20.802999999999944,,39.80238108233958,-3.034249645963971,-3.2912408024113664,0.25699115644739523
2020-03-30,22.31,22.48,20.6259,21.31,16231099,0.0,21.542999999999942,,39.65549751352883,-2.8431645440382844,-3.2016255507367504,0.3584610066984659
2020-03-31,20.97,22.21,20.55,20.77,18086583,0.0,21.474999999999945,,38.388063229707356,-2.704130181628834,-3.1021264769151675,0.3979962952863336
2020-04-01,19.5,20.165,18.99,19.25,15378590,0.0,21.046999999999947,,34.99734530809009,-2.6856373884974545,-3.0188286592316254,0.3331912707341709
2020-04-02,19.1,19.69,17.79,18.19,16179364,0.0,20.178999999999945,,32.82021773149738,-2.7251015831837258,-2.9600832440220457,0.23498166083831995
2020-04-03,18.4,18.78,17.85,18.03,12334468,0.0,19.509999999999945,,32.49165416875523,-2.737729068101075,-2.915612408837852,0.17788334073677703
2020-04-06,19.1,19.75,18.55,19.52,18402242,0.0,19.151999999999944,,38.65102331674441,-2.597562806220356,-2.852002488314353,0.2544396820939969
2020-04-07,21.27,22.21,20.71,21.29,26906493,0.0,19.255999999999947,,45.06331008611692,-2.3169474978383597,-2.7449914902191543,0.4280439923807946
2020-04-08,22.0517,23.6,21.4694,23.13,20785712,0.0,20.031999999999947,,50.81822672317659,-1.9239076123785246,-2.580774714651029,0.6568671022725043
2020-04-09,24.16,24.99,23.5832,24.05,19075504,0.0,21.203999999999944,,53.444284299342186,-1.5206551937147985,-2.368750810463783,0.8480956167489846
2020-04-13,24.04,24.1,22.72,23.02,12535137,0.0,22.20199999999995,,50.21177547422306,-1.269552527311994,-2.1489111538334256,0.8793586265214315
2020-04-14,23.6,23.77,22.67,22.96,11537503,0.0,22.88999999999995,,50.021974693346394,-1.0631381587364395,-1.9317565548140285,0.8686183960775891
2020-04-15,21.92,22.27,21.47,21.66,11489849,0.0,22.963999999999952,,45.967624457579724,-0.9930056687272568,-1.7440063775966743,0.7510007088694175
2020-04-16,21.64,21.65,20.555,20.86,9995114,0.0,22.509999999999955,,43.62436249960011,-0.9905599210707514,-1.5933170862914898,0.6027571652207384
2020-04-17,21.92,22.54,21.83,22.49,15185164,0.0,22.197999999999958,,49.29582192319536,-0.8473268148319413,-1.4441190319995802,0.596792217167639
2020-04-20,21.72,22.64,21.44,22.38,12953783,0.0,22.06999999999996,,48.93802257555143,-0.734225927438775,-1.3021404110874193,0.5679144836486443
2020-04-21,21.27,21.89,20.98,21.23,12435913,0.0,21.72399999999996,,45.24100500332691,-0.7289847657781614,-1.1875092820255677,0.4585245162474063
2020-04-22,21.65,21.78,21.07,21.32,6654765,0.0,21.65599999999996,,45.58744939430412,-0.7093914366619778,-1.0918857129528499,0.38249427629087207
2020-04-23,21.55,22.055,21.445,21.52,9909878,0.0,21.78799999999996,,46.39901384482451,-0.6700018889309263,-1.0075089481484651,0.3375070592175389
2020-04-24,21.71,22.24,21.54,21.95,8149674,0.0,21.679999999999964,,48.1882805457494,-0.597203788697982,-0.9254479162583685,0.32824412756038657
2020-04-27,21.52,22.57,21.1401,22.45,19500338,0.0,21.693999999999967,,50.267171418178,-0.4934764590146443,-0.8390536248096238,0.34557716579497944
2020-04-28,23.18,23.4,22.1,22.18,19477385,0.0,21.883999999999965,,49.12100063045021,-0.42812340631100554,-0.7568675811099002,0.3287441747988946
2020-04-29,22.75,24.565,22.68,23.78,22283066,0.0,22.375999999999966,,55.5841444700703,-0.24440664528894374,-0.6543753939457089,0.40996874865676514
2020-04-30,23.44,23.44,22.25,22.29,13761663,0.0,22.529999999999966,,49.303118116374485,-0.21654414995497362,-0.5668091451475619,0.35026499519258825
2020-05-01,21.65,21.76,20.8,20.9,17005017,0.0,22.31999999999996,,44.27660086146991,-0.303130010876167,-0.5140733182932828,0.21094330741711587
2020-05-04,20.45,20.875,20.1201,20.75,15161045,0.0,21.979999999999958,,43.758143764067775,-0.3794792750067195,-0.4871545096359702,0.10767523462925066
2020-05-05,21.25,21.97,21.12,21.24,16713113,0.0,21.791999999999955,,45.983278323211735,-0.3958842053083593,-0.46890044877044806,0.07301624346208874
2020-05-06,23.05,23.65,21.83,21.89,28418897,0.0,21.41399999999996,,48.87295520626396,-0.3523737181622515,-0.4455951026488088,0.09322138448655731
2020-05-07,22.18,22.98,22.03,22.45,16257151,0.0,21.44599999999996,,51.29060371705577,-0.2695962855758438,-0.41039533923421584,0.14079905365837203
2020-05-08,23.07,24.0,23.05,23.93,15054613,0.0,22.051999999999957,,57.06858399841298,-0.08360717132067208,-0.3450377056515071,0.261430534330835
2020-05-11,23.25,23.39,22.59,22.79,14884267,0.0,22.459999999999958,,51.95614597558931,-0.02787658697464579,-0.2816054819161349,0.2537288949414891
2020-05-12,22.99,23.27,22.55,22.555,10939883,0.0,22.72299999999996,,50.943020250606004,-0.002641780584177411,-0.2258127416497434,0.223170961065566
2020-05-13,22.44,22.45,21.13,21.45,14773334,0.0,22.63499999999996,,46.364826648439205,-0.07098896326305137,-0.19484798597240502,0.12385902270935364
2020-05-14,20.66,22.34,20.49,22.31,14945648,0.0,22.606999999999957,,50.1218239662656,-0.0551243461224189,-0.16690325800240782,0.11177891187998892
2020-05-15,21.97,22.68,21.83,22.63,12393323,0.0,22.34699999999996,,51.48363137930467,-0.016539539574942808,-0.13683051431691481,0.120290974741972
2020-05-18,24.0,25.205,24.0,24.8,20984858,0.0,22.74899999999996,,59.54907138685288,0.186984619851998,-0.07206748748313227,0.2590521073351303
2020-05-19,24.75,25.7,24.29,24.68,17675694,0.0,23.17399999999996,,58.96530042384194,0.3347373416839048,0.009293478350275143,0.3254438633336296
2020-05-20,25.31,25.89,25.215,25.48,13275625,0.0,23.979999999999958,,61.66349600086972,0.5105010144390043,0.10953498556802098,0.4009660288709833
2020-05-21,25.29,26.02,25.21,25.8,12917853,0.0,24.677999999999958,,62.7194598222444,0.6679169858062295,0.22121138561566267,0.4467056001905668
2020-05-22,25.99,26.23,25.215,25.98,11827952,0.0,25.347999999999956,,63.33130175169144,0.7979959720819068,0.3365683029089115,0.46142766917299527
2020-05-26,27.82,27.89,27.25,27.39,14279860,0.0,25.86599999999995,,67.7906400919075,1.0032943690547924,0.4699135161380877,0.5333808529167048
2020-05-27,28.53,28.83,26.91,27.79,13319105,0.0,26.48799999999995,,68.9444639734159,1.1846159693149758,0.6128540067734654,0.5717619625415105
2020-05-28,27.86,27.94,26.6,26.69,10336456,0.0,26.72999999999995,,62.331689586698865,1.2254278673044112,0.7353687788796546,0.49005908842475665
2020-05-29,26.35,26.57,25.69,25.885,16935836,0.0,26.746999999999947,,57.951087785785816,1.1792214868995003,0.8241393204836238,0.35508216641587653
2020-06-01,25.99,27.22,25.91,26.94,9388313,0.0,26.938999999999947,,61.74553307494966,1.213741029466597,0.9020596622802185,0.3116813671863784
2020-06-02,27.32,27.615,26.945,27.41,9055581,0.0,26.942999999999948,,63.332980046079406,1.2644473260138511,0.974537195026945,0.2899101309869061
2020-06-03,28.42,29.13,28.25,29.065,15321063,0.0,27.19799999999995,,68.31847195426856,1.4217876173142443,1.063987279484405,0.35780033782983933
2020-06-04,28.86,29.435,28.52,29.15,15584043,0.0,27.68999999999995,,68.55494971557125,1.5356378442041354,1.1583173924283512,0.3773204517757842
2020-06-05,31.0,31.15,29.81,30.605,27560001,0.0,28.63399999999995,,72.3583874545073,1.7234049696112663,1.2713349078649343,0.452070061746332
2020-06-08,31.22,31.66,30.6,30.66,14084644,0.0,29.37799999999995,,72.49382485246072,1.8552634870144473,1.388120623694837,0.4671428633196104
2020-06-09,29.4,30.215,28.71,29.905,14614559,0.0,29.876999999999953,,67.59745182635228,1.8772009181763174,1.485936682591133,0.3912642355851843
2020-06-10,29.8,29.84,28.42,28.7581,14373816,0.0,29.815619999999956,,60.871541581289236,1.7815051628965755,1.5450503786522218,0.23645478424435362
2020-06-11,26.62,27.8,26.29,26.495,17355530,0.0,29.284619999999954,,50.247332094973466,1.5056956091828546,1.5371794247583483,-0.031483815575493734
2020-06-12,28.72,28.96,27.3,27.33,6981718,0.0,28.62961999999996,,53.473938764412466,1.3390562652854037,1.4975547928637596,-0.15849852757835592
2020-06-15,26.61,28.1,26.57,27.79,13972044,0.0,28.05561999999996,,55.19773398809082,1.2299336310035223,1.4440305604917123,-0.21409692948819004
2020-06-16,29.11,29.18,27.475,27.79,15976190,0.0,27.632619999999957,,55.19773398809082,1.1304223519393268,1.3813089187812353,-0.25088656684190846
2020-06-17,27.78,28.01,27.13,27.16,9619319,0.0,27.312999999999953,,52.129923304276076,0.9893189583484165,1.3029109266946715,-0.3135919683462549
2020-06-18,26.9,27.55,26.71,27.09,10075998,0.0,27.431999999999952,,51.78552747408303,0.8619095307960087,1.214710647514939,-0.3528011167189302
2020-06-19,27.74,27.83,26.33,26.6,13933542,0.0,27.285999999999955,,49.328815680397966,0.7131766797985826,1.1144038539716676,-0.40122717417308507
2020-06-22,26.6,26.64,25.85,26.37,9581974,0.0,27.00199999999996,,48.17357850938526,0.5701731449168577,1.0055577121607058,-0.4353845672438481
2020-06-23,26.75,26.85,26.23,26.24,10731237,0.0,26.69199999999996,,47.49651038525034,0.44126526835804825,0.8926992234001743,-0.451433955042126
2020-06-24,25.85,25.98,25.01,25.28,12968051,0.0,26.315999999999963,,42.721418944870216,0.2586592081668684,0.7658912203535131,-0.5072320121866447
2020-06-25,25.0,25.29,24.535,25.24,13353691,0.0,25.945999999999962,,42.529559001986065,0.10945321561632326,0.6346036194060751,-0.5251504037897519
2020-06-26,25.0,25.11,24.25,24.45,13239429,0.0,25.515999999999963,,38.821374510328,-0.07171333940893376,0.4933402276430734,-0.5650535670520072
2020-06-29,24.71,25.35,24.475,25.3,9018865,0.0,25.301999999999964,,44.43505699448985,-0.14502943420753667,0.3656662952729514,-0.5106957294804881
2020-06-30,25.09,25.595,24.74,25.29,12477305,0.0,25.111999999999963,,44.383458737616955,-0.20161578273399883,0.2522098796715614,-0.4538256624055602
2020-07-01,25.3,25.935,24.93,24.96,10874639,0.0,25.047999999999963,,42.62445504362559,-0.2699769870469346,0.1477725063278622,-0.41774949337479683
2020-07-02,25.62,25.85,25.081999999999997,25.24,33452888,0.0,25.047999999999966,,44.629627936686035,-0.29812349199812616,0.05859330666266454,-0.3567167986607907
2020-07-06,25.96,26.04,25.4299,25.73,8363654,0.0,25.303999999999967,,48.051181980401324,-0.27768985921631995,-0.008663326513132355,-0.2690265327031876
2020-07-07,25.59,25.625,25.06,25.125,9045059,0.0,25.268999999999963,,44.40280003526136,-0.30677815422525967,-0.06828629205555782,-0.23849186216970186
2020-07-08,25.19,25.255,24.67,24.95,10148076,0.0,25.200999999999965,,43.376860661589404,-0.34003219556587894,-0.12263547275762204,-0.2173967228082569
2020-07-09,24.76,24.8299,23.33,23.4119,16206826,0.0,24.891379999999963,,35.59282221693283,-0.4849083567807142,-0.19509004956224046,-0.28981830721847374
2020-07-10,23.55,24.4,23.33,24.38,14185293,0.0,24.719379999999965,,42.57754167614932,-0.5156619491082246,-0.2592044294714373,-0.2564575196367873
2020-07-13,24.65,25.19,24.37,24.86,12695310,0.0,24.545379999999962,,45.72062050152226,-0.4955895562125896,-0.30648145481966776,-0.18910810139292183
2020-07-14,24.8,25.845,24.67,25.64,15115578,0.0,24.648379999999964,,50.465441537593456,-0.4119933560098872,-0.32758383505771166,-0.08440952095217552
2020-07-15,26.32,27.03,26.13,26.87,13531747,0.0,25.032379999999964,,56.86833630961556,-0.24368301846065066,-0.3108036717382995,0.06712065327764882
2020-07-16,26.35,27.185,26.26,26.85,9176933,0.0,25.719999999999963,,56.73990637815094,-0.1106343720222327,-0.27076981179508613,0.16013543977285344
2020-07-17,26.99,27.0,26.25,26.44,7593760,0.0,26.131999999999966,,54.04531849432721,-0.03783974165570214,-0.22418379776720937,0.18634405611150723
2020-07-20,26.21,26.54,25.77,26.0,7669520,0.0,26.359999999999967,,51.233352795809864,-0.015475404569038176,-0.18244211912757516,0.16696671455853698
2020-07-21,26.17,26.48,25.97,26.15,8838780,0.0,26.461999999999968,,52.14742502875487,0.014188681804494507,-0.14311595894116122,0.15730464074565573
2020-07-22,25.87,26.5,25.8,26.3,10041916,0.0,26.347999999999967,,53.09424718535054,0.04923389270336287,-0.10464598861225641,0.15387988131561928
2020-07-23,26.44,27.325,26.33,26.76,12600182,0.0,26.329999999999966,,55.971314825416435,0.11282505346227012,-0.06115178019735111,0.17397683365962124
2020-07-24,26.76,26.795,26.11,26.26,6572375,0.0,26.293999999999965,,52.22181949515042,0.12147539247893491,-0.024626345662093912,0.1461017381410288
2020-07-27,25.88,25.92,25.31,25.515,11112479,0.0,26.196999999999967,29.844174999999986,47.153202728219775,0.06743818923012412,-0.0062134386836503065,0.07365162791377443
