Date,Open,High,Low,Close,Volume,OpenInterest,5 day sma,200 day sma,rsi,macd,signal,histogram
2019-10-10,1198.6,1215.62,1197.69,1209.59,1081715,0.0,,,,,,
2019-10-11,1224.03,1228.75,1213.6384,1214.27,1838238,0.0,,,,,,
2019-10-14,1213.66,1225.88,1211.88,1217.08,1073946,0.0,,,,,,
2019-10-15,1221.5,1247.125,1220.92,1242.24,2536190,0.0,,,,,,
2019-10-16,1241.81,1254.19,1238.53,1242.97,1843678,0.0,1225.23,,,,,
2019-10-17,1251.4,1263.75,1249.87,1253.48,1766810,0.0,1234.0079999999998,,,,,
2019-10-18,1254.69,1258.11,1240.14,1244.08,2794445,0.0,1239.9699999999998,,,,,
2019-10-21,1250.59,1252.18,1239.99,1244.41,675428,0.0,1245.4359999999997,,,,,
2019-10-22,1244.48,1248.73,1239.85,1241.18,1015521,0.0,1245.2239999999997,,,,,
2019-10-23,1240.21,1258.02,1240.21,1257.75,878666,0.0,1248.1799999999998,,,,,
2019-10-24,1260.01,1262.9,1252.35,1259.09,882326,0.0,1249.3019999999997,,,,,
2019-10-25,1252.0,1268.0,1249.15,1264.28,1111234,0.0,1253.3419999999996,,,,,
2019-10-28,1275.16,1299.24,1272.31,1289.465,2434833,0.0,1262.3529999999996,,,,,
2019-10-29,1276.0,1280.8,1255.61,1260.67,2350512,0.0,1266.2509999999997,,,,,
2019-10-30,1255.15,1268.015,1250.65,1260.62,1216120,0.0,1266.8249999999996,,69.04388714733538,,,
2019-10-31,1260.0,1266.5157,1249.48,1258.79,1036049,0.0,1266.7649999999996,,68.0430133079848,,,
2019-11-01,1265.8,1273.0,1259.71,1272.98,1084713,0.0,1268.5049999999997,,71.49373838176304,,,
2019-11-04,1276.11,1292.5,1276.11,1289.61,1178212,0.0,1268.5339999999997,,74.91269149732378,,,
2019-11-05,1291.2,1297.24,1289.38,1291.45,985981,0.0,1274.6899999999996,,75.26616317983155,,,
2019-11-06,1290.05,1292.99,1282.27,1290.75,901847,0.0,1280.7159999999997,,74.8341813605304,,,
2019-11-07,1295.0,1322.65,1293.75,1306.94,1821017,0.0,1290.3459999999998,,77.98179294491996,,,
2019-11-08,1301.52,1317.11,1301.52,1308.97,1339515,0.0,1297.5439999999999,,78.34748232383335,,,
2019-11-11,1302.0,1304.9,1295.8701,1298.24,673798,0.0,1299.27,,71.58023736741617,,,
2019-11-12,1298.57,1309.35,1294.24,1297.65,908519,0.0,1300.51,,71.21598589502675,,,
2019-11-13,1293.18,1302.52,1292.147,1295.82,937383,0.0,1301.524,,70.02570508029231,,,
2019-11-14,1294.89,1315.72,1293.94,1309.46,1332670,0.0,1302.0279999999998,,73.57134744697608,24.299032201517775,,
2019-11-15,1315.05,1333.52,1311.89,1333.21,1531776,0.0,1306.8759999999997,,78.36925030684378,25.904298341016784,,
2019-11-18,1332.34,1333.92,1316.16,1319.57,1051985,0.0,1311.1419999999998,,70.45804823437865,25.778688640157043,,
2019-11-19,1326.25,1326.63,1311.77,1312.37,859067,0.0,1314.0859999999998,,66.63423217693183,24.812143277487394,,
2019-11-20,1310.0,1313.21,1289.21,1301.94,1179703,0.0,1315.31,,61.433018076656495,22.940096132632334,,
2019-11-21,1299.25,1311.12,1290.75,1299.69,1001795,0.0,1313.356,,60.33884204295202,21.032479752672998,,
2019-11-22,1303.8,1306.9,1289.3625,1294.16,903474,0.0,1305.5459999999998,,57.62237884218939,18.857082534725578,,
2019-11-25,1296.26,1310.41,1295.61,1305.65,846581,0.0,1302.762,,61.500663485296265,17.854397164143165,,
2019-11-26,1308.64,1314.01,1304.04,1313.01,661829,0.0,1302.8899999999999,,63.78685109050496,17.45247105141766,22.10340989953008,-4.650938848112421
2019-11-27,1315.04,1317.64,1309.4742,1312.46,746189,0.0,1304.994,,63.48346977165042,16.894808472485465,21.06168961412116,-4.166881141635695
2019-11-29,1306.6,1309.95,1303.23,1304.2,510811,0.0,1305.896,,58.94890649805596,15.606442537737848,19.9706401988445,-4.364197661106651
2019-12-02,1300.0,1305.44,1280.38,1288.86,1027117,0.0,1304.8359999999998,,51.58025092989593,13.195484126893462,18.615608984454294,-5.4201248575608325
2019-12-03,1278.66,1297.23,1277.05,1293.86,1025953,0.0,1302.4779999999998,,53.61548718788606,11.555041108403884,17.203495409244212,-5.648454300840328
2019-12-04,1306.6,1324.27,1303.0511,1318.3,1583027,0.0,1303.5359999999998,,62.01921715874725,12.087741978722079,16.180344723139786,-4.092602744417707
2019-12-05,1327.0,1327.98,1314.32,1327.56,1093977,0.0,1306.556,,64.6336853629056,13.10603762380083,15.565483303271996,-2.459445679471166
2019-12-06,1332.75,1342.47,1331.23,1339.41,1392309,0.0,1313.598,,67.69804869975991,14.69979019332095,15.392344681281788,-0.6925544879608374
2019-12-09,1339.0,1357.5529999999999,1336.07,1342.93,1174949,0.0,1324.412,,68.56924156227207,16.061735480627704,15.526222841150972,0.5355126394767318
2019-12-10,1339.94,1348.0,1334.0,1343.14,724538,0.0,1334.2680000000003,,68.62361037316903,16.962499047826668,15.81347808248611,1.1490209653405579
2019-12-11,1348.3,1349.89,1341.1,1344.12,679053,0.0,1339.4320000000002,,68.89402504793833,17.553097295087127,16.161401925006317,1.3916953700808108
2019-12-12,1344.34,1354.58,1338.2001,1348.05,1235466,0.0,1343.5300000000002,,70.01024891879099,18.129285696272973,16.554978679259648,1.574307017013325
2019-12-13,1346.94,1351.35,1341.66,1346.87,1077763,0.0,1345.0220000000004,,69.20721662386636,18.279982754794446,16.899979494366608,1.3800032604278378
2019-12-16,1355.0,1363.53,1350.61,1360.69,1094717,0.0,1348.574,,73.09901467463408,19.292181501444702,17.378419895782226,1.9137616056624758
2019-12-17,1362.41,1364.33,1350.77,1354.95,1188918,0.0,1350.9360000000001,,69.18773393997442,19.40746904937373,17.784229726500527,1.6232393228732036
2019-12-18,1356.99,1359.43,1350.46,1351.46,782576,0.0,1352.404,,66.84577307249347,18.998221754453198,18.02702813209106,0.9711936223621365
2019-12-19,1357.0543,1357.5259,1348.7507,1356.52,861626,0.0,1354.0980000000002,,68.51007431109248,18.864729181459097,18.19456834196467,0.6701608394944287
2019-12-20,1363.1,1364.0,1350.73,1351.21,1890018,0.0,1354.9660000000001,,64.83207502822552,18.121568570920317,18.1799683877558,-0.058399816835482454
2019-12-23,1358.73,1361.854,1348.0,1350.27,613879,0.0,1352.882,,64.17526033938685,17.257820872396223,17.995538884683885,-0.7377180122876617
2019-12-24,1350.21,1352.01,1344.165,1344.74,597751,0.0,1350.84,,60.30459770161508,15.943285543098,17.58508821636671,-1.6418026732687103
2019-12-26,1346.55,1363.2,1345.51,1362.16,916263,0.0,1352.98,,67.04707320883138,16.121318711960157,17.2923343154854,-1.1710156035252446
2019-12-27,1364.0,1367.07,1353.0,1354.64,857102,0.0,1352.604,,62.14018582543961,15.477198616772966,16.929307175742917,-1.4521085589699503
2019-12-30,1356.81,1357.0,1337.835,1340.47,827915,0.0,1350.4560000000001,,54.104928542556436,13.665797418358125,16.27660522426596,-2.610807805907836
2019-12-31,1335.79,1340.66,1332.13,1338.12,721255,0.0,1348.0260000000003,,52.88360428857028,11.903408474661319,15.401965874345033,-3.4985573996837136
2020-01-02,1348.41,1368.68,1346.49,1368.68,1175007,0.0,1352.8140000000003,,64.2007766414215,12.824802795415735,14.886533258559174,-2.061730463143439
2020-01-03,1348.0,1373.75,1347.3236,1360.4,969060,0.0,1352.4620000000002,,59.995937523683565,12.74002851343812,14.457232309534964,-1.717203796096845
2020-01-06,1352.35,1398.32,1351.0,1397.43,1563510,0.0,1361.0200000000002,,69.58884197215967,15.482384520282494,14.66226275168447,0.8201217685980247
2020-01-07,1400.46,1403.5,1391.555,1395.55,1450804,0.0,1372.0360000000003,,68.68827205905637,17.304545100912264,15.190719221530028,2.1138258793822366
2020-01-08,1394.82,1411.85,1392.63,1405.48,1437227,0.0,1385.5080000000003,,70.83517900916658,19.32709774840373,16.01799492690477,3.3091028214989606
2020-01-09,1421.0,1427.5608,1410.21,1420.15,1245606,0.0,1395.8020000000004,,73.70374972337689,21.86172335258175,17.18674061204017,4.67498274054158
2020-01-10,1427.61,1434.94,1419.5977,1429.37,1168804,0.0,1409.5960000000002,,75.34507770629628,24.33390326066933,18.616173141766,5.717730118903329
2020-01-13,1436.15,1441.48,1425.37,1440.71,1230660,0.0,1418.2520000000004,,77.22774830941566,26.898102296798697,20.27255897277254,6.625543324026157
2020-01-14,1440.0,1442.63,1427.77,1430.36,996479,0.0,1425.2140000000004,,71.83605528252403,27.77491803967132,21.773030786152297,6.001887253519023
2020-01-15,1432.01,1440.78,1431.66,1439.21,888084,0.0,1431.9600000000005,,73.53732485675627,28.85134156426193,23.188692941774224,5.662648622487705
2020-01-16,1445.45,1450.7,1440.0,1450.7,1046607,0.0,1438.0700000000008,,75.5982493392622,30.282484307867207,24.607451214992825,5.675033092874383
2020-01-17,1462.54,1480.55,1456.55,1479.75,1882551,0.0,1448.1460000000009,,79.86737978745049,33.376029371285995,26.36116684625146,7.014862525034534
2020-01-21,1479.0,1489.8845,1470.21,1482.75,3008277,0.0,1456.5540000000005,,80.25162599095071,35.65870964181295,28.22067540536376,7.438034236449187
2020-01-22,1489.73,1500.5812,1482.6614,1483.56,2455503,0.0,1467.1940000000009,,80.36061572669415,37.105382678358865,29.997616859962783,7.107765818396082
2020-01-23,1486.81,1493.5,1480.32,1484.02,2023981,0.0,1476.1560000000006,,80.4266814533664,37.85265776193933,31.568625040358093,6.284032721581234
2020-01-24,1492.82,1494.2,1463.1796,1466.05,2639503,0.0,1479.2260000000008,,70.45566977254276,36.57325610079101,32.569551252444676,4.003704848346338
2020-01-27,1429.05,1436.58,1419.5,1431.43,1398294,0.0,1469.5620000000006,,56.040896398166964,32.3923772369194,32.53411644933962,-0.14173921242021947
2020-01-28,1441.74,1454.8,1430.36,1449.61,1032588,0.0,1462.9340000000007,,60.599624881019615,30.19787240355072,32.06686764018184,-1.8689952366311218
2020-01-29,1458.46,1464.14,1445.385,1456.47,872273,0.0,1457.5160000000008,,62.192873283495516,28.681632179076132,31.3898205479607,-2.708188368884567
2020-01-30,1440.47,1455.25,1435.0,1454.3,1194891,0.0,1451.5720000000006,,61.347784533838656,26.993733060994145,30.51060305056739,-3.5168699895732445
2020-01-31,1467.86,1469.67,1427.1115,1432.68,1831153,0.0,1444.8980000000006,,53.54168048388903,23.639011722770192,29.136284785007952,-5.49727306223776
2020-02-03,1464.03,1486.3,1456.61,1482.6,2515133,0.0,1455.1320000000003,,64.70810239538407,24.723500569201178,28.2537279418466,-3.5302273726454203
2020-02-04,1453.56,1467.335,1422.03,1446.37,4250996,0.0,1454.4840000000006,,54.474625156983706,22.40127957345112,27.083238268167506,-4.681958694716386
2020-02-05,1463.61,1464.58,1429.675,1446.83,1672798,0.0,1452.5560000000007,,54.57285742355665,20.363285578792784,25.73924773029256,-5.3759621514997775
2020-02-06,1451.98,1481.56,1450.48,1476.195,1672144,0.0,1456.9350000000009,,60.44102516711813,20.877013525099983,24.76680088925405,-3.889787364154067
2020-02-07,1467.385,1485.245,1465.41,1479.22,1251500,0.0,1466.2430000000008,,60.999923248419364,21.2829027875905,24.070021268921344,-2.787118481330843
2020-02-10,1474.88,1508.88,1474.88,1508.87,1432885,0.0,1471.4970000000005,,66.06128102901472,23.723609158059162,24.00073884674891,-0.2771296886897474
2020-02-11,1512.08,1529.8799,1505.4501,1510.15,1520982,0.0,1484.2530000000004,,66.26482325583413,25.467597235684934,24.294110524536116,1.1734867111488185
2020-02-12,1515.86,1520.3,1508.67,1519.43,963211,0.0,1498.7730000000004,,67.77382760614896,27.284025533133217,24.892093526255536,2.3919320068776813
2020-02-13,1510.0,1525.9460000000001,1504.0,1513.54,867781,0.0,1506.2420000000006,,65.76315148127964,27.926366500841596,25.498948121172752,2.4274183796688433
2020-02-14,1514.53,1520.05,1505.55,1519.6,907962,0.0,1514.3180000000007,,66.85275757825536,28.594794706301627,26.118117438198528,2.4766772681030993
2020-02-18,1514.34,1530.555,1511.01,1519.44,925550,0.0,1516.4320000000005,,66.79231620970174,28.779861879168493,26.650466326392525,2.129395552775968
2020-02-19,1527.2,1530.74,1520.976,1524.88,868983,0.0,1519.3780000000006,,67.85639348130881,29.030842007435695,27.12654146260116,1.904300544834534
2020-02-20,1519.01,1527.07,1504.255,1516.97,1053197,0.0,1518.8860000000004,,64.61430028527607,28.265645902717097,27.35436235062435,0.9112835520927476
2020-02-21,1504.58,1509.7338,1478.49,1483.47,1827742,0.0,1512.8720000000003,,53.05319685156854,24.671652989872427,26.81782047847397,-2.1461674886015416
2020-02-24,1423.05,1436.38,1406.79,1419.37,2152983,0.0,1492.8260000000002,,38.76185279403746,16.461297824653684,24.746515947709916,-8.285218123056232
2020-02-25,1431.0,1436.8470000000002,1380.42,1386.22,2106339,0.0,1466.182,,33.70514455056956,7.196645796921757,21.236541917552284,-14.039896120630527
2020-02-26,1394.98,1413.67,1376.55,1390.63,2408318,0.0,1439.332,,34.921445393710584,0.20779710514420913,17.03079295507067,-16.82299584992646
2020-02-27,1359.82,1369.4,1314.24,1314.72,2597481,0.0,1398.882,,26.058841041110114,-11.325663232916668,11.359501717473202,-22.68516495038987
2020-02-28,1274.31,1342.45,1268.21,1341.16,3465941,0.0,1370.4200000000003,,32.4858796296859,-18.12360893102209,5.462879587774145,-23.586488518796237
2020-03-02,1351.39,1387.47,1325.2,1386.6401,2330698,0.0,1363.8740200000002,,41.84910915913807,-19.615055743714265,0.4472925214764629,-20.062348265190728
2020-03-03,1397.68,1408.19,1329.2421,1337.72,2458902,0.0,1354.1740200000002,,36.056603361359954,-24.462492924670187,-4.534664567752867,-19.92782835691732
2020-03-04,1358.96,1382.78,1337.0,1380.92,1912387,0.0,1352.2320200000001,,43.494529314461644,-24.53541387357086,-8.534814428916466,-16.000599444654394
2020-03-05,1346.99,1353.63,1301.64,1315.33,2292572,0.0,1352.3540200000002,,36.5440952180142,-29.545190527284376,-12.736889648590049,-16.808300878694325
2020-03-06,1270.2,1302.75,1257.21,1295.69,2862411,0.0,1343.2600200000002,,34.75323743869092,-34.700255534868575,-17.129562825845756,-17.57069270902282
2020-03-09,1204.96,1252.73,1198.04,1210.68,3103700,0.0,1308.068,,28.29072760153923,-45.125104124459085,-22.728671085568422,-22.396433038890663
2020-03-10,1254.33,1275.85,1214.51,1275.85,4633340,0.0,1295.694,,37.83445609290443,-47.57972790120971,-27.69888244869668,-19.88084545251303
2020-03-11,1248.27,1256.93,1191.14,1210.65,4702196,0.0,1261.64,,33.08964022880616,-54.16178666759606,-32.99146329247655,-21.17032337511951
2020-03-12,1122.62,1188.75,1108.47,1110.76,4294803,0.0,1220.726,,27.416722284053407,-66.66987502681513,-39.72714563934427,-26.942729387470862
2020-03-13,1174.99,1214.4,1112.29,1214.3699,3283021,0.0,1204.46198,,39.082652316930435,-67.44471149028504,-45.27065880953243,-22.174052680752617
2020-03-16,1089.0,1145.47,1067.0801,1073.01,8593972,0.0,1176.92798,,31.616369344054817,-78.55974961419702,-51.92847697046535,-26.63127264373167
2020-03-17,1090.64,1126.0,1049.1,1118.065,3726901,0.0,1145.3709800000001,,35.824517369796084,-82.77871396068986,-58.098524368510255,-24.6801895921796
2020-03-18,1055.01,1104.99,1037.0,1096.1,3779106,0.0,1122.4609800000003,,34.703318237218426,-86.89301692206527,-63.85742287922126,-23.03559404284401
2020-03-19,1088.22,1152.61,1055.55,1112.84,6509980,0.0,1122.8769800000002,,36.3385813730356,-87.7908552317233,-68.64410934972167,-19.146745882001625
2020-03-20,1130.9,1138.4783,1062.1,1067.83,7898242,0.0,1093.5690000000002,,33.88161675238824,-91.08436552867215,-73.13216058551177,-17.952204943160382
2020-03-23,1056.37,1066.91,1008.87,1054.13,7514976,0.0,1089.7930000000001,,33.14698250475456,-93.7196301142742,-77.24965449126425,-16.469975623009944
2020-03-24,1101.83,1133.33,1086.43,1131.0,3143271,0.0,1092.3800000000003,,40.89124167482231,-88.58418635525277,-79.51656086406196,-9.06762549119081
2020-03-25,1124.88,1146.17,1083.01,1101.13,4107182,0.0,1093.3860000000004,,39.00066663619869,-85.93397615823847,-80.80004392289726,-5.133932235341206
2020-03-26,1114.63,1171.48,1092.03,1162.92,3293469,0.0,1103.4020000000005,,44.69681652818759,-77.9491792670367,-80.22987099172515,2.2806917246884524
2020-03-27,1127.47,1151.05,1104.0027,1110.26,2726681,0.0,1111.8880000000004,,41.16849126325595,-75.00577225236839,-79.1850512438538,4.179278991485418
2020-03-30,1132.64,1151.0,1098.4901,1146.31,2657188,0.0,1130.3240000000003,,44.40401470982895,-68.96913402432483,-77.14186779994802,8.172733775623186
2020-03-31,1148.73,1173.4,1136.72,1161.95,5031596,0.0,1136.5140000000004,,45.7967733728449,-62.20596579409903,-74.15468739877822,11.948721604679193
2020-04-01,1121.7,1129.42,1093.49,1101.9,4618308,0.0,1136.6680000000001,,41.498215257818316,-60.98860076136816,-71.52147007129622,10.53286930992806
2020-04-02,1098.57,1122.77,1093.13,1116.84,2468518,0.0,1127.4520000000002,,42.933349650910124,-58.148003077475096,-68.846776672532,10.698773595056906
2020-04-03,1114.71,1118.79,1075.08,1092.69,3568324,0.0,1123.938,,41.17498817169028,-57.18630400231723,-66.51468213848905,9.328378136171821
2020-04-06,1133.0,1190.7548,1125.0,1183.4,5334586,0.0,1131.3560000000002,,49.53532183799944,-48.545014937708174,-62.92074869833288,14.375733760624705
2020-04-07,1217.01,1220.775,1177.25,1182.48,2732988,0.0,1135.462,,49.458546757111726,-41.29494498751342,-58.59558795616899,17.300642968655573
2020-04-08,1203.1,1214.9,1183.954,1207.0,1661220,0.0,1156.482,,51.61116863168296,-33.18808169334375,-53.514086703603944,20.326005010260197
2020-04-09,1218.18,1221.99,1192.4166,1206.755,2563275,0.0,1174.465,,51.58752604298792,-26.47788302476829,-48.10684596783682,21.62896294306853
2020-04-13,1201.5,1214.5199,1182.3318,1211.21,3318492,0.0,1198.1689999999999,,52.01795000453889,-20.563477993550578,-42.598172372979576,22.034694379429
2020-04-14,1239.9735,1275.7499,1228.5413,1265.24,5366429,0.0,1214.5369999999998,,57.009996142874634,-11.385257778282721,-36.35558945404021,24.970331675757485
2020-04-15,1246.51,1275.1099,1234.0,1257.29,4993158,0.0,1229.4989999999998,,56.08536988070949,-4.698786011012771,-30.02422876543472,25.32544275442195
2020-04-16,1267.14,1273.3586,1238.2,1257.44,9449955,0.0,1239.587,,56.09983726963756,0.6054159264324426,-23.89829982706129,24.503715753493733
2020-04-17,1281.7,1290.0,1266.0,1279.04,6317271,0.0,1254.0439999999999,,58.23364216942612,6.477307291366287,-17.823178403375774,24.30048569474206
2020-04-20,1269.89,1276.82,1256.44,1261.22,6129953,0.0,1264.0459999999998,,55.822959386170965,9.58243804974586,-12.342055112751448,21.924493162497306
2020-04-21,1242.71,1250.0,1205.0,1210.08,5885914,0.0,1253.014,,49.49110433071518,7.8264870707014325,-8.308346676060872,16.134833746762304
2020-04-22,1241.11,1279.88,1237.2,1261.06,5180254,0.0,1253.7679999999998,,54.97394692650026,10.428331892581582,-4.5610109623323805,14.989342854913962
2020-04-23,1265.74,1288.15,1260.5302,1271.62,4209755,0.0,1256.6039999999998,,56.03848051824641,13.190366076190912,-1.010735554627722,14.201101630818634
2020-04-24,1255.0,1277.71,1244.35,1276.61,3084978,0.0,1256.1179999999997,,56.561111922163356,15.602098088121693,2.3118311739221613,13.290266914199531
2020-04-27,1292.0,1294.1,1265.06,1270.86,5175778,0.0,1258.0459999999996,,55.73880780450859,16.855140569399737,5.220493053017677,11.63464751638206
2020-04-28,1283.2,1284.76,1230.38,1232.31,2771569,0.0,1262.4919999999995,,50.443833785576885,14.569573959923446,7.090309234398831,7.479264725524614
2020-04-29,1345.0,1360.15,1326.73,1341.221,4859923,0.0,1278.5241999999994,,61.55536571729933,21.300909819052322,9.93242935132953,11.368480467722792
2020-04-30,1331.36,1350.0,1321.5,1346.86,4360313,0.0,1293.5721999999994,,62.03007854649157,26.781837801913525,13.30231104144633,13.479526760467195
2020-05-01,1324.09,1351.43,1309.66,1317.3,2221247,0.0,1301.7101999999995,,57.987863961362834,28.412743340600628,16.32439750127719,12.088345839323438
2020-05-04,1308.13,1324.47,1296.01,1322.51,1330002,0.0,1312.0401999999997,,58.501163566898605,29.782338924009537,19.01598578582366,10.766353138185877
2020-05-05,1337.5,1371.01,1335.03,1349.65,1737295,0.0,1335.5081999999998,,61.163099123971136,32.68099826800221,21.74898828225937,10.932009985742845
2020-05-06,1358.0,1368.69,1345.13,1345.17,1314155,0.0,1336.298,,60.47352688460118,34.22221572249214,24.243633770305923,9.978581952186214
2020-05-07,1361.31,1375.9999,1352.5406,1369.84,2399511,0.0,1340.894,,62.95064522282437,37.00770272276213,26.79644756079717,10.211255161964964
2020-05-08,1381.82,1396.64,1372.01,1384.38,2903668,0.0,1354.31,,64.36800080988715,39.928210170577586,29.422800082753255,10.50541008782433
2020-05-11,1376.79,1415.53,1375.5,1402.76,1424730,0.0,1370.3600000000001,,66.13182675842519,43.22754551948606,32.183749170099816,11.043796349386241
2020-05-12,1408.22,1414.33,1374.51,1375.25,2853796,0.0,1375.48,,61.245114627315665,43.12534335102987,34.37206800628583,8.75327534474404
2020-05-13,1376.16,1385.33,1328.01,1348.4,3591966,0.0,1376.1259999999997,,56.831129105060235,40.41193318086039,35.580041041200744,4.831892139659644
2020-05-14,1333.52,1357.37,1323.3,1357.08,2840232,0.0,1373.5739999999998,,57.887770938750464,38.517928823253214,36.16761859761124,2.3503102256419766
2020-05-15,1348.26,1374.58,1339.0,1373.89,1540876,0.0,1371.4759999999997,,59.9331552757558,37.93604018041856,36.52130291417271,1.4147372662458508
2020-05-18,1361.58,1392.76,1354.2,1385.18,3848092,0.0,1367.9599999999996,,61.29293284816207,37.9484517544895,36.80673268223607,1.14171907225343
2020-05-19,1385.48,1392.49,1373.76,1374.3,2641672,0.0,1367.7699999999993,,59.20757940332555,36.65779470563348,36.77694508691555,-0.11915038128207556
2020-05-20,1389.16,1412.026,1387.4193,1409.18,1608447,0.0,1379.9259999999995,,63.495510647648096,38.01129365931433,37.02381480139531,0.9874788579190223
2020-05-21,1410.99,1416.46,1394.39,1407.92,1335891,0.0,1390.0939999999996,,63.236917044679664,38.538037356251834,37.326659312366615,1.2113780438852189
2020-05-22,1403.9,1417.0,1395.95,1413.23,2526540,0.0,1397.9619999999993,,63.90409449196788,38.935138117598626,37.64835507341302,1.2867830441856043
2020-05-26,1441.96,1445.11,1419.395,1421.38,1869160,0.0,1405.2019999999993,,64.95532801920658,39.452694120162505,38.00922288276292,1.443471237399585
2020-05-27,1420.0,1425.345,1394.6,1420.28,2686262,0.0,1414.3979999999995,,64.6815230913686,39.320834075218045,38.27154512125394,1.0492889539641013
2020-05-28,1400.0,1444.46,1399.076,1417.46,3012156,0.0,1416.0539999999994,,63.937437638738935,38.5444669850167,38.326129494006494,0.21833749101020317
2020-05-29,1420.43,1436.73,1415.98,1432.4,1357622,0.0,1420.9499999999994,,66.15858447021657,38.68874385753702,38.398652366712604,0.2900914908244161
2020-06-01,1425.7,1441.58,1422.28,1434.35,1032163,0.0,1425.1739999999995,,66.44904973842955,38.516439482929854,38.42220978995606,0.0942296929737978
2020-06-02,1435.0,1443.0,1421.61,1443.0,1928968,0.0,1429.4979999999994,,67.7705427209163,38.632537884785506,38.46427540892195,0.16826247586355692
2020-06-03,1442.7,1449.01,1431.62,1439.25,1090308,0.0,1433.2919999999997,,66.54680848107749,37.98409603000255,38.36823953313807,-0.38414350313552603
2020-06-04,1436.78,1441.32,1406.01,1414.82,2399796,0.0,1432.7639999999997,,59.06428663110273,35.094358439731195,37.713463314456696,-2.619104874725501
2020-06-05,1415.64,1446.3,1407.6213,1440.75,1699497,0.0,1434.434,,63.726326987837076,34.49887333692891,37.07054531895114,-2.571671982022231
2020-06-08,1426.28,1449.0,1424.48,1448.47,2317184,0.0,1437.2579999999998,,65.0042038612755,34.255016081605845,36.50743947148208,-2.2524233898762347
2020-06-09,1445.24,1467.8,1442.36,1452.07,2485515,0.0,1439.0719999999997,,65.61257281679707,33.960768760978226,35.99810532938131,-2.0373365684030844
2020-06-10,1461.51,1472.77,1454.355,1464.98,1357405,0.0,1444.2179999999996,,67.7759848653719,34.37307335295418,35.67309893409588,-1.3000255811417034
2020-06-11,1441.03,1451.6033,1398.41,1401.02,2005217,0.0,1441.4579999999999,,50.74323972989417,29.20216585831463,34.37891231893963,-5.176746460625004
2020-06-12,1425.86,1434.505,1407.49,1407.49,887410,0.0,1434.8059999999998,,52.05581806768638,25.33422219888712,32.56997429492913,-7.235752096042013
2020-06-15,1389.49,1425.0,1387.1952,1420.75,2269274,0.0,1429.2619999999997,,54.71899124914921,23.072850702767028,30.67054957649671,-7.5976988737296836
2020-06-16,1449.0,1457.17,1428.99,1446.64,2479769,0.0,1428.176,,59.454624220919854,23.103481573866247,29.15713597597062,-6.053654402104371
2020-06-17,1452.94,1462.2,1435.125,1452.7,1159372,0.0,1425.72,,60.49604859471005,23.347611383715048,27.995231057519504,-4.647619673804456
2020-06-18,1449.85,1452.9698,1426.235,1433.621,1510086,0.0,1432.2402000000002,,55.64967687080927,21.750840022386,26.746352850492805,-4.995512828106804
2020-06-19,1440.0,1444.5,1420.0,1426.98,3542029,0.0,1436.1382,,54.02724999745122,19.722169126502877,25.34151610569482,-5.619346979191942
2020-06-22,1425.01,1450.95,1419.19,1450.44,1186252,0.0,1442.0762000000002,,58.6171392317054,19.77945353426935,24.22910359140973,-4.449650057140378
2020-06-23,1452.0,1475.2,1445.0,1464.18,1598914,0.0,1445.5842000000002,,61.068707292964426,20.694995978710267,23.522282068869835,-2.8272860901595678
2020-06-24,1463.28,1475.79,1430.0,1432.17,1336574,0.0,1441.4782,,53.16655191180151,18.62295662915608,22.542416980927086,-3.919460351771008
2020-06-25,1431.22,1442.32,1419.54,1441.15,1063889,0.0,1442.9840000000002,,54.92854328889293,17.50368982675127,21.534671550091925,-4.0309817233406555
2020-06-26,1433.89,1437.02,1355.0,1362.14,3853374,0.0,1430.0160000000003,,40.49337064844256,10.124507120288627,19.252638664131265,-9.128131543842638
2020-06-29,1360.34,1398.0,1351.65,1398.0,2043748,0.0,1419.5280000000002,,47.26697039447391,7.088343950036915,16.819779721312393,-9.731435771275478
2020-06-30,1396.88,1424.0,1386.93,1417.92,1419202,0.0,1410.2760000000003,,50.62891521623303,6.2178646120898975,14.699396699467894,-8.481532087377996
2020-07-01,1419.17,1448.48,1414.18,1442.6,1932776,0.0,1412.3620000000003,,54.49940100222663,7.433781203589206,13.246273600292158,-5.812492396702952
2020-07-02,1451.84,1488.52,1451.065,1469.8,2517791,0.0,1418.092,,58.372687423982455,10.471507522244337,12.691320384682594,-2.219812862438257
2020-07-06,1488.15,1510.0,1476.976,1499.66,1960308,0.0,1445.596,,62.17897324277824,15.114153412675023,13.175886990281082,1.9382664223939408
2020-07-07,1496.13,1521.32,1489.7,1489.92,1856318,0.0,1463.9800000000002,,60.2439322441678,17.80233291756872,14.10117617573861,3.7011567418301095
2020-07-08,1500.8,1511.17,1492.3,1503.155,1296330,0.0,1481.0270000000005,,61.97557748617717,20.761364348268216,15.433213810244531,5.328150538023685
2020-07-09,1509.93,1529.1412,1495.59,1518.38,1863494,0.0,1496.1830000000004,,63.92233543751568,24.05762698658532,17.15809644551269,6.899530541072629
2020-07-10,1513.25,1541.34,1500.72,1538.81,1593035,0.0,1509.9850000000004,,66.40767185148064,27.995751538126342,19.32562746403542,8.670124074090921
2020-07-13,1549.94,1576.36,1506.56,1513.17,1937555,0.0,1512.6870000000004,,60.75131516115091,28.716780727645528,21.203858116757445,7.512922610888083
2020-07-14,1492.79,1522.8,1485.925,1522.12,1522864,0.0,1519.127,,61.96903009638637,29.668392990344046,22.896765091474766,6.77162789886928
2020-07-15,1523.23,1536.33,1497.83,1516.88,1282541,0.0,1521.8719999999998,,60.780050195042016,29.657851110802085,24.24898229534023,5.4088688154618545
2020-07-16,1501.5,1515.91,1488.27,1515.16,1062133,0.0,1521.228,,60.37059431803019,29.174402617020633,25.234066359676312,3.9403362573443204
2020-07-17,1516.91,1523.43,1498.1,1515.6,1309979,0.0,1516.586,,60.44400635354361,28.498260319989413,25.886905151738937,2.6113551682504763
2020-07-20,1515.0,1569.01,1502.6960000000001,1563.41,1286071,0.0,1526.634,,67.4910025050705,31.4576558386118,27.001055289113513,4.456600549498287
2020-07-21,1585.03,1587.05,1552.62,1555.99,1031309,0.0,1533.408,,65.53951923652951,32.825869924841754,28.16601821625916,4.659851708582593
2020-07-22,1555.71,1566.98,1543.23,1565.5,1027158,0.0,1543.132,,66.86205030260811,34.28238101889815,29.389290776786957,4.893090242111192
2020-07-23,1565.93,1570.35,1508.59,1518.0,1267786,0.0,1543.7,,55.42120112971566,31.243665995507627,29.760165820531093,1.483500174976534
2020-07-24,1493.85,1515.4272,1488.0,1508.81,1010118,0.0,1542.3419999999999,,53.51333807611083,27.77374777495379,29.36288221141563,-1.5891344364618405
2020-07-27,1513.26,1537.56,1512.33,1529.46,995385,0.0,1535.5519999999997,1352.2445350000003,57.08803247183002,26.38593437964869,28.76749264506224,-2.3815582654135525
