Date,Open,High,Low,Close,Volume,OpenInterest,5 day sma,200 day sma,rsi,macd,signal,histogram
2019-10-08,147.0,147.0,143.47,144.46,676955,0.0,,,,,,
2019-10-09,145.95,146.63,144.88,145.65,467019,0.0,,,,,,
2019-10-10,145.5,146.8,144.47,144.81,544434,0.0,,,,,,
2019-10-11,146.73,148.97,145.9,146.02,522106,0.0,,,,,,
2019-10-14,146.28,147.93,145.855,146.35,450249,0.0,145.45800000000003,,,,,
2019-10-15,147.21,148.69,146.23,146.57,767478,0.0,145.88000000000002,,,,,
2019-10-16,145.64,147.47,144.31,144.79,916873,0.0,145.70800000000003,,,,,
2019-10-17,145.65,146.075,142.99,143.36,969192,0.0,145.41800000000003,,,,,
2019-10-18,144.0,145.05,143.0,143.48,1327830,0.0,144.91000000000003,,,,,
2019-10-21,144.65,144.91,142.04,143.14,820840,0.0,144.26800000000003,,,,,
2019-10-22,143.51,145.42,142.78,142.86,948826,0.0,143.526,,,,,
2019-10-23,143.14,144.09,142.7,143.46,852310,0.0,143.26000000000005,,,,,
2019-10-24,143.7,146.7495,143.54,145.14,856753,0.0,143.61600000000004,,,,,
2019-10-25,144.87,148.57,143.95,147.46,870307,0.0,144.41200000000003,,,,,
2019-10-28,147.45,148.8,147.37,147.73,894624,0.0,145.33000000000004,,62.96590007930217,,,
2019-10-29,146.73,150.27,146.73,149.91,1977672,0.0,146.74000000000004,,68.77860632553364,,,
2019-10-30,147.89,147.89,139.02,145.81,3052115,0.0,147.21000000000004,,52.18808626874184,,,
2019-10-31,143.805,144.5,143.43,144.43,641038,0.0,147.06800000000004,,47.99190242309414,,,
2019-11-01,145.76,147.58,145.1,146.76,814292,0.0,146.92800000000005,,54.62559840789267,,,
2019-11-04,147.76,147.76,145.64,146.5,647175,0.0,146.68200000000004,,53.8009353633096,,,
2019-11-05,146.26,146.7,139.78,139.9,1462627,0.0,144.68000000000004,,38.083736502315595,,,
2019-11-06,139.68,140.54,136.28,138.05,2194106,0.0,143.12800000000007,,34.997463319892006,,,
2019-11-07,138.58,139.27,137.14,137.86,1475958,0.0,141.81400000000008,,34.686561957445875,,,
2019-11-08,137.38,138.99,136.87,137.57,1337288,0.0,139.97600000000006,,34.18735498784065,,,
2019-11-11,136.73,140.52,136.73,140.5,1589404,0.0,138.77600000000007,,43.097859486689295,,,
2019-11-12,139.9,143.39,139.9,142.95,1104180,0.0,139.38600000000008,,49.28147795123738,-1.9366942542604306,,
2019-11-13,142.28,144.06,142.175,143.55,769623,0.0,140.4860000000001,,50.694596029386766,-1.679302326473703,,
2019-11-14,143.75,145.91,142.94,145.68,644998,0.0,142.05000000000013,,55.44095690082076,-1.2885901058263016,,
2019-11-15,145.53,146.595,144.64,146.5,808080,0.0,143.8360000000001,,57.151071188058296,-0.9023786496971127,,
2019-11-18,146.24,146.24,141.7,142.12,1298671,0.0,144.1600000000001,,46.81570655404168,-0.9389095185452163,,
2019-11-19,142.32,143.75,142.0,142.86,640503,0.0,144.1420000000001,,48.50991684050054,-0.8977994070325224,,
2019-11-20,142.41,143.5445,141.78,142.33,1100374,0.0,143.89800000000008,,47.34659075603972,-0.8976385002116842,,
2019-11-21,142.51,144.36,141.81,143.46,877840,0.0,143.4540000000001,,50.09452530350925,-0.7971404848937595,,
2019-11-22,144.1,144.69,143.14,143.73,981589,0.0,142.9000000000001,,50.755834667791,-0.687780040016321,-1.1140259207730057,0.4262458807566847
2019-11-25,144.43,146.51,143.535,146.46,1167103,0.0,143.7680000000001,,56.96535773739045,-0.37648305283292416,-0.9665173471849895,0.5900342943520653
2019-11-26,146.06,148.37,145.71,147.98,993334,0.0,144.7920000000001,,59.99041198946029,-0.007045435491704666,-0.7746229648463326,0.767577529354628
2019-11-27,148.07,148.94,146.83,147.5,1467208,0.0,145.82600000000008,,58.58979534045911,0.24418968277268505,-0.5708604353225291,0.8150501180952141
2019-11-29,147.14,147.4,145.8,146.04,631349,0.0,146.34200000000007,,54.42732874078653,0.32177628901661137,-0.392333090454701,0.7141093794713124
2019-12-02,145.98,146.255,143.78,144.0,858921,0.0,146.39600000000007,,49.17081086214862,0.21616150713916227,-0.27063417093592834,0.4867956780750906
2019-12-03,143.74,144.77,142.69,143.41,1029723,0.0,145.78600000000006,,47.73491222964147,0.08388597709685541,-0.19973014132937159,0.283616118426227
2019-12-04,143.9,146.16,143.8,145.18,542066,0.0,145.22600000000006,,52.24079073594843,0.12049191820787541,-0.1356857294219222,0.2561776476297976
2019-12-05,145.29,145.88,143.32,145.38,643993,0.0,144.80200000000008,,52.73662206454282,0.16375307528110739,-0.07579796848131629,0.23955104376242367
2019-12-06,146.32,148.8999,145.965,148.47,780443,0.0,145.28800000000007,,59.69829236184242,0.44227673879683493,0.027816972974313958,0.414459765822521
2019-12-09,148.23,148.94,146.28,146.44,1168816,0.0,145.77600000000007,,54.06423813175858,0.4935157715935077,0.12095673269815271,0.37255903889535497
2019-12-10,146.7,146.98,145.02,146.08,1487917,0.0,146.3100000000001,,53.10703888639555,0.4993182528832847,0.19662903673517912,0.30268921614810557
2019-12-11,146.29,146.29,143.4306,143.81,908038,0.0,146.03600000000006,,47.40741058110346,0.31709149887518606,0.22072152916318052,0.09636996971200554
2019-12-12,143.47,146.04,143.05,145.28,917493,0.0,146.01600000000005,,51.06966724399871,0.2879726289386326,0.23417174911827096,0.05380087982036166
2019-12-13,145.26,146.78,144.42,144.83,641987,0.0,145.28800000000007,,49.9236003069666,0.22597952424263212,0.23253330414314322,-0.006553779900511092
2019-12-16,145.94,147.14,145.12,146.53,859660,0.0,145.30600000000004,,54.113052288517345,0.3104466983498355,0.24811598298448168,0.06233071536535384
2019-12-17,147.05,148.09,144.9,147.96,816208,0.0,145.68200000000004,,57.345702490427264,0.4871609037232645,0.29592496713223826,0.19123593659102622
2019-12-18,148.05,148.32,145.8,147.17,1024701,0.0,146.35400000000004,,55.0388764789767,0.5570405699990602,0.3481480877056027,0.20889248229345747
2019-12-19,147.09,149.81,146.48,149.64,1161773,0.0,147.22600000000006,,60.402260590859115,0.8024785926367883,0.43901418869183984,0.3634644039449485
2019-12-20,150.86,156.08,150.0,155.94,2241619,0.0,149.44800000000004,,70.17490100944718,1.4881923870949834,0.6488498283724686,0.8393425587225147
2019-12-23,156.0,156.43,153.24,154.91,1156988,0.0,151.12400000000002,,67.25255475899921,1.926307839880252,0.9043414306740254,1.0219664092062266
2019-12-24,155.03,155.12,154.04,154.72,310894,0.0,152.47600000000003,,66.70075479111465,2.2324517662518417,1.1699634977895887,1.062488268462253
2019-12-26,155.0,155.0,153.45,154.09,584940,0.0,153.86000000000004,,64.80215272423911,2.396610662796519,1.415292930790975,0.981317732005544
2019-12-27,154.65,155.18,154.25,154.47,667206,0.0,154.82600000000005,,65.44113729743546,2.52822677076972,1.6378796987867241,0.890347071982996
2019-12-30,154.47,154.5019,152.21,153.47,637987,0.0,154.33200000000005,,62.239013923107365,2.522761023218578,1.814855963673095,0.7079050595454832
2019-12-31,153.31,154.68,153.06,154.45,548046,0.0,154.24000000000007,,64.09328675381259,2.567905967180309,1.965465964374538,0.6024400028057708
2020-01-02,155.23,156.73,153.57,156.48,1063132,0.0,154.59200000000007,,67.6382883691918,2.7359493737921525,2.119562646258061,0.6163867275340915
2020-01-03,153.97,154.95,153.73,154.17,762644,0.0,154.60800000000006,,60.33811539524975,2.6521548989291546,2.2260810967922797,0.42607380213687485
2020-01-06,153.12,155.09,152.17,154.97,737263,0.0,154.70800000000006,,61.87286457230262,2.620097633450399,2.3048844041239036,0.31521322932649554
2020-01-07,155.78,157.9,155.38,156.78,934523,0.0,155.37000000000006,,65.15791105341692,2.7095103441613446,2.385809592131392,0.32370075202995263
2020-01-08,157.07,159.25,157.07,157.63,905984,0.0,156.00600000000003,,66.61274392156534,2.8164916947848724,2.4719460126620882,0.34454568212278414
2020-01-09,158.29,159.84,158.08,159.5,679515,0.0,156.61000000000004,,69.61832215997963,3.017386010005225,2.581034012130716,0.4363519978745094
2020-01-10,160.2,160.86,158.97,159.3,705854,0.0,157.63600000000002,,68.90388490896444,3.1244412597077087,2.6897154616461143,0.4347257980615944
2020-01-13,159.63,159.63,157.575,158.17,580887,0.0,158.276,,64.85428300539073,3.082567836999317,2.768285936716755,0.3142819002825621
2020-01-14,157.49,159.09,156.76,158.92,754332,0.0,158.704,,66.27117685342992,3.0744611059656677,2.829520970566538,0.24494013539912984
2020-01-15,158.86,160.59,158.29,159.36,820589,0.0,159.05,,67.10893552629068,3.068172799817205,2.8772513364166716,0.1909214634005334
2020-01-16,160.45,161.1,159.8,160.99,600493,0.0,159.348,,70.07432232306073,3.158309622067634,2.9334629935468644,0.22484662852076953
2020-01-17,161.45,161.69,159.39,161.5,667161,0.0,159.788,,70.95662531753,3.2336212677388403,2.9934946483852594,0.24012661935358093
2020-01-21,161.09,161.86,160.26,160.83,1205539,0.0,160.32000000000002,,68.11538301436724,3.202328440071142,3.035261406722436,0.16706703334870587
2020-01-22,161.07,162.14,160.44,160.58,830317,0.0,160.65200000000004,,67.03673911903186,3.121374476057156,3.0524840205893797,0.06889045546777606
2020-01-23,160.32,161.03,159.285,160.91,1189608,0.0,160.96200000000005,,67.76243348710665,3.048702572900254,3.051727731051555,-0.0030251581513009995
2020-01-24,161.62,162.14,157.78,158.12,1241634,0.0,160.38800000000003,,56.44769014721164,2.734458744809814,2.9882739338032067,-0.25381518899339284
2020-01-27,156.14,158.18,155.84,157.15,557947,0.0,159.51800000000003,,53.12631724066165,2.379715474997539,2.866562242042073,-0.486846767044534
2020-01-28,157.86,159.5691,156.74,158.69,639063,0.0,159.09000000000003,,57.410855719748625,2.1975124519252347,2.7327522840187055,-0.5352398320934708
2020-01-29,158.85,160.325,158.405,158.46,637930,0.0,158.66600000000003,,56.57904902147072,2.011370340379443,2.5884758952908533,-0.5771055549114101
2020-01-30,157.14,158.14,155.62,156.99,832744,0.0,157.88200000000003,,51.448376989645716,1.7253459471127144,2.4158499056552256,-0.6905039585425112
2020-01-31,156.63,157.19,154.45,155.2,862999,0.0,157.29800000000003,,45.9805681430596,1.3387986766375093,2.2004396598516824,-0.8616409832141732
2020-02-03,156.6,157.2181,154.94,155.28,1438069,0.0,156.92400000000004,,46.255482519754146,1.0270730524573537,1.9657663383728168,-0.9386932859154631
2020-02-04,157.12,157.59,155.62,157.04,3080789,0.0,156.594,,52.03841748559775,0.9115378990118472,1.754920650500623,-0.8433827514887757
2020-02-05,159.06,161.55,158.38,159.79,911334,0.0,156.85999999999999,,59.39101774005733,1.030004227235338,1.6099373658475662,-0.5799331386122282
2020-02-06,160.64,161.25,159.79,160.52,696016,0.0,157.56599999999997,,61.09598755909936,1.1693154048778354,1.5218129736536201,-0.35249756877578475
2020-02-07,160.31,160.61,156.98,156.99,783953,0.0,157.92399999999998,,50.13453496869332,0.9835413656532523,1.4141586520535465,-0.4306172864002942
2020-02-10,157.0,160.14,156.52,159.99,758113,0.0,158.86599999999999,,57.167800724184495,1.0660996954271127,1.3445468607282598,-0.2784471653011471
2020-02-11,160.99,163.515,160.21,161.95,1403466,0.0,159.848,,61.03463373217038,1.2749861396040671,1.3306347165034214,-0.05564857689935421
2020-02-12,164.85,169.14,160.0,166.11,1822535,0.0,161.11200000000002,,67.69981538275665,1.7559657053882347,1.415700914280384,0.3402647911078507
2020-02-13,164.8,166.03,162.64,165.79,1264072,0.0,162.166,,66.75390233262388,2.0872634768101364,1.5500134267863346,0.5372500500238018
2020-02-14,165.3,165.5,162.17,164.35,2397698,0.0,163.638,,62.52055634950431,2.2081689845987,1.6816445383488077,0.5265244462498924
2020-02-18,164.91,165.74,162.61,165.46,1171467,0.0,164.73200000000003,,64.3949625898754,2.3662782116740857,1.8185712730138632,0.5477069386602225
2020-02-19,166.28,166.28,164.125,164.38,838261,0.0,165.21800000000002,,61.18850227635718,2.377032982611496,1.93026361493339,0.44676936767810593
2020-02-20,163.5,164.3264,162.17,164.13,1358666,0.0,164.82200000000003,,60.43828503149515,2.3384273702962446,2.0118963660059612,0.32653100429028337
2020-02-21,163.48,163.91,161.575,163.46,857612,0.0,164.35600000000005,,58.37268437558775,2.228084769533041,2.0551340467113772,0.17295072282166357
2020-02-24,159.42,160.265,156.63,158.08,1085801,0.0,163.10200000000003,,45.05640439694958,1.68706894535066,1.981521026439234,-0.294452081088574
2020-02-25,158.93,159.1,149.5,150.07,1458573,0.0,160.02400000000003,,32.98974336498263,0.60499593272516,1.7062160076964192,-1.1012200749712593
2020-02-26,151.37,154.37,148.97,149.39,1251398,0.0,157.026,,32.20130963273489,-0.30392162340854156,1.3041884814754272,-1.6081101048839688
2020-02-27,147.19,148.74,142.63,142.68,1978113,0.0,152.73600000000005,,25.679464119923907,-1.547843678802053,0.7337820494199312,-2.281625728221984
2020-02-28,138.91,141.24,136.23,139.46,2543433,0.0,147.93600000000004,,23.24631297460148,-2.761653338397508,0.034694971856443324,-2.7963483102539515
2020-03-02,140.73,147.23,139.31,147.1,2059927,0.0,145.74000000000004,,38.20680708853639,-3.071713290064622,-0.5865866805277697,-2.4851266095368523
2020-03-03,147.44,150.25,139.53,141.26,1251163,0.0,143.978,,32.92401358787012,-3.7455014198315837,-1.2183696283885326,-2.5271317914430513
2020-03-04,144.86,148.445,144.5,147.96,981549,0.0,143.69200000000004,,42.71084187406379,-3.6962413913603314,-1.7139439809828922,-1.9822974103774391
2020-03-05,143.84,144.775,136.51,138.23,1899888,0.0,142.80200000000005,,34.7754202234066,-4.39170727912375,-2.249496640611064,-2.1422106385126862
2020-03-06,136.3,138.3,131.39,136.05,1746601,0.0,142.12000000000003,,33.28335663759316,-5.060443148122175,-2.8116859421132863,-2.248757206008889
2020-03-09,129.46,131.14,122.97,123.97,2476231,0.0,137.49400000000003,,26.498615874266918,-6.490359362885897,-3.5474206262678085,-2.9429387366180886
2020-03-10,128.18,131.14,122.77,130.83,1912455,0.0,135.40800000000004,,34.64603312636257,-6.989463413052533,-4.2358291836247535,-2.75363422942778
2020-03-11,126.63,128.24,123.26,125.41,1864287,0.0,130.89800000000002,,31.659996329562915,-7.733212017450285,-4.93530575038986,-2.7979062670604247
2020-03-12,116.72,117.36,110.35,113.01,2587472,0.0,125.85400000000001,,26.11460517787924,-9.216967054884975,-5.7916380112888834,-3.4253290435960917
2020-03-13,119.79,120.6,111.08,118.71,1961540,0.0,122.38600000000001,,32.00989162870685,-9.819715679030281,-6.597253544837163,-3.222462134193118
2020-03-16,99.16,106.25,94.2,102.36,4579794,0.0,118.06400000000001,,25.68031987467468,-11.48432254206115,-7.574667344281961,-3.9096551977791894
2020-03-17,104.09,110.54,101.05,107.67,3307390,0.0,113.43199999999999,,30.48774934477423,-12.234036494098888,-8.506541174245346,-3.727495319853542
2020-03-18,100.44,100.99,81.79,89.7601,4077616,0.0,106.30202,,24.687252748502004,-14.110709972258377,-9.627374933847952,-4.483335038410425
2020-03-19,88.83,104.83,82.0,90.45,3225305,0.0,101.79002,,25.27700788533477,-15.365197626403187,-10.774939472359,-4.590258154044188
2020-03-20,91.7935,99.73,89.5674,91.67,2650535,0.0,96.38202,,26.374969355224053,-16.075634419520597,-11.83507846179132,-4.240555957729278
2020-03-23,92.0,92.0,82.03,83.65,2445794,0.0,92.64002,,23.88985913220118,-17.088818409347397,-12.885826451302535,-4.202991958044862
2020-03-24,89.47,97.09,88.08,96.91,2471939,0.0,90.48801999999999,,34.824227888178584,-16.63010138246699,-13.634681437535427,-2.9954199449315624
2020-03-25,97.23,111.63,94.16,104.98,3414800,0.0,93.532,,40.433045063001664,-15.437430191806087,-13.99523118838956,-1.4421990034165262
2020-03-26,106.94,116.37,106.49,110.55,2611498,0.0,97.55199999999999,,44.01424820948723,-13.882745581552598,-13.972734067022168,0.08998848546957028
2020-03-27,105.72,108.45,100.89,107.06,2741014,0.0,100.62999999999998,,42.298310592910845,-12.784884470025759,-13.735164147622887,0.9502796775971287
2020-03-30,106.96,114.75,105.03,112.98,1450565,0.0,106.49599999999998,,46.134498544592894,-11.306789474156858,-13.249489212929683,1.9426997387728253
2020-03-31,111.8,113.61,105.21,107.97,2506733,0.0,108.708,,43.4988366774801,-10.419543657175169,-12.683500101778781,2.263956444603613
2020-04-01,102.02,104.21,98.01,100.04,1839293,0.0,107.71999999999998,,39.638693891011435,-10.238259399914014,-12.194451961405829,1.9561925614918145
2020-04-02,100.46,105.4,99.07,104.74,1207578,0.0,106.55799999999999,,42.874377343169016,-9.604623478698997,-11.676486264864463,2.0718627861654664
2020-04-03,104.55,108.625,101.0,102.7,2347230,0.0,105.686,,41.82634588990678,-9.161465723004056,-11.173482156492382,2.0120164334883253
2020-04-06,109.57,119.09,108.3,117.2,1750237,0.0,106.53000000000002,,50.99560136191518,-7.553163028678895,-10.449418330929685,2.8962553022507898
2020-04-07,124.22,124.99,116.91,119.47,1861609,0.0,108.83000000000001,,52.26411529846666,-6.025938262142915,-9.56472231717233,3.5387840550294154
2020-04-08,120.74,129.5,117.57,127.82,1480172,0.0,114.38600000000001,,56.703829051388844,-4.094626114433609,-8.470703076624588,4.376076962190979
2020-04-09,128.3,132.18,127.7,128.53,1266567,0.0,119.144,,57.06945161300655,-2.478189233870083,-7.272200308073687,4.794011074203604
2020-04-13,127.4,127.68,121.3404,124.79,1030581,0.0,123.56199999999998,,54.46051700314948,-1.4818561880283454,-6.114131484064619,4.632275296036274
2020-04-14,127.22,128.99,125.46,126.49,1281458,0.0,125.41999999999999,,55.45729419638306,-0.5487535887161243,-5.001055904994921,4.4523023162787965
2020-04-15,123.39,124.54,121.22,124.02,844370,0.0,126.32999999999997,,53.62085543749786,-0.008473733543112871,-4.002539470704559,3.9940657371614465
2020-04-16,124.78,125.79,122.16,124.46,725521,0.0,125.65799999999999,,53.913628219522465,0.4500187311484751,-3.1120278303339526,3.5620465614824277
2020-04-17,128.03,131.76,127.72,131.53,1320457,0.0,126.258,,58.45208892482864,1.368096659540484,-2.2160029323590655,3.5840995918995495
2020-04-20,128.72,131.25,127.41,127.51,842377,0.0,126.80199999999999,,55.127805184053365,1.7511138779725286,-1.4225795702927468,3.1736934482652757
2020-04-21,124.26,125.68,121.355,121.91,996193,0.0,125.886,,50.79411275686914,1.5845192328355182,-0.8211598096670938,2.405679042502612
2020-04-22,124.97,126.47,122.22,125.99,503751,0.0,126.28,,53.65280657680978,1.761409248949434,-0.30464599794378827,2.0660552468932223
2020-04-23,126.77,131.74,126.01,127.66,748714,0.0,126.91999999999999,,54.8100726211317,2.0131446262586365,0.1589121268966967,1.85423249936194
2020-04-24,128.06,129.63,126.35,128.99,576463,0.0,126.41199999999999,,55.757549876530575,2.293528245218738,0.5858353505611049,1.707692894657633
2020-04-27,130.0,132.49,129.9,131.55,1157856,0.0,127.21999999999998,,57.60028573695479,2.691281470954223,1.0069245746397286,1.6843568963144946
2020-04-28,138.5,147.41,130.46,135.88,2116101,0.0,130.01399999999998,,60.59021297648563,3.3176547222175827,1.4690706041552994,1.8485841180622833
2020-04-29,139.72,143.45,138.1705,143.1,1288239,0.0,133.43599999999998,,65.01971602923714,4.346549380931421,2.044566359510524,2.301983021420897
2020-04-30,141.39,143.66,140.17,142.58,1610618,0.0,136.42000000000002,,64.45779255464512,5.061648622021394,2.6479828120126983,2.413665810008696
2020-05-01,139.05,140.78,135.32,136.57,1060690,0.0,137.936,,58.19753099356816,5.084798755387922,3.1353460006877434,1.9494527547001788
2020-05-04,135.1,135.77,131.4,134.1,958788,0.0,138.446,,55.79897195539553,4.847952862664982,3.4778673730831917,1.3700854895817907
2020-05-05,135.97,137.205,134.77,135.46,752203,0.0,138.36200000000002,,56.85340502690114,4.715632543720602,3.7254204072106742,0.9902121365099279
2020-05-06,135.99,137.36,133.86,133.99,643029,0.0,136.54000000000002,,55.31733502656285,4.440958418693327,3.868528009507205,0.5724304091861221
2020-05-07,136.67,137.47,135.2475,135.45,802294,0.0,135.114,,56.57232796154022,4.291615917105645,3.9531455910268933,0.3384703260787516
2020-05-08,138.06,139.35,136.85,137.62,594753,0.0,135.324,,58.44069439964615,4.298807792874783,4.022278031396471,0.27652976147831154
2020-05-11,136.54,139.05,135.34,138.65,722721,0.0,136.234,,59.33498490524589,4.337618432946044,4.085346111706386,0.2522723212396585
2020-05-12,139.0,139.3986,134.7,134.79,632054,0.0,136.1,,54.59378460913619,4.010673852569425,4.070411659878994,-0.05973780730956868
2020-05-13,135.02,136.55,131.42,132.47,1104807,0.0,135.796,,51.9090232575956,3.5237437813049155,3.9610780841641784,-0.4373343028592629
2020-05-14,130.59,132.97,128.52,132.44,1068824,0.0,135.19400000000002,,51.873498920612185,3.0996960755414875,3.78880168243964,-0.6891056068981527
2020-05-15,131.87,134.35,130.715,134.2,736687,0.0,134.51000000000002,,53.8681198668393,2.872539655635194,3.605549277078751,-0.7330096214435571
2020-05-18,138.6,140.85,138.0,138.56,678805,0.0,134.49200000000002,,58.4610525439715,3.0096388747327296,3.486367196609547,-0.47672832187681724
2020-05-19,138.1,141.8,137.73,140.53,1462695,0.0,135.64000000000004,,60.38044143698763,3.2399059110657333,3.4370749395007847,-0.19716902843505135
2020-05-20,142.2,145.73,141.635,145.37,1041381,0.0,138.22000000000003,,64.69651543592636,3.769489419177745,3.503557835436177,0.2659315837415681
2020-05-21,145.2,146.38,142.45,143.2,988899,0.0,140.372,,61.46358617928648,3.968342715628154,3.596514811474573,0.371827904153581
2020-05-22,143.44,144.02,141.76,142.85,574840,0.0,142.10200000000003,,60.93468700396207,4.050995951130574,3.6874110394057733,0.36358491172480045
2020-05-26,146.62,147.42,143.06,143.49,1265632,0.0,143.08800000000005,,61.5856334832305,4.120641694602483,3.7740571704451154,0.34658452415736773
2020-05-27,145.7,147.17,141.87,146.77,905889,0.0,144.33600000000007,,64.82094904230887,4.389900989976752,3.8972259343514426,0.49267505562530944
2020-05-28,147.99,149.28,145.71,146.23,725923,0.0,144.50800000000007,,63.86726202936471,4.507754842592192,4.019331715999592,0.48842312659259957
2020-05-29,146.69,150.345,146.16,149.52,1195765,0.0,145.77200000000008,,67.04820833307961,4.8111701989992355,4.177699412599521,0.6334707863997142
2020-06-01,149.1,150.01,147.01,149.41,704559,0.0,147.08400000000006,,66.83634800104312,4.985285703887939,4.339216670857205,0.6460690330307344
2020-06-02,149.85,151.75,148.39,151.53,919820,0.0,148.69200000000006,,68.87745351050154,5.234005421918823,4.518174421069529,0.7158310008492945
2020-06-03,151.83,154.63,151.19,153.05,883135,0.0,149.94800000000004,,70.28936493105185,5.490478073687541,4.7126351515931315,0.7778429220944094
2020-06-04,151.22,152.74,150.2,151.24,818416,0.0,150.95000000000005,,66.42495435735162,5.484461170387391,4.867000355351983,0.6174608150354075
2020-06-05,154.63,156.225,148.8,149.57,1554903,0.0,150.96000000000004,,62.98424378938475,5.284026717142126,4.950405627710012,0.3336210894321141
2020-06-08,148.62,151.38,148.43,150.0,1233777,0.0,151.07800000000003,,63.508383002704754,5.101076342466854,4.98053977066138,0.12053657180547361
2020-06-09,148.64,149.56,146.6,146.78,681850,0.0,150.12800000000004,,56.99954429857615,4.642741133334198,4.912980043195944,-0.2702389098617459
2020-06-10,147.27,148.8,144.66,147.16,1065365,0.0,148.95000000000005,,57.552432937124,4.261051255713653,4.782594285699486,-0.5215430299858328
2020-06-11,143.57,143.84,138.22,138.57,1381576,0.0,146.41600000000003,,43.832425147581674,3.228205325888837,4.471716493737357,-1.2435111678485198
2020-06-12,142.59,143.59,138.82,138.9,225730,0.0,144.282,,44.38097925102274,2.408531673451847,4.059079529680255,-1.6505478562284077
2020-06-15,135.21,140.26,135.19,139.6,1072855,0.0,142.20200000000003,,45.59476837711903,1.794730017856466,3.606209627315497,-1.811479609459031
2020-06-16,143.64,144.46,139.57,141.18,1136948,0.0,141.08200000000002,,48.33543620387586,1.4194184071437803,3.168851383281154,-1.7494329761373737
2020-06-17,141.5,141.5,138.04,138.92,1023432,0.0,139.43400000000003,,44.854784642553156,0.9289102402646563,2.7208631546778546,-1.7919529144131983
2020-06-18,138.02,139.25,136.895,138.11,834374,0.0,139.342,,43.6417904273642,0.4694077136184944,2.2705720664659825,-1.801164352847488
2020-06-19,141.17,141.31,136.06,136.17,1350074,0.0,138.796,,40.79620815075042,-0.05070859886632206,1.8063159333995216,-1.8570245322658436
2020-06-22,135.83,137.9136,133.9305,137.51,937312,0.0,138.378,,43.534859535292455,-0.35073467162376915,1.3749058123948634,-1.7256404840186326
2020-06-23,139.19,142.02,136.85,140.13,1071752,0.0,138.16799999999998,,48.54653596860845,-0.3727980087229241,1.025365048171306,-1.39816305689423
2020-06-24,139.1,139.78,134.38,136.53,1345873,0.0,137.69,,42.91074864840517,-0.6730151758664533,0.6856890033637542,-1.3587041792302075
2020-06-25,136.03,137.97,133.18,137.7,800982,0.0,137.60799999999998,,45.13980841710531,-0.8072250341598988,0.38710619585902356,-1.1943312300189224
2020-06-26,136.88,139.06,135.47,135.79,932753,0.0,137.53199999999998,,42.24028641323071,-1.0555407347127925,0.09857680974466032,-1.1541175444574527
2020-06-29,136.94,137.71,135.63,137.52,409030,0.0,137.53399999999996,,45.64590779160661,-1.100055420505356,-0.14114963630534297,-0.9589057842000132
2020-06-30,137.0,142.56,137.0,141.86,620882,0.0,137.87999999999997,,53.114491792434066,-0.7761845285136815,-0.2681566147470107,-0.5080279137666708
2020-07-01,141.98,142.675,139.4,141.47,1276337,0.0,138.868,,52.41747747148071,-0.5447052310443041,-0.3234663380064694,-0.22123889303783473
2020-07-02,143.22,144.0,140.87,141.51,648184,0.0,139.62999999999997,,52.48634700796819,-0.3539484568897251,-0.3295627617831206,-0.024385695106604488
2020-07-06,143.3,144.03,141.72,143.63,943163,0.0,141.19799999999998,,56.11199850079556,-0.03134473404054461,-0.2699191562346054,0.23857442219406078
2020-07-07,142.56,144.44,141.74,141.94,645994,0.0,142.08199999999997,,52.662137147765506,0.08694986060245924,-0.19854535286719247,0.2854952134696517
2020-07-08,142.56,144.42,142.31,144.26,571652,0.0,142.56199999999995,,56.60633090276765,0.36371115429025735,-0.08609405143570252,0.4498052057259599
2020-07-09,143.97,145.95,142.72,145.06,657601,0.0,143.27999999999997,,57.908684106592126,0.6402197330565969,0.05916870546275736,0.5810510275938395
2020-07-10,145.03,145.31,141.385,142.72,568415,0.0,143.522,,52.90689645551987,0.6628948904028107,0.17991394245076806,0.4829809479520426
2020-07-13,144.22,146.35,141.15,141.28,692140,0.0,143.05199999999996,,50.04238307750247,0.5582341744728581,0.25557798885518607,0.302656185617672
2020-07-14,141.8,147.99,140.6,147.78,1204889,0.0,144.21999999999997,,60.45131492425453,0.988391913565124,0.4021407737971737,0.5862511397679503
2020-07-15,150.0,152.8854,149.26,152.37,790992,0.0,145.84199999999998,,65.86064814642123,1.6803002058616983,0.6577726602100786,1.0225275456516196
2020-07-16,151.85,151.85,148.16,149.69,874630,0.0,146.76799999999997,,60.64494256910762,1.9894557031782654,0.924109268803716,1.0653464343745493
2020-07-17,150.94,155.07,149.91,154.06,905739,0.0,149.03599999999997,,65.44968785285005,2.557603677392933,1.2508081505215596,1.3067955268713736
2020-07-20,153.62,155.57,153.03,155.19,837296,0.0,151.81799999999998,,66.5857022787722,3.0637298261093235,1.6133924856391124,1.4503373404702111
2020-07-21,156.19,159.24,155.92,157.0,1175723,0.0,153.66199999999998,,68.37915587834803,3.569740571387314,2.004662102788753,1.565078468598561
2020-07-22,160.06,166.16,160.0,164.25,1802824,0.0,156.03799999999998,,74.3238757096241,4.503854510606402,2.5045005843522827,1.9993539262541193
2020-07-23,164.7,164.99,160.55,161.69,1330192,0.0,158.43799999999996,141.94235049999997,69.36498143825028,4.980167659446323,2.999633999371091,1.9805336600752321
