Date,Open,High,Low,Close,Volume,OpenInterest,5 day sma,200 day sma,rsi,macd,signal,histogram
2019-10-10,53.55,53.88,53.36,53.68,6746915,0.0,,,,,,
2019-10-11,53.65,53.7,53.195,53.29,7509785,0.0,,,,,,
2019-10-14,53.49,53.68,53.22,53.3,5910276,0.0,,,,,,
2019-10-15,53.43,53.68,53.27,53.51,6593375,0.0,,,,,,
2019-10-16,53.46,53.57,53.1341,53.49,7607532,0.0,53.45399999999999,,,,,
2019-10-17,53.69,54.12,53.58,53.81,9847221,0.0,53.48,,,,,
2019-10-18,55.0,55.39,54.45,54.78,16485212,0.0,53.777999999999984,,,,,
2019-10-21,54.45,54.56,53.68,54.24,10008681,0.0,53.96599999999999,,,,,
2019-10-22,54.23,54.42,53.74,53.87,7500372,0.0,54.03799999999999,,,,,
2019-10-23,54.06,54.66,54.01,54.65,7062294,0.0,54.26999999999998,,,,,
2019-10-24,54.57,54.817,54.485,54.62,5401347,0.0,54.43199999999998,,,,,
2019-10-25,54.55,54.56,53.67,53.73,7674501,0.0,54.22199999999998,,,,,
2019-10-28,53.74,53.95,53.37,53.56,7202344,0.0,54.08599999999998,,,,,
2019-10-29,53.39,53.66,53.26,53.41,6817797,0.0,53.993999999999986,,,,,
2019-10-30,53.52,54.05,53.16,53.94,6584984,0.0,53.85199999999999,,52.4163568773234,,,
2019-10-31,53.97,54.47,53.85,54.43,5840791,0.0,53.813999999999986,,56.666666666666664,,,
2019-11-01,54.63,54.74,53.85,53.9,7909515,0.0,53.84799999999998,,51.32634176434299,,,
2019-11-04,53.96,54.0,52.97,53.14,13238344,0.0,53.763999999999974,,44.80562994514801,,,
2019-11-05,52.89,52.89,52.12,52.42,15880191,0.0,53.56599999999999,,39.66448232930203,,,
2019-11-06,52.53,52.8,52.41,52.79,10297397,0.0,53.33599999999999,,43.26708600738264,,,
2019-11-07,52.88,53.0,51.96,52.3,10018569,0.0,52.90999999999999,,39.87171381460591,,,
2019-11-08,52.46,52.6,52.09,52.2,5792427,0.0,52.56999999999999,,39.19569816689279,,,
2019-11-11,52.33,52.37,51.775,51.84,6577735,0.0,52.30999999999999,,36.77818252280303,,,
2019-11-12,51.91,51.91,51.5831,51.71,9632046,0.0,52.167999999999985,,35.91668764193918,,,
2019-11-13,52.18,52.45,51.9612,52.39,9708851,0.0,52.08799999999998,,43.38684939533732,,,
2019-11-14,52.53,52.67,52.35,52.64,6904146,0.0,52.15599999999997,,45.88444955700397,-0.6977979617596759,,
2019-11-15,52.64,52.68,52.375,52.67,7475408,0.0,52.24999999999998,,46.19122783179874,-0.6463462481600146,,
2019-11-18,52.68,53.44,52.67,53.01,7873734,0.0,52.483999999999966,,49.67334163630466,-0.5715468002040325,,
2019-11-19,53.15,53.31,52.87,53.08,5301564,0.0,52.75799999999997,,50.3852183217106,-0.5008458446806401,,
2019-11-20,53.1,53.4,53.01,53.21,8190428,0.0,52.92199999999997,,51.75021640170575,-0.4293753428354705,,
2019-11-21,53.11,53.34,52.775,52.96,5270845,0.0,52.98599999999997,,48.96057241548027,-0.38842978904981607,,
2019-11-22,52.975,53.1878,52.75,53.03,5302403,0.0,53.05799999999996,,49.776933978984175,-0.34633934333114524,,
2019-11-25,53.28,53.39,52.77,53.2,6789559,0.0,53.09599999999996,,51.793524398594236,-0.29585435773012136,,
2019-11-26,53.31,53.94,53.22,53.88,8273916,0.0,53.25599999999996,,58.90204692817164,-0.19868402020533438,-0.45280218977291675,0.2541181695675824
2019-11-27,53.93,54.1,53.6,53.97,7597220,0.0,53.40799999999996,,59.748063789848935,-0.11310972134454289,-0.38486369608724197,0.2717539747426991
2019-11-29,53.7,53.725,53.22,53.43,5536699,0.0,53.50199999999997,,52.73377528416408,-0.0878522539026747,-0.32546140765032855,0.23760915374765385
2019-12-02,53.4001,53.75,52.85,53.74,8793842,0.0,53.64399999999996,,55.9321838179958,-0.04233312979405213,-0.2688357520790733,0.22650262228502116
2019-12-03,53.71,53.84,53.4,53.8,10715113,0.0,53.76399999999997,,56.545092940581206,-0.0014012447540352468,-0.2153488506140657,0.21394760586003045
2019-12-04,53.8,54.31,53.72,54.28,8850603,0.0,53.84399999999996,,61.194929649093645,0.06897446283861797,-0.15848418792352897,0.22745865076214694
2019-12-05,54.21,54.29,53.83,54.2,7379369,0.0,53.889999999999965,,60.04177948672942,0.11694432533612797,-0.10339848527159759,0.22034281060772556
2019-12-06,54.31,54.5,54.17,54.43,5752649,0.0,54.08999999999996,,62.24456607227374,0.1715424304229316,-0.04841030213269175,0.21995273255562336
2019-12-09,54.3,54.51,54.02,54.07,8608225,0.0,54.15599999999996,,56.952353195132616,0.18364587537217147,-0.0019990666317191083,0.1856449420038906
2019-12-10,54.04,54.07,53.73,53.77,6722879,0.0,54.149999999999956,,52.914815542944005,0.16710417696632618,0.031821582087889946,0.13528259487843625
2019-12-11,53.94,54.15,53.66,53.94,7148583,0.0,54.08199999999995,,54.86739046441113,0.16580108930401138,0.058617483531114234,0.10718360577289715
2019-12-12,54.01,54.45,53.94,54.13,9068423,0.0,54.06799999999995,,57.012996426666945,0.17804737573036533,0.08250346197096445,0.09554391375940088
2019-12-13,53.94,54.55,53.84,54.43,7467133,0.0,54.06799999999995,,60.22805363216278,0.20954463859168015,0.1079116972951076,0.10163294129657255
2019-12-16,54.69,54.83,54.37,54.42,6824554,0.0,54.137999999999955,,60.066785205544804,0.23103628740221183,0.13253661531652844,0.09849967208568339
2019-12-17,54.4,54.58,54.29,54.41,5680259,0.0,54.26599999999996,,59.894074577756484,0.24444386083038694,0.15491806441930014,0.0895257964110868
2019-12-18,54.53,54.75,53.885,53.92,9142430,0.0,54.261999999999965,,52.003667494014984,0.21307436581450645,0.1665493246983414,0.04652504111616504
2019-12-19,54.04,54.34,53.92,54.31,8578726,0.0,54.297999999999966,,56.8734894289103,0.21718003933978736,0.1766754676266306,0.040504571713156745
2019-12-20,54.94,55.2,54.47,54.97,16922668,0.0,54.40599999999996,,63.60366892225474,0.2705713215679708,0.19545463841489866,0.07511668315307216
2019-12-23,55.0,55.24,54.84,54.92,5273039,0.0,54.50599999999996,,62.804054241660666,0.30533006038985633,0.2174297228098902,0.08790033757996613
2019-12-24,54.8,55.0,54.64,54.71,2807036,0.0,54.56599999999996,,59.42495147254639,0.31233100892107046,0.23640998003212627,0.0759210288889442
2019-12-26,54.92,55.01,54.79,55.01,3236543,0.0,54.783999999999956,,62.52680368376066,0.33818837875126917,0.2567656597759549,0.08142271897531428
2019-12-27,55.01,55.445,55.0,55.35,5039620,0.0,54.99199999999996,,65.72484336259728,0.3817155103418628,0.2817556298891365,0.0999598804527263
2019-12-30,55.18,55.385,55.06,55.28,4933207,0.0,55.05399999999995,,64.50429346522252,0.40588388397733155,0.3065812807067755,0.09930260327055607
2019-12-31,55.2,55.38,54.98,55.33,5246559,0.0,55.135999999999946,,65.00421105198065,0.4241823660680524,0.33010149777903086,0.09408086828902151
2020-01-02,55.32,55.43,54.76,54.99,7894479,0.0,55.19199999999995,,58.92666765952431,0.4065622894602896,0.3453936561152826,0.061168633345006995
2020-01-03,54.32,54.99,54.09,54.68,6983904,0.0,55.125999999999955,,53.971916201073306,0.36339485292189266,0.34899389547660464,0.01440095744528802
2020-01-06,54.65,54.905,54.52,54.66,7466334,0.0,54.98799999999994,,53.65844255143079,0.32383751827874363,0.3439626200370325,-0.020125101758288855
2020-01-07,54.45,54.6,54.15,54.25,6700823,0.0,54.78199999999995,,47.56006651002628,0.25644829577167627,0.32645975518396125,-0.07001145941228498
2020-01-08,54.27,54.64,54.15,54.36,5927210,0.0,54.58799999999995,,49.22731294566203,0.20950291294395385,0.30306838673595976,-0.09356547379200592
2020-01-09,55.0,55.395,54.839,55.33,10684745,0.0,54.65599999999995,,61.00188253909996,0.24771376214794572,0.29199746181835695,-0.044283699670411236
2020-01-10,55.48,55.93,55.45,55.5289,9138509,0.0,54.82577999999995,,62.90171980359516,0.29069475497559694,0.291736920449805,-0.0010421654742080455
2020-01-13,55.55,56.23,55.54,56.13,9321811,0.0,55.11977999999995,,67.97872903163505,0.36900755841634236,0.3071910480431125,0.06181651037322988
2020-01-14,56.24,56.292,55.83,55.99,9977494,0.0,55.46777999999995,,65.72274580565936,0.4149904379392453,0.3287509260223391,0.08623951191690621
2020-01-15,56.0,56.98,56.0,56.71,13627400,0.0,55.93777999999994,,71.0447921968962,0.5037235721758293,0.36374545525303714,0.13997811692279216
2020-01-16,56.85,56.95,56.605,56.84,6612122,0.0,56.23977999999994,,71.89334208003137,0.5778737648435168,0.40657111717113315,0.17130264767238368
2020-01-17,56.87,57.15,56.8,56.92,10509918,0.0,56.51799999999994,,72.42881491507308,0.6357649555108793,0.4524098848390824,0.1833550706717969
2020-01-21,56.85,57.245,56.5745,57.17,15538736,0.0,56.72599999999994,,74.0900443234689,0.69381913674016,0.500691735219298,0.19312740152086205
2020-01-22,57.25,57.64,57.1799,57.61,16742497,0.0,57.04999999999994,,76.74571665103805,0.7664961261734717,0.5538526134101327,0.21264351276333904
2020-01-23,57.38,57.845,57.24,57.83,17130724,0.0,57.273999999999944,,77.96199979652923,0.8322516463713754,0.6095324200023813,0.2227192263689941
2020-01-24,57.85,57.87,57.46,57.68,13109562,0.0,57.441999999999936,,75.07862370493233,0.8623193428640761,0.6600898045747203,0.20222953828935575
2020-01-27,57.21,57.85,57.13,57.44,10779467,0.0,57.545999999999935,,70.58073052188584,0.8569043547274333,0.699452714605263,0.15745164012217028
2020-01-28,57.45,57.75,56.97,57.02,10637758,0.0,57.51599999999993,,63.42023001875086,0.8093922773585192,0.7214406271559143,0.08795165020260487
2020-01-29,57.0,57.2571,56.66,57.04,8979535,0.0,57.40199999999993,,63.60955589471238,0.7645393132961757,0.7300603643839666,0.03447894891220915
2020-01-30,57.93,58.98,57.76,58.88,16380247,0.0,57.61199999999993,,75.94485142793974,0.8674660301898172,0.7575414975451368,0.10992453264468038
2020-01-31,58.97,59.075,58.145,58.4,12679677,0.0,57.75599999999993,,69.34151218642538,0.8999303692923633,0.7860192718945821,0.11391109739778116
2020-02-03,58.75,58.97,58.52,58.56,9477131,0.0,57.979999999999926,,70.26947646395473,0.9278733088252125,0.8143900792807082,0.1134832295445043
2020-02-04,58.75,59.45,58.62,58.835,10726275,0.0,58.342999999999925,,71.84674808374936,0.9611291924042291,0.8437379019054124,0.11739129049881669
2020-02-05,58.9,59.08,58.535,58.84,8788800,0.0,58.70299999999992,,71.8759629288305,0.9766301930156516,0.8703163601274604,0.10631383288819118
2020-02-06,58.98,59.34,58.84,59.0,7621828,0.0,58.72699999999992,,72.8469820664542,0.9904086955685898,0.8943348272156864,0.09607386835290344
2020-02-07,58.88,59.315,58.85,59.18,5934093,0.0,58.882999999999925,,73.93718815288624,1.004276084228941,0.9163230786183374,0.08795300561060371
2020-02-10,59.32,59.84,59.285,59.76,6331637,0.0,59.12299999999992,,77.12434995440353,1.0499639119915614,0.9430512452929822,0.10691266669857913
2020-02-11,59.72,59.8,59.32,59.6,6273336,0.0,59.27599999999993,,74.42068315641488,1.061030285173203,0.9666470532690264,0.09438323190417652
2020-02-12,59.48,59.765,59.315,59.4,6959537,0.0,59.38799999999992,,71.06698303532656,1.04165459139616,0.9816485608944532,0.06000603050170672
2020-02-13,59.38,59.84,59.21,59.62,5530811,0.0,59.51199999999992,,72.53325694673225,1.0321533544894024,0.991749519613443,0.04040383487595933
2020-02-14,59.63,60.07,59.62,59.935,6774156,0.0,59.66299999999992,,74.52404240370187,1.0380751391979075,1.001014643530336,0.037060495667571525
2020-02-18,59.81,59.93,59.45,59.53,5882010,0.0,59.61699999999992,,67.72716631210517,0.9985771056880708,1.000527135961883,-0.0019500302738122421
2020-02-19,59.51,60.0,59.47,59.78,4637984,0.0,59.652999999999906,,69.57199521125496,0.9761945768049998,0.9956606241305064,-0.019466047325506608
2020-02-20,59.68,59.86,59.11,59.685,5981028,0.0,59.70999999999991,,67.98169447990159,0.9399553353518328,0.9845195663747718,-0.04456423102293894
2020-02-21,59.51,60.13,59.43,60.13,8219301,0.0,59.81199999999991,,71.29200511653065,0.9363496010468992,0.9748855733091973,-0.0385359722622981
2020-02-24,59.11,59.8,58.57,58.64,11147801,0.0,59.552999999999905,,51.93164518379917,0.803993545952757,0.9407071678379093,-0.13671362188515235
2020-02-25,58.7,59.2,57.62,57.83,11991332,0.0,59.212999999999894,,44.80786822069779,0.6265180777627393,0.8778693498228753,-0.2513512720601361
2020-02-26,57.98,58.47,57.475,57.59,11229221,0.0,58.774999999999906,,42.92881931772497,0.46118523997553496,0.7945325278534073,-0.3333472878778724
2020-02-27,57.15,57.89,54.88,54.88,18670604,0.0,57.81399999999991,,28.430646581928258,0.11021295692315647,0.6576686136673572,-0.5474556567442007
2020-02-28,53.83,53.89,51.58,53.63,31547681,0.0,56.51399999999991,,24.34629909170266,-0.26573641534777437,0.4729876078643309,-0.7387240232121053
2020-03-02,53.93,55.96,53.7,55.94,19406224,0.0,55.97399999999991,,41.166985043775945,-0.3729818048438318,0.3037937253226984,-0.6767755301665301
2020-03-03,56.76,57.49,55.64,56.06,22638803,0.0,55.61999999999991,,41.889788022283575,-0.4431828159322606,0.1543984170717066,-0.5975812330039671
2020-03-04,56.41,59.0,56.41,58.92,12828384,0.0,55.885999999999925,,55.82088489023323,-0.2649849435265281,0.07052174495205965,-0.3355066884785878
2020-03-05,57.8,58.17,56.19,56.72,20030645,0.0,56.25399999999993,,46.571827689071405,-0.2978500298921034,-0.003152610016772965,-0.29469741987533044
2020-03-06,54.94,55.91,53.98,55.26,35878694,0.0,56.57999999999993,,41.640828118240854,-0.436671963313664,-0.08985648067615117,-0.34681548263751283
2020-03-09,52.05,53.58,51.475,51.84,46953672,0.0,55.759999999999934,,32.86316348605335,-0.8132797805150034,-0.23454114064392162,-0.5787386398710818
2020-03-10,53.22,53.795,51.17,53.67,46602804,0.0,55.28199999999994,,40.13497272743536,-0.9530918335301379,-0.3782512792211649,-0.574840554308973
2020-03-11,52.35,52.65,51.14,52.21,37804240,0.0,53.93999999999993,,36.71795998837367,-1.1682369823764063,-0.5362484198522133,-0.631988562524193
2020-03-12,48.54,49.93,46.69,47.155,52344178,0.0,52.02699999999993,,27.870457228136274,-1.7267326177132176,-0.7743452594244142,-0.9523873582888034
2020-03-13,49.51,49.56,46.605,48.22,49290900,0.0,50.618999999999936,,31.609423588869774,-2.0596652936299407,-1.0314092662655197,-1.028256027364421
2020-03-16,42.24,47.88,41.17,45.25,45425074,0.0,49.30099999999994,,27.35138811083675,-2.5339610905033894,-1.3319196311130936,-1.2020414593902957
2020-03-17,45.88,47.5,45.37,47.18,52097564,0.0,48.00299999999993,,33.61003806274016,-2.7227231981335365,-1.6100803445171823,-1.1126428536163542
2020-03-18,44.74,45.15,41.66,44.85,55497316,0.0,46.530999999999935,,30.224723892875076,-3.025454499574444,-1.8931551755286349,-1.132299324045809
2020-03-19,44.36,44.66,41.04,41.81,74056922,0.0,45.46199999999994,,26.47750260858463,-3.470666151705359,-2.20865737076398,-1.262008780941379
2020-03-20,41.95,42.07,37.51,38.3001,92813348,0.0,43.478019999999944,,22.941062065469325,-4.059918971446606,-2.578909690900505,-1.4810092805461013
2020-03-23,38.755,38.8862,36.27,37.555,76662512,0.0,41.93901999999994,,22.26131907262055,-4.5347555798313905,-2.9700788686866826,-1.564676711144708
2020-03-24,41.22,41.4,38.83,39.34,84748769,0.0,40.371019999999945,,27.78190989028475,-4.712707274949594,-3.318604549939265,-1.3941027250103288
2020-03-25,40.63,43.45,39.91,41.62,73295190,0.0,39.725019999999944,,34.20875463527484,-4.616541711011429,-3.5781919821536983,-1.0383497288577308
2020-03-26,42.84,45.27,42.45,44.25,62370766,0.0,40.21301999999994,,40.75794358093171,-4.278787588712177,-3.7183111034653944,-0.5604764852467827
2020-03-27,43.66,44.03,42.4,42.84,38328952,0.0,41.120999999999945,,38.54275735968916,-4.0778829334781435,-3.7902254694679445,-0.287657464010199
2020-03-30,43.04,45.56,43.04,45.0,40079344,0.0,42.60999999999994,,43.599814190211234,-3.701699708625519,-3.7725203172994597,0.07082060867394091
2020-03-31,45.07,45.51,44.06,44.24,36146296,0.0,43.58999999999995,,42.281497801345566,-3.4254114303663385,-3.7030985399128356,0.277687109546497
2020-04-01,42.48,43.65,41.8,42.13,34982518,0.0,43.69199999999995,,38.77598618155864,-3.3382293157146563,-3.6301246950732,0.2918953793585435
2020-04-02,42.22,44.19,41.8623,43.94,30199780,0.0,43.62999999999995,,43.13163253891709,-3.087494276421012,-3.5215986113427626,0.4341043349217508
2020-04-03,43.58,44.335,43.31,43.84,20996760,0.0,43.829999999999956,,42.9498306558036,-2.86384153308358,-3.390047195690926,0.5262056626073464
2020-04-06,45.39,47.01,44.69,46.61,35956616,0.0,44.15199999999995,,49.32198815873753,-2.4350099930547273,-3.199039755163686,0.7640297621089589
2020-04-07,48.5,48.6,46.48,46.48,30719552,0.0,44.59999999999995,,49.045119607243244,-2.081651834991611,-2.9755621711292712,0.8939103361376604
2020-04-08,46.51,48.09,46.38,47.79,28253880,0.0,45.73199999999996,,51.97095336746387,-1.676580322720035,-2.715765801447424,1.039185478727389
2020-04-09,48.44,49.73,48.35,48.99,34039236,0.0,46.74199999999996,,54.545694216524296,-1.244383778088796,-2.4214893967756987,1.1771056186869027
2020-04-13,48.35,48.64,46.5,46.93,30955410,0.0,47.359999999999964,,49.62732547523523,-1.0559177242826934,-2.148375062277098,1.0924573379944045
2020-04-14,47.94,49.25,46.93,48.91,37688608,0.0,47.81999999999996,,53.9274906009421,-0.7382771667504642,-1.8663554831717712,1.128078316421307
2020-04-15,47.71,48.4,47.41,47.6,22072428,0.0,48.04399999999997,,50.83543392136577,-0.5855014915699357,-1.610184684851404,1.0246831932814684
2020-04-16,47.4,47.85,46.76,47.1,30100474,0.0,47.90599999999996,,49.66493636900087,-0.4990191079775599,-1.3879515694766353,0.8889324614990755
2020-04-17,48.3,48.3,47.37,48.03,34969804,0.0,47.71399999999996,,51.884104346319525,-0.3513873931062932,-1.1806387342025668,0.8292513410962736
2020-04-20,47.79,48.0,46.31,46.59,30798898,0.0,47.64599999999997,,48.330987798484,-0.3465888997671982,-1.013828767315493,0.6672398675482949
2020-04-21,45.88,46.9014,44.26,45.31,48095874,0.0,46.92599999999997,,45.357562720992235,-0.44098792749562676,-0.8992605993515199,0.45827267185589315
2020-04-22,46.05,46.145,45.5,45.7,24635074,0.0,46.54599999999998,,46.438799845728255,-0.4788106651461632,-0.8151706125104486,0.3363599473642854
2020-04-23,45.95,46.1,44.97,45.06,31300688,0.0,46.13799999999997,,44.86972261048267,-0.5540414634177111,-0.7629447826919011,0.20890331927419004
2020-04-24,45.5,45.75,45.1201,45.43,26076828,0.0,45.61799999999997,,46.00556678326816,-0.5771534396883737,-0.7257865140911957,0.14863307440282192
2020-04-27,46.0,46.975,45.71,46.77,30165738,0.0,45.65399999999997,,50.02161186943916,-0.4817892793341869,-0.676987067139794,0.19519778780560704
2020-04-28,47.9,48.0,46.57,46.75,31487836,0.0,45.94199999999997,,49.961881079949016,-0.40317873456285014,-0.6222254006244052,0.2190466660615551
2020-04-29,47.27,47.86,46.88,47.11,26942872,0.0,46.223999999999975,,51.093918107139,-0.3082766982370089,-0.5594356601469259,0.25115896190991704
2020-04-30,47.0,47.0,45.7,45.86,32315284,0.0,46.38399999999998,,47.108692574154205,-0.3301252259220391,-0.5135735733019485,0.18344834737990945
2020-05-01,45.62,46.39,45.21,45.61,23270044,0.0,46.41999999999998,,46.33036203782171,-0.3634239273741642,-0.4835436441163917,0.12011971674222754
2020-05-04,45.32,45.48,44.6,45.14,33899846,0.0,46.09399999999998,,44.83074118782771,-0.4228639478580334,-0.4714077048647201,0.04854375700668673
2020-05-05,45.36,46.1,45.15,45.4,24416788,0.0,45.82399999999998,,45.874447457651875,-0.4438740613669623,-0.46590097616516857,0.022026914798206287
2020-05-06,45.4,45.63,44.72,44.75,21177824,0.0,45.351999999999975,,43.65113074144548,-0.5071284344993998,-0.47414646783201486,-0.032981966667384954
2020-05-07,45.15,45.24,44.5,44.6,28473326,0.0,45.09999999999998,,43.13162672362464,-0.5628732745946223,-0.4918918291845364,-0.07098144541008594
2020-05-08,45.08,46.22,44.88,46.1,24641354,0.0,45.19799999999998,,49.59226306569428,-0.480475376953045,-0.4896085387382382,0.009133161785193189
2020-05-11,45.69,46.11,45.52,45.54,19482700,0.0,45.277999999999984,,47.42604176786052,-0.45511548134266633,-0.4827099272591238,0.02759444591645749
2020-05-12,45.6,45.85,44.82,44.82,21914672,0.0,45.161999999999985,,44.7212608933389,-0.48749601348447413,-0.4836671445041939,-0.003828868980280231
2020-05-13,44.71,44.78,43.5217,43.94,28449266,0.0,44.99999999999998,,41.59857353613079,-0.5775092963478912,-0.5024355748729334,-0.07507372147495772
2020-05-14,43.38,44.06,43.23,43.7,32522708,0.0,44.81999999999998,,40.762605534398816,-0.6605965202853454,-0.5340677639554159,-0.12652875632992955
2020-05-15,43.96,44.69,43.2,43.33,44970936,0.0,44.26599999999998,,39.44648785458143,-0.7476808521989113,-0.576790381604115,-0.17089047059479634
2020-05-18,44.82,45.39,44.13,44.94,38707188,0.0,44.14599999999997,,47.40427101806173,-0.6789556894280722,-0.5972234431689065,-0.08173224625916564
2020-05-19,45.01,45.33,44.25,44.54,31463464,0.0,44.089999999999975,,45.79406746056338,-0.649282633816405,-0.6076352812984063,-0.04164735251799878
2020-05-20,45.2,46.17,45.02,45.9,38795056,0.0,44.48199999999997,,51.790089678818234,-0.5101452525386989,-0.5881372755464648,0.07799202300776586
2020-05-21,46.08,46.09,45.03,45.19,23729540,0.0,44.77999999999997,,48.75783976293315,-0.45195903925800707,-0.5609016282887732,0.10894258903076615
2020-05-22,45.22,45.305,44.65,45.04,22853437,0.0,45.12199999999998,,48.11687619078932,-0.41318683182431926,-0.5313586689958825,0.11817183717156321
2020-05-26,46.92,46.93,45.93,46.09,39992422,0.0,45.35199999999999,,52.79488147469729,-0.2943403806232894,-0.48395501132136387,0.1896146306980745
2020-05-27,47.0,47.09,46.165,46.73,31521776,0.0,45.78999999999999,,55.43259311347211,-0.14681862676922464,-0.41652773441093605,0.2697091076417114
2020-05-28,47.3,47.46,46.82,47.1,27431674,0.0,46.02999999999999,,56.930932265425994,-5.008882921941904e-05,-0.33323220529459274,0.3331821164653733
2020-05-29,46.68,47.1,46.14,46.785,43911440,0.0,46.34899999999999,,55.22857726497974,0.0898118721075889,-0.24862338981415644,0.33843526192174533
2020-06-01,46.66,47.23,46.59,46.98,24841028,0.0,46.736999999999995,,56.10363979338663,0.17474860079475008,-0.16394899169237515,0.3386975924871252
2020-06-02,47.16,47.28,46.56,46.89,25909234,0.0,46.897,,55.56385192671907,0.23212354662320678,-0.08473448402925876,0.31685803065246554
2020-06-03,47.27,48.115,47.12,47.9,25155314,0.0,47.131,,60.19256082455779,0.3549999452452326,0.003212401825639505,0.35178754341959306
2020-06-04,47.94,48.265,47.38,47.92,24826372,0.0,47.295,,60.28079104394623,0.44882048610016057,0.09233401868054372,0.35648646741961687
2020-06-05,48.54,49.49,48.46,49.15,34378830,0.0,47.768,,65.36504817035657,0.6153315025978898,0.19693351546401294,0.4183979871338769
2020-06-08,49.54,49.97,49.47,49.75,33714352,0.0,48.32200000000001,,67.54731745154729,0.7866397747531195,0.3148747673218343,0.47176500743128524
2020-06-09,49.59,49.59,48.68,49.03,29205072,0.0,48.750000000000014,,62.46137738832769,0.8544552042222762,0.4227908547019227,0.4316643495203535
2020-06-10,49.16,49.265,48.58,48.62,25498964,0.0,48.89400000000001,,59.70456802208451,0.8651430170061261,0.5112612871627633,0.35388172984336275
2020-06-11,47.81,47.92,45.46,45.568999999999996,45158256,0.0,48.42380000000001,,44.10464265526187,0.6202728644349946,0.5330636026172096,0.08720926181778499
2020-06-12,46.21,46.25,45.63,45.655,10262908,0.0,47.7248,,44.54448860954877,0.4282147920281574,0.5120938404993992,-0.08387904847124183
2020-06-15,44.57,46.45,44.47,46.31,26591430,0.0,47.03679999999999,,47.90676728218181,0.32511271487718574,0.4746976153749565,-0.1495849004977708
2020-06-16,47.56,47.685,46.19,46.79,29234756,0.0,46.5888,,50.285557717992326,0.2789203442902064,0.43554216115800654,-0.15662181686780013
2020-06-17,46.78,47.06,46.44,46.57,21420348,0.0,46.1788,,49.17713797827594,0.22200130358201164,0.3928339896428076,-0.17083268606079594
2020-06-18,46.3,47.04,46.07,46.99,16450418,0.0,46.46300000000001,,51.38048496397992,0.2083809576871758,0.3559433832516813,-0.1475624255645055
2020-06-19,47.77,47.79,46.06,46.06,43176612,0.0,46.544,,46.56638962577509,0.1211470005594677,0.3089841067132386,-0.18783710615377092
2020-06-22,46.03,46.15,45.38,45.74,16551507,0.0,46.42999999999999,,45.003895795226335,0.025893649527112927,0.2523660152760135,-0.22647236574890056
2020-06-23,46.0,46.29,45.58,45.62,13343011,0.0,46.196,,44.402214753376334,-0.05860277819940052,0.19017225658093068,-0.2487750347803312
2020-06-24,45.37,45.44,44.5,44.66,15750238,0.0,45.814,,39.816055601440276,-0.20071704176634597,0.11199439691147535,-0.3127114386778213
2020-06-25,44.47,44.98,44.03,44.92,12466539,0.0,45.4,,41.57609295024731,-0.28903201132144574,0.03178911526489113,-0.3208211265863369
2020-06-26,44.92,45.01,43.51,43.57,16285884,0.0,44.902,,35.73284939108996,-0.4626231468837432,-0.06709333716483573,-0.39552980971890744
2020-06-29,44.0,44.57,43.55,44.36,15121964,0.0,44.626,,40.96187619330317,-0.5303355961489729,-0.15974178896166316,-0.3705938071873097
2020-06-30,44.25,44.83,44.04,44.64,18453789,0.0,44.42999999999999,,42.740146110476644,-0.5550067675545094,-0.2387947846802324,-0.316211982874277
2020-07-01,44.93,45.53,44.71,44.81,13131022,0.0,44.459999999999994,,43.846059072717466,-0.554449915891567,-0.3019258109224993,-0.2525241049690677
2020-07-02,45.29,45.43,44.8,44.9,12243543,0.0,44.455999999999996,,44.457666994984756,-0.5405156313591561,-0.3496437750098307,-0.19087185634932546
2020-07-06,45.14,45.27,44.605,45.23,13064063,0.0,44.788,,46.74793056420645,-0.4971139482484688,-0.37913780965755833,-0.11797613859091044
2020-07-07,45.0,45.495,44.8,45.22,10405119,0.0,44.959999999999994,,46.68510875127136,-0.45824238514752835,-0.3949587247555524,-0.06328366039197597
2020-07-08,45.14,45.18,44.47,45.08,11737325,0.0,45.04799999999999,,45.75800596851787,-0.4337334125169008,-0.40271366230782213,-0.031019750209078656
2020-07-09,45.05,45.05,43.825,43.915,14709609,0.0,44.86899999999999,,38.84499625935218,-0.5025228680055349,-0.4226755034473647,-0.07984736455817021
2020-07-10,43.88,45.25,43.86,45.15,14453380,0.0,44.91899999999999,,47.84109577187735,-0.4521724656902961,-0.42857489589595105,-0.023597569794345075
2020-07-13,45.53,45.675,44.96,45.25,13480708,0.0,44.92299999999999,,48.50168726968865,-0.39959397423886855,-0.42277871156453456,0.023184737325666005
2020-07-14,44.91,45.94,44.6711,45.87,15022502,0.0,45.05299999999998,,52.51699716994116,-0.30438753251208794,-0.3991004757540452,0.09471294324195728
2020-07-15,46.3,47.19,46.2,46.38,19141854,0.0,45.31299999999999,,55.58475650757005,-0.18564302651518005,-0.35640898590627224,0.17076595939109218
2020-07-16,46.26,46.69,45.94,46.15,11617804,0.0,45.759999999999984,,53.8936798603375,-0.10884156994762861,-0.3068955027145435,0.1980539327669149
2020-07-17,46.47,46.91,46.125,46.82,12198283,0.0,46.09399999999999,,57.910758502767955,0.006018164627484168,-0.244312769246138,0.25033093387362215
2020-07-20,46.72,46.83,45.85,46.07,14551186,0.0,46.257999999999996,,52.40641569172481,0.0361103422618001,-0.18822814694455042,0.22433848920635052
2020-07-21,47.52,47.99,46.931000000000004,47.19,23651007,0.0,46.52199999999999,,58.71686563915265,0.1486200501831405,-0.12085850751901224,0.26947855770215273
2020-07-22,47.93,48.515,47.03,48.46,25126861,0.0,46.93799999999999,,64.46969201644701,0.33638554727042447,-0.029409696561124896,0.3657952438315494
2020-07-23,48.47,48.5682,48.03,48.29,13484574,0.0,47.36599999999999,,63.200122724078234,0.46610056011920165,0.06969235477494043,0.39640820534426124
2020-07-24,48.685,48.735,48.07,48.5,13114987,0.0,47.701999999999984,,64.13956779092568,0.5791695808967958,0.1715877999993115,0.4075817808974843
2020-07-27,48.18,48.51,48.18,48.48,12837047,0.0,48.18399999999999,50.72624,63.97206933669964,0.6595607557977914,0.2691823911590075,0.3903783646387839
