Date,Open,High,Low,Close,Volume,OpenInterest,5 day sma,200 day sma,rsi,macd,signal,histogram
2019-10-09,11.27,11.37,11.06,11.19,9307844,0.0,,,,,,
2019-10-10,11.23,11.49,11.19,11.39,8299674,0.0,,,,,,
2019-10-11,11.54,11.85,11.53,11.74,9101465,0.0,,,,,,
2019-10-14,11.53,11.89,11.37,11.78,10973010,0.0,,,,,,
2019-10-15,11.68,12.01,11.61,11.84,9756259,0.0,11.588,,,,,
2019-10-16,11.82,11.95,11.62,11.625,6901735,0.0,11.675,,,,,
2019-10-17,11.67,11.69,11.36,11.55,8613312,0.0,11.706999999999999,,,,,
2019-10-18,11.54,11.7,11.26,11.29,8791349,0.0,11.616999999999997,,,,,
2019-10-21,11.27,11.55,11.23,11.53,6106375,0.0,11.566999999999997,,,,,
2019-10-22,11.54,11.97,11.39,11.725,7483608,0.0,11.543999999999993,,,,,
2019-10-23,11.71,12.2,11.535,12.015,7995215,0.0,11.621999999999995,,,,,
2019-10-24,12.11,12.155,11.68,11.93,6036692,0.0,11.697999999999993,,,,,
2019-10-25,11.91,12.03,11.72,11.98,8279533,0.0,11.835999999999995,,,,,
2019-10-28,12.05,12.19,11.84,11.94,6538250,0.0,11.917999999999996,,,,,
2019-10-29,11.79,12.17,11.59,12.01,7694681,0.0,11.974999999999996,,68.89400921658982,,,
2019-10-30,12.07,12.09,11.52,11.56,9839038,0.0,11.883999999999995,,56.31700956244568,,,
2019-10-31,11.285,11.55,11.24,11.53,7205043,0.0,11.803999999999995,,55.58843589800003,,,
2019-11-01,11.65,12.09,11.62,12.05,10858696,0.0,11.817999999999994,,64.22723164442553,,,
2019-11-04,12.32,12.585,12.29,12.53,11725802,0.0,11.935999999999996,,70.02363593178318,,,
2019-11-05,12.65,12.97,12.61,12.65,12100220,0.0,12.063999999999997,,71.2766775185957,,,
2019-11-06,12.56,12.7,12.12,12.19,15479876,0.0,12.189999999999998,,60.787074721099174,,,
2019-11-07,12.61,12.66,12.12,12.56,13683425,0.0,12.395999999999997,,65.22071832543813,,,
2019-11-08,12.33,12.55,11.99,12.53,14215877,0.0,12.491999999999999,,64.58310894250796,,,
2019-11-11,12.27,12.35,12.075,12.15,10154819,0.0,12.416,,56.98390107374034,,,
2019-11-12,12.2,12.365,11.91,12.01,10223516,0.0,12.288,,54.442257627387306,,,
2019-11-13,11.88,12.1,11.81,11.88,9416550,0.0,12.226000000000003,,52.11766222185344,0.2128176860461224,,
2019-11-14,11.92,12.15,11.83,11.885,8435498,0.0,12.091000000000003,,52.20219604827668,0.1795702576866276,,
2019-11-15,11.96,12.26,11.96,12.1,8090248,0.0,12.005,,55.81452928237232,0.16862631515213344,,
2019-11-18,11.95,11.98,11.6207,11.77,8260228,0.0,11.929,,49.61634105748259,0.1318055474666764,,
2019-11-19,11.68,11.74,11.39,11.46,8425457,0.0,11.819,,44.60521250217,0.07672596540580301,,
2019-11-20,11.48,11.95,11.39,11.69,12057700,0.0,11.781000000000002,,48.741648161055686,0.051045655068584495,,
2019-11-21,11.76,11.9,11.62,11.88,9464831,0.0,11.780000000000003,,51.934655249357604,0.04550073209704664,,
2019-11-22,11.93,12.22,11.88,12.21,13986364,0.0,11.802000000000003,,56.95054440800832,0.06696267869089034,,
2019-11-25,12.12,12.22,11.96,12.11,15136056,0.0,11.870000000000001,,55.07494250313579,0.07503727868673948,0.11201023514451375,-0.036972956457774264
2019-11-26,12.12,12.12,11.8,11.83,10389946,0.0,11.944,,50.09963360520788,0.058172224225522484,0.10124263296071549,-0.04307040873519301
2019-11-27,11.84,11.93,11.63,11.88,9175556,0.0,11.982000000000003,,50.951725409254486,0.04828453512655351,0.09065101339388311,-0.0423664782673296
2019-11-29,11.68,11.75,11.51,11.66,6317521,0.0,11.938,,47.13766084286095,0.022437661500564587,0.07700834301521942,-0.05457068151465483
2019-12-02,11.79,12.03,11.72,11.96,11122195,0.0,11.888000000000002,,52.37322599340638,0.025863186021506834,0.0667793116164769,-0.04091612559497007
2019-12-03,11.74,11.87,11.5751,11.76,9089933,0.0,11.818000000000001,,48.896366027107035,0.012297848412313073,0.05588301897564414,-0.04358517056333107
2019-12-04,11.95,12.29,11.9,12.17,9955860,0.0,11.886000000000001,,55.42874380357769,0.0342361411867369,0.0515536434178627,-0.017317502231125798
2019-12-05,12.25,12.33,11.96,12.03,8714396,0.0,11.916,,52.94026206578136,0.03986601568308856,0.04921611787090788,-0.009350102187819315
2019-12-06,12.09,12.5,12.06,12.45,9384266,0.0,12.074000000000002,,58.901438562732366,0.07732684595022299,0.0548382634867709,0.02248858246345209
2019-12-09,12.34,12.69,12.29,12.59,7829348,0.0,12.200000000000001,,60.68899613892215,0.11696337284384306,0.06726328535818533,0.049700087485657726
2019-12-10,12.59,12.76,12.5,12.59,7090832,0.0,12.366000000000001,,60.68899613892214,0.14668471587623522,0.08314757146179531,0.0635371444144399
2019-12-11,12.55,12.695,12.545,12.61,6794900,0.0,12.453999999999999,,60.97025129974299,0.16989448929618867,0.10049695502867398,0.06939753426751469
2019-12-12,12.66,13.08,12.61,13.03,8648813,0.0,12.654,,66.40592126192762,0.21964693867881735,0.12432695175870265,0.0953199869201147
2019-12-13,13.14,13.23,12.71,12.72,8403095,0.0,12.707999999999998,,59.78735731858417,0.23139433419308375,0.14574042824557887,0.08565390594750488
2019-12-16,12.86,13.23,12.86,13.13,7851258,0.0,12.815999999999997,,64.78627290650252,0.27066771433453773,0.17072588546337064,0.0999418288711671
2019-12-17,13.08,13.43,13.05,13.36,9689337,0.0,12.969999999999995,,67.24610152337763,0.3167005026010976,0.19992080889091607,0.11677969371018154
2019-12-18,13.33,13.55,13.3,13.42,10365803,0.0,13.131999999999996,,67.87651232257437,0.35394327970337436,0.23072530305340774,0.12321797664996662
2019-12-19,13.37,13.472999999999999,13.15,13.18,8577044,0.0,13.161999999999995,,62.67975307843195,0.35994325287805395,0.25656889301833696,0.10337435985971699
2019-12-20,13.28,13.29,13.075,13.2,10430470,0.0,13.257999999999996,,62.93442860634147,0.3621376107456449,0.27768263656379855,0.08445497418184633
2019-12-23,13.19,13.6,13.18,13.56,6109061,0.0,13.343999999999998,,67.26470972505935,0.38844786137415,0.2998356815258688,0.08861217984828118
2019-12-24,13.6,13.73,13.56,13.615,3743235,0.0,13.394999999999996,,67.88206878736251,0.40902201373124925,0.3216729479669449,0.08734906576430435
2019-12-26,13.78,13.89,13.66,13.695,5589682,0.0,13.449999999999998,,68.80365779868718,0.4268619107206444,0.34271074051768485,0.08415117020295954
2019-12-27,13.75,13.75,13.45,13.48,6297622,0.0,13.509999999999996,,63.52787162014815,0.4188235176414459,0.35793329594243706,0.06089022169900882
2019-12-30,13.52,13.605,13.39,13.43,5188453,0.0,13.555999999999997,,62.33086908898184,0.4037641097572706,0.3670994587054038,0.03666465105186684
2019-12-31,13.29,13.61,13.19,13.57,5878520,0.0,13.557999999999998,,64.35603005022429,0.39853221913853076,0.37338601079202915,0.02514620834650161
2020-01-02,13.69,13.75,13.55,13.68,8118465,0.0,13.571000000000002,,65.90694915413646,0.39866641060090124,0.3784420907538036,0.02022431984709766
2020-01-03,14.05,14.07,13.6,13.73,12903951,0.0,13.578000000000003,,66.61796276822729,0.39821694339221025,0.38239706128148493,0.015819882110725325
2020-01-06,13.84,14.01,13.74,13.95,10337735,0.0,13.672000000000002,,69.62013277341072,0.41087656944360695,0.3880929629139094,0.022783606529697575
2020-01-07,13.76,13.84,13.605,13.79,8290115,0.0,13.744,,65.03894672880682,0.4033491930514703,0.3911442089414216,0.012204984110048722
2020-01-08,13.8,13.82,13.02,13.27,13213338,0.0,13.683999999999997,,52.863907080560494,0.3513736224530568,0.3831900916437486,-0.03181646919069181
2020-01-09,13.09,13.49,12.91,13.455,11934370,0.0,13.639,,56.01834185290454,0.32140559850896544,0.37083319301679196,-0.04942759450782652
2020-01-10,13.39,13.39,13.12,13.17,10008160,0.0,13.526999999999997,,50.42035720307334,0.27152859287175524,0.35097227298778466,-0.07944368011602942
2020-01-13,13.08,13.26,12.89,13.19,11149348,0.0,13.374999999999996,,50.79198408987255,0.2309522654594467,0.3269682714821171,-0.09601600602267041
2020-01-14,13.21,13.33,13.08,13.28,8867575,0.0,13.272999999999996,,52.51679295088704,0.20370924807989432,0.30231646680167257,-0.09860721872177824
2020-01-15,13.21,13.3751,13.12,13.24,7461975,0.0,13.266999999999996,,51.6502703697141,0.17685264759073327,0.27722370295948473,-0.10037105536875146
2020-01-16,13.34,13.467,13.27,13.33,7983909,0.0,13.241999999999996,,53.50900639808872,0.1609752238731197,0.25397400714221174,-0.09299878326909206
2020-01-17,13.36,13.39,13.14,13.21,6458461,0.0,13.249999999999996,,50.709775183781105,0.13712852182800184,0.23060491007936978,-0.09347638825136795
2020-01-21,13.14,13.18,12.84,12.84,19708310,0.0,13.179999999999998,,43.204803156951996,0.08736682054674993,0.20195729217284583,-0.1145904716260959
2020-01-22,12.83,12.83,12.43,12.44,17803651,0.0,13.011999999999997,,36.854544798633675,0.015475267456917408,0.16466088722966016,-0.14918561977274275
2020-01-23,12.25,12.3794,11.96,12.22,19232546,0.0,12.807999999999998,,33.90302821379845,-0.058576237299583056,0.12001346232381152,-0.17858969962339458
2020-01-24,12.12,12.14,11.74,11.92,22139716,0.0,12.526,,30.335344359110096,-0.13985788647006459,0.0680391925650363,-0.20789707903510088
2020-01-27,11.63,11.79,11.57,11.69,14151381,0.0,12.221999999999998,,27.910382434444713,-0.22029384651565564,0.010372584748897906,-0.23066643126455355
2020-01-28,11.79,11.85,11.6121,11.77,10262427,0.0,12.008,,30.006241819694253,-0.27442123576487454,-0.04658617935385658,-0.22783505641101795
2020-01-29,11.87,11.99,11.735,11.75,12522818,0.0,11.87,,29.773196930959756,-0.31529686852976013,-0.1003283171890373,-0.21496855134072285
2020-01-30,11.55,11.895,11.55,11.86,12808203,0.0,11.797999999999998,,32.86168404499526,-0.3349538814534778,-0.14725343004192543,-0.1877004514115524
2020-01-31,11.65,11.7296,11.36,11.36,18106426,0.0,11.685999999999998,,27.04040861879615,-0.3864235766905395,-0.19508745937164826,-0.19133611731889125
2020-02-03,11.34,11.58,11.25,11.48,12454708,0.0,11.644,,30.23462399856261,-0.4127724994353521,-0.23862446738438903,-0.17414803205096308
2020-02-04,11.76,11.97,11.7,11.78,13137114,0.0,11.646,,37.590845449886174,-0.4047806582874376,-0.2718557055649987,-0.13292495272243887
2020-02-05,12.0,12.3,12.0,12.16,12198105,0.0,11.728,,45.43863119816279,-0.36359296897454385,-0.2902031582469078,-0.07338981072763606
2020-02-06,12.22,12.25,11.91,11.93,9911828,0.0,11.741999999999999,,41.99640154935994,-0.3455274805502011,-0.3012680227075665,-0.04425945784263463
2020-02-07,11.75,11.825,11.61,11.68,8967331,0.0,11.805999999999997,,38.57562701296551,-0.34737899269009986,-0.3104902167040732,-0.03688877598602669
2020-02-10,11.56,11.61,11.2941,11.39,10864925,0.0,11.787999999999997,,35.01289567776213,-0.3680047757889948,-0.32199312852105755,-0.04601164726793727
2020-02-11,11.58,11.71,11.425,11.57,10170318,0.0,11.745999999999999,,38.79157858656937,-0.36561181638454876,-0.3307168660937558,-0.03489495029079298
2020-02-12,11.85,11.97,11.46,11.61,19998377,0.0,11.636,,39.63160904455232,-0.35637959102340844,-0.33584941107968636,-0.020530179943722082
2020-02-13,11.27,11.28,10.64,11.125,27635724,0.0,11.474999999999998,,33.60875064027515,-0.38377451883421543,-0.34543443263059215,-0.03834008620362328
2020-02-14,11.13,11.1901,10.59,10.65,17329554,0.0,11.268999999999998,,28.965901688075064,-0.43875602046565554,-0.36409875019760485,-0.07465727026805069
2020-02-18,10.45,10.505,10.28,10.305,14527089,0.0,11.051999999999998,,26.141227673375454,-0.5043539944450934,-0.39214979904710257,-0.11220419539799087
2020-02-19,10.35,10.52,10.15,10.4634,15916327,0.0,10.83068,,29.538675905798755,-0.5373648971988398,-0.42119281867745006,-0.11617207852138978
2020-02-20,10.55,10.6,10.24,10.24,12715506,0.0,10.55668,,27.609706962052286,-0.5749254062258622,-0.4519393361871325,-0.12298607003872969
2020-02-21,10.15,10.22,9.97,10.1,17111249,0.0,10.35168,,26.44425314664504,-0.6089693901504436,-0.48334534697979475,-0.12562404317064885
2020-02-24,9.64,9.64,9.39,9.47,18220880,0.0,10.115680000000001,,21.953370771829924,-0.6789586152748246,-0.5224680006388007,-0.15649061463602387
2020-02-25,9.5,9.51,8.81,8.92,24614035,0.0,9.83868,,18.930801881454784,-0.7699307020215631,-0.5719605409153532,-0.1979701611062099
2020-02-26,8.99,9.0,8.39,8.39,23457030,0.0,9.424000000000001,,16.564113603832894,-0.8747101921847182,-0.6325104711692262,-0.24219972101549203
2020-02-27,8.01,8.435,7.81,7.93,31583732,0.0,8.962,,14.83106396314031,-0.983529334709301,-0.7027142438772412,-0.2808150908320598
2020-02-28,7.57,8.298,7.54,8.28,27607211,0.0,8.598,,21.556132228901674,-1.0296579582290253,-0.7681029867475981,-0.26155497148142715
2020-03-02,8.45,8.45,7.93,8.34,18292457,0.0,8.372,,22.683218428710546,-1.0492782990695044,-0.8243380492119794,-0.22494024985752503
2020-03-03,8.32,8.47,7.85,8.07,25527235,0.0,8.202,,21.206606068249457,-1.0742312350662377,-0.8743166863828311,-0.19991454868340663
2020-03-04,8.23,8.31,7.94,8.11,16671077,0.0,8.145999999999999,,22.016531955301318,-1.0783484215586512,-0.9151230334179952,-0.163225388140656
2020-03-05,7.86,7.95,7.67,7.8,17255702,0.0,8.12,,20.276951495265592,-1.094014611299901,-0.9509013489943764,-0.14311326230552457
2020-03-06,7.45,7.58,6.78,6.825,29016899,0.0,7.828999999999999,,15.996044289833492,-1.1715990663815088,-0.9950408924718029,-0.17655817390970585
2020-03-09,4.26,5.0,3.315,3.59,94781625,0.0,6.879,,9.117800272873609,-1.47709572986275,-1.0914518599499923,-0.3856438699127578
2020-03-10,4.85,4.87,3.52,4.395,95911622,0.0,6.143999999999998,,18.508221151826987,-1.6353954436459128,-1.2002405766891764,-0.43515486695673644
2020-03-11,4.22,4.49,4.0,4.09,63801166,0.0,5.339999999999998,,17.75949089817331,-1.7651129351438817,-1.3132150483801175,-0.4518978867637642
2020-03-12,3.78,4.2,3.65,3.975,46525489,0.0,4.5749999999999975,,17.472480292379316,-1.855801990475408,-1.4217324367991755,-0.43406955367623246
2020-03-13,4.36,4.53,3.71,4.53,41368388,0.0,4.115999999999998,,23.86716670370342,-1.8614324242482514,-1.5096724342889907,-0.3517599899592607
2020-03-16,3.81,4.51,3.8,4.0,35167380,0.0,4.197999999999999,,22.105632897062478,-1.8869100299193011,-1.5851199534150529,-0.3017900765042483
2020-03-17,4.15,4.17,3.55,3.62,37968968,0.0,4.042999999999998,,20.913799719319556,-1.915681259092696,-1.6512322145505816,-0.2644490445421144
2020-03-18,3.5,3.66,3.2,3.46,30166385,0.0,3.916999999999999,,20.41471204406531,-1.9291552277146709,-1.7068168171833995,-0.22233841053127135
2020-03-19,3.5,3.93,3.41,3.83,35113761,0.0,3.887999999999998,,24.87918907429686,-1.8882114113619188,-1.7430957360191035,-0.14511567534281533
2020-03-20,4.0,4.04,3.42,3.56,43300456,0.0,3.6939999999999977,,23.828715442866724,-1.8561533055429607,-1.7657072499238748,-0.09044605561908581
2020-03-23,3.56,3.6,3.31,3.35,29052918,0.0,3.563999999999998,,23.014769109697284,-1.8266359484991277,-1.7778929896389255,-0.04874295886020219
2020-03-24,3.69,3.71,3.46,3.62,41360479,0.0,3.563999999999998,,26.491429502323854,-1.7611549884391549,-1.7745453893989716,0.013390400959816695
2020-03-25,3.8,3.87,3.41,3.56,41250389,0.0,3.5839999999999974,,26.208183400140356,-1.6945684244213517,-1.7585499964034477,0.06398157198209597
2020-03-26,3.73,4.06,3.595,3.87,45713247,0.0,3.5919999999999974,,30.351655988094194,-1.5983587982031713,-1.7265117567633925,0.12815295856022124
2020-03-27,3.72,3.77,3.49,3.51,39867947,0.0,3.581999999999997,,28.360112870844517,-1.5334839195626797,-1.6879061893232499,0.15442226976057016
2020-03-30,3.49,3.5,3.15,3.235,47815067,0.0,3.5589999999999966,,26.907672436298895,-1.4871177449063095,-1.647748500439862,0.16063075553355244
2020-03-31,3.46,3.52,3.25,3.2901,41649154,0.0,3.4930199999999965,,27.70657308937595,-1.4294483175270303,-1.6040884638572956,0.17464014633026537
2020-04-01,3.22,3.29,3.02,3.12,47788547,0.0,3.405019999999997,,26.735079665818546,-1.3815449391811327,-1.5595797589220632,0.1780348197409305
2020-04-02,3.26,3.74,3.15,3.45,80038293,0.0,3.3210199999999963,,31.735926593065358,-1.3019449141046477,-1.5080527899585803,0.20610787585393253
2020-04-03,3.73,3.8,3.33,3.6499,64048681,0.0,3.3489999999999966,,34.64599516757529,-1.2087968042686028,-1.448201592820585,0.2394047885519821
2020-04-06,3.69,3.74,3.51,3.625,57843037,0.0,3.426999999999997,,34.44899850866889,-1.1240283785649368,-1.3833669499694552,0.25933857140451844
2020-04-07,3.89,4.15,3.6,3.67,69178029,0.0,3.5029799999999973,,35.16646785844641,-1.041215186021438,-1.314936597179852,0.27372141115841386
2020-04-08,3.91,3.96,3.66,3.95,54244977,0.0,3.668979999999997,,39.59658980190335,-0.9421311726495065,-1.2403755122737827,0.2982443396242762
2020-04-09,4.35,4.55,3.82,4.12,90873517,0.0,3.802979999999997,,42.179864991475334,-0.8402034565017029,-1.160341101119367,0.32013764461766403
2020-04-13,4.43,4.45,4.15,4.395,52125032,0.0,3.9519999999999973,,46.188983262668266,-0.7288332691323216,-1.074039534721958,0.3452062655896364
2020-04-14,4.35,4.36,4.1,4.25,41107550,0.0,4.076999999999997,,44.43930957135847,-0.6448385836533781,-0.9881993445082421,0.343360760854864
2020-04-15,3.95,4.24,3.9224,4.23,39531111,0.0,4.188999999999997,,44.19065538319264,-0.5732776353875009,-0.9052150026840938,0.33193736729659296
2020-04-16,4.22,4.22,3.88,3.89,36022034,0.0,4.176999999999998,,40.08447280093276,-0.5378007940351761,-0.8317321609543102,0.29393136691913413
2020-04-17,3.95,4.35,3.92,4.35,42642057,0.0,4.222999999999997,,47.22890208311594,-0.46718160728865143,-0.7588220502211785,0.2916404429325271
2020-04-20,4.0,4.37,3.98,4.21,48549143,0.0,4.185999999999997,,45.45250178781278,-0.417697268871418,-0.6905970939512265,0.2728998250798085
2020-04-21,4.11,4.32,3.96,4.23,40618890,0.0,4.181999999999997,,45.76632758723815,-0.3725719636286122,-0.6269920678867037,0.2544201042580915
2020-04-22,4.4,4.605,4.4,4.545,33414297,0.0,4.2449999999999966,,50.588139395005854,-0.3078433402773708,-0.5631623223648371,0.2553189820874663
2020-04-23,4.76,5.0,4.66,4.83,46716983,0.0,4.432999999999997,,54.52736081801086,-0.23088680243491755,-0.49670721837885323,0.2658204159439357
2020-04-24,5.0,5.15,4.75,4.92,44686053,0.0,4.546999999999997,,55.727672069289206,-0.16078254284399396,-0.4295222832718814,0.26873974042788745
2020-04-27,4.8,4.96,4.57,4.85,32026863,0.0,4.674999999999997,,54.52219959442324,-0.10960931902951998,-0.36553969042340917,0.2559303713938892
2020-04-28,4.96,5.07,4.8,4.985,27572966,0.0,4.825999999999997,,56.47753081722792,-0.057497997590493455,-0.30393135185682607,0.24643335426633262
2020-04-29,5.19,5.88,5.18,5.865,46573518,0.0,5.089999999999996,,66.56809760198908,0.054184638837125654,-0.23230815371803576,0.2864927925551614
2020-04-30,6.31,6.34,5.75,6.12,70880137,0.0,5.347999999999996,,68.82373027379509,0.16140967149309926,-0.15356458867580874,0.314974260168908
2020-05-01,5.89,6.025,5.46,5.51,36356859,0.0,5.465999999999996,,58.632631507685694,0.19491749284472437,-0.08386817237170213,0.2787856652164265
2020-05-04,5.34,5.81,5.24,5.8,29761310,0.0,5.655999999999994,,61.54775744809929,0.2420826805949181,-0.018678001778378084,0.2607606823732962
2020-05-05,6.2,6.25,5.5,5.5221,49786682,0.0,5.763419999999995,,57.375230926122825,0.25410802506478447,0.03587920359025443,0.21822882147453004
2020-05-06,5.61,5.79,5.45,5.595,28135607,0.0,5.709419999999994,,58.17623307802,0.2664491579108086,0.08199319445436526,0.18445596345644333
2020-05-07,5.62,5.81,5.35,5.52,39817233,0.0,5.589419999999993,,56.98968238134335,0.26709877301341134,0.11901431016617448,0.14808446284723686
2020-05-08,5.6,5.79,5.52,5.78,32469949,0.0,5.643419999999994,,60.03294621195524,0.2853046107944994,0.15227237029183946,0.13303224050265997
2020-05-11,5.7,5.835,5.61,5.745,28268445,0.0,5.632419999999993,,59.42340389722172,0.29352508642589914,0.1805229135186514,0.11300217290724773
2020-05-12,5.83,6.23,5.81,5.965,44519366,0.0,5.720999999999992,,62.032924151795214,0.3141704723316865,0.20725242528125842,0.10691804705042807
2020-05-13,5.9,5.93,5.36,5.55,65916350,0.0,5.711999999999992,,54.86504172400585,0.293659928840988,0.22453392599320435,0.06912600284778367
2020-05-14,5.43,5.79,5.2,5.645,32376848,0.0,5.736999999999991,,56.11513824333668,0.2818222103928223,0.23599158287312794,0.045830627519694356
2020-05-15,5.62,5.78,5.57,5.617999999999999,34076006,0.0,5.70459999999999,,55.64343455554916,0.26718214938194773,0.2422296961748919,0.02495245320705583
2020-05-18,5.94,6.2,5.89,6.0775,43543017,0.0,5.771099999999991,,61.56483484882045,0.2893224759474231,0.2516482521293982,0.03767422381802493
2020-05-19,6.03,6.05,5.79,5.83,34078261,0.0,5.744099999999991,,57.14015081701497,0.2836281736731099,0.25804423643814056,0.025583937234969323
2020-05-20,5.92,6.07,5.88,5.945,32291464,0.0,5.82309999999999,,58.62801478179254,0.2851083850117746,0.2634570661528674,0.021651318858907198
2020-05-21,6.0,6.11,5.86,5.945,28922595,0.0,5.88309999999999,,58.62801478179254,0.2830189963453522,0.2673694521913644,0.015649544153987838
2020-05-22,5.88,5.93,5.75,5.89,18418934,0.0,5.937499999999989,,57.52045014943337,0.273769258827838,0.2686494135186591,0.005119845309178861
2020-05-26,6.07,6.12,5.925,6.035,28071771,0.0,5.92899999999999,,59.68288642686194,0.2749693874528303,0.2699134083054934,0.005055979147336909
2020-05-27,6.12,6.15,5.86,6.14,33181601,0.0,5.99099999999999,,61.222286798639686,0.28115217327066944,0.27216116129852863,0.008991011972140805
2020-05-28,6.11,6.11,5.7,5.7,44501766,0.0,5.94199999999999,,52.223637367803775,0.24769250776304297,0.2672674305914315,-0.01957492282838852
2020-05-29,5.64,5.65,5.31,5.335,65479008,0.0,5.8199999999999905,,46.16215641293778,0.1895381543566339,0.251721575344472,-0.06218342098783808
2020-06-01,5.34,5.69,5.25,5.69,41543920,0.0,5.77999999999999,,51.997850109001,0.17013473611108143,0.2354042074977939,-0.06526947138671246
2020-06-02,5.77,5.87,5.73,5.86,34695733,0.0,5.7449999999999894,,54.539104101660875,0.16655502396871213,0.22163437079197756,-0.05507934682326543
2020-06-03,5.97,6.0121,5.84,5.95,31799805,0.0,5.706999999999989,,55.87105793657313,0.16903183042162873,0.2111138627179078,-0.042082032296279076
2020-06-04,5.93,6.24,5.82,6.23,45201235,0.0,5.812999999999989,,59.81570160207573,0.19138224196825426,0.2071675385679771,-0.01578529659972283
2020-06-05,6.86,7.45,6.79,7.32,61874088,0.0,6.209999999999989,,70.76966351777693,0.29366382090685583,0.22446679503575284,0.06919702587110299
2020-06-08,8.42,8.48,7.85,8.41,66666658,0.0,6.753999999999991,,77.40321581939408,0.45740393180283245,0.27105422238916876,0.1863497094136637
2020-06-09,7.95,8.02,7.5,7.65,46387583,0.0,7.11199999999999,,66.13366266241081,0.5198509824272843,0.32081357439679187,0.19903740803049247
2020-06-10,7.52,7.54,7.1,7.1,37122683,0.0,7.34199999999999,,59.39419668240116,0.5189778627464152,0.36044643206671656,0.15853143067969866
2020-06-11,6.31,6.785,6.19,6.265,39026084,0.0,7.3489999999999895,,50.911611611112505,0.4457698303725559,0.3775111117278845,0.06825871864467142
2020-06-12,6.78,6.82,6.38,6.38,12846356,0.0,7.16099999999999,,51.92986439603507,0.3925069009585913,0.3805102695740259,0.011996631384565415
2020-06-15,6.22,6.6974,6.12,6.6,29080655,0.0,6.79899999999999,,53.89996155128024,0.36385353003929044,0.3771789216670788,-0.013325391627788341
2020-06-16,6.97,7.0,6.5706,6.75,36631203,0.0,6.61899999999999,,55.24672216782043,0.34922364080007373,0.3715878654936778,-0.02236422469360405
2020-06-17,6.71,6.71,6.36,6.38,25863902,0.0,6.47499999999999,,51.26811025913339,0.30426605076023083,0.35812350254698844,-0.053857451786757604
2020-06-18,6.31,6.57,6.23,6.49,18422103,0.0,6.519999999999991,,52.366393041864335,0.2743503770736275,0.34136887745231626,-0.06701850037868873
2020-06-19,6.7,6.7,6.27,6.365,31288160,0.0,6.516999999999991,,50.960864338442114,0.23781416119866883,0.3206579342015868,-0.08284377300291795
2020-06-22,6.26,6.3,6.07,6.27,23027813,0.0,6.450999999999989,,49.86543357497386,0.19890044037129506,0.2963064354355285,-0.09740599506423342
2020-06-23,6.4,6.44,6.26,6.3201,20395078,0.0,6.36501999999999,,50.47009800348209,0.1701423919695486,0.27107362674233254,-0.10093123477278393
2020-06-24,6.16,6.2,5.73,5.78,30962455,0.0,6.2450199999999905,,44.27113620495711,0.10258731254402598,0.23737636390267125,-0.13478905135864527
2020-06-25,5.65,5.99,5.55,5.98,23990358,0.0,6.14301999999999,,46.873320128318724,0.06444487353492345,0.2027900658291217,-0.13834519229419825
2020-06-26,5.87,5.89,5.62,5.74,22341811,0.0,6.01801999999999,,44.20582734445326,0.01468148259007318,0.165168349181312,-0.15048686659123883
2020-06-29,5.79,5.99,5.66,5.97,23063386,0.0,5.95801999999999,,47.30097515199983,-0.006126661114183918,0.13090934712221283,-0.13703600823639675
2020-06-30,5.91,6.15,5.8,6.12,21645978,0.0,5.91799999999999,,49.27723294356822,-0.010393706339864472,0.10264873642979738,-0.11304244276966186
2020-07-01,6.17,6.23,5.89,5.96,22595968,0.0,5.953999999999989,,47.242141181526364,-0.026381918908819912,0.07684260536207393,-0.10322452427089385
2020-07-02,6.13,6.27,6.0,6.12,27702786,0.0,5.981999999999989,,49.48866592178902,-0.025844114865591905,0.05630526131654077,-0.08214937618213267
2020-07-06,6.22,6.22,5.71,5.86,33198612,0.0,6.005999999999989,,46.05661216263125,-0.045868979334679594,0.0358704131862967,-0.08173939252097628
2020-07-07,5.78,5.79,5.56,5.56,23238568,0.0,5.92399999999999,,42.4025734776196,-0.0849668762339979,0.011702955302237777,-0.09666983153623568
2020-07-08,5.6,5.72,5.47,5.68,22697944,0.0,5.83599999999999,,44.305992035433206,-0.10505819857695098,-0.011649275473599974,-0.093408923103351
2020-07-09,5.66,5.72,5.27,5.27,23001624,0.0,5.697999999999989,,39.502637852516685,-0.15230857136898557,-0.039781134652677096,-0.11252743671630847
2020-07-10,5.21,5.41,5.12,5.34,30999937,0.0,5.541999999999988,,40.68498673344882,-0.18200833841267006,-0.0682265754046757,-0.11378176300799436
2020-07-13,5.38,5.41,5.13,5.13,30230802,0.0,5.395999999999988,,38.26864565679736,-0.21995535431968616,-0.09857233118767779,-0.12138302313200837
2020-07-14,5.09,5.395,4.97,5.37,30276788,0.0,5.357999999999988,,42.473659554817786,-0.22803400946826446,-0.12446466684379515,-0.10356934262446932
2020-07-15,5.58,5.71,5.41,5.68,29356255,0.0,5.357999999999988,,47.45271589313938,-0.20703541724030483,-0.14097881692309708,-0.06605660031720775
2020-07-16,5.57,5.86,5.48,5.73,19029063,0.0,5.449999999999988,,48.23100865316665,-0.18423554677976206,-0.1496301628944301,-0.034605383885331964
2020-07-17,5.74,5.84,5.47,5.52,20539130,0.0,5.485999999999988,,45.20275928211425,-0.18102498676902634,-0.15590912766934936,-0.02511585909967698
2020-07-20,5.5,5.617999999999999,5.41,5.485,18861537,0.0,5.556999999999989,,44.69903042940996,-0.17923865072905976,-0.16057503228129144,-0.018663618447768315
2020-07-21,5.61,5.96,5.61,5.86,35579035,0.0,5.654999999999989,,50.999594882039204,-0.14588196407975218,-0.1576364186409836,0.01175445456123142
2020-07-22,5.79,5.825,5.6,5.8,21249864,0.0,5.67899999999999,,50.01767760438832,-0.12287166013422812,-0.15068346693963253,0.027811806805404404
2020-07-23,5.8,5.88,5.695,5.77,14896143,0.0,5.68699999999999,,49.50445339671298,-0.10583655977651851,-0.14171408550700973,0.035877525730491217
2020-07-24,5.76,5.92,5.7,5.72,17430557,0.0,5.7269999999999905,8.631630499999991,48.60922117378865,-0.09527246052445015,-0.13242576051049781,0.03715329998604766
