Date,Open,High,Low,Close,Volume,OpenInterest,5 day sma,200 day sma,rsi,macd,signal,histogram
2019-10-08,40.05,40.2,39.69,39.82,7137195,0.0,,,,,,
2019-10-09,40.19,40.65,40.03,40.45,7477006,0.0,,,,,,
2019-10-10,40.86,41.41,40.75,41.06,6478893,0.0,,,,,,
2019-10-11,42.0,42.59,41.9,41.94,12596518,0.0,,,,,,
2019-10-14,41.88,42.31,41.72,42.275,5174653,0.0,41.109,,,,,
2019-10-15,42.39,42.92,41.905,42.54,9039875,0.0,41.653000000000006,,,,,
2019-10-16,42.59,43.15,42.45,42.81,8515230,0.0,42.125,,,,,
2019-10-17,44.37,44.5,43.44,43.45,15821794,0.0,42.602999999999994,,,,,
2019-10-18,43.53,43.86,43.225,43.665,9886192,0.0,42.948,,,,,
2019-10-21,44.08,45.09,44.08,45.0,12077838,0.0,43.493,,,,,
2019-10-22,44.85,45.62,44.57,45.38,10913030,0.0,44.06100000000001,,,,,
2019-10-23,45.13,45.93,45.1,45.92,7263322,0.0,44.68300000000001,,,,,
2019-10-24,46.0,46.13,45.51,45.76,6650964,0.0,45.145,,,,,
2019-10-25,45.7,46.46,45.61,46.36,8677370,0.0,45.68400000000001,,,,,
2019-10-28,46.49,47.16,46.47,46.85,9094280,0.0,46.05400000000001,,97.82312925170064,,,
2019-10-29,46.53,46.9251,46.53,46.82,6099775,0.0,46.342000000000006,,97.39501927685728,,,
2019-10-30,46.26,46.29,45.83,46.27,6342167,0.0,46.412,,89.6488885281944,,,
2019-10-31,45.46,46.07,45.42,46.06,5203432,0.0,46.472,,86.80993176186499,,,
2019-11-01,46.53,47.4,46.46,47.39,7907172,0.0,46.678,,89.15280302510675,,,
2019-11-04,47.99,49.0,47.88,48.845,14462616,0.0,47.077000000000005,,91.02992857163532,,,
2019-11-05,48.97,49.89,48.68,48.77,12954639,0.0,47.467000000000006,,90.16378303385859,,,
2019-11-06,48.74,48.8,48.235,48.56,6726820,0.0,47.925000000000004,,87.64902347890579,,,
2019-11-07,49.12,49.58,48.57,48.68,10299843,0.0,48.449,,87.8574348537527,,,
2019-11-08,48.64,49.15,48.29,49.15,7053139,0.0,48.801,,88.66424589741077,,,
2019-11-11,48.86,49.3899,48.71,49.09,6124430,0.0,48.85000000000001,,87.86164654382974,,,
2019-11-12,49.07,49.21,48.77,49.01,5689677,0.0,48.89800000000001,,86.73428170102932,2.3737716258775805,,
2019-11-13,48.52,48.58,48.1924,48.39,6189550,0.0,48.86400000000001,,78.344336188965,2.2424155703513833,,
2019-11-14,48.32,48.7172,48.21,48.61,4864451,0.0,48.85000000000001,,79.11629062914325,2.1314965459892363,,
2019-11-15,48.87,49.155,48.72,49.0,5439739,0.0,48.82000000000001,,80.44693391378757,2.051414728657207,,
2019-11-18,48.84,49.085,48.56,49.03,4574906,0.0,48.80800000000001,,80.54959926340484,1.9676877808482658,,
2019-11-19,49.22,49.6,49.21,49.33,5780652,0.0,48.872000000000014,,81.59055985163542,1.9035975763728956,,
2019-11-20,48.96,49.11,48.39,49.1,7506264,0.0,49.014000000000024,,78.137862399419,1.8133434551870877,,
2019-11-21,49.25,49.34,48.73,48.84,5711850,0.0,49.06000000000002,,74.30966679366847,1.7012259134581953,,
2019-11-22,48.94,49.255,48.82,49.25,5343146,0.0,49.110000000000014,,76.28294595515908,1.626703897420363,1.9790730104624683,-0.3523691130421054
2019-11-25,49.35,49.98,49.32,49.96,6560122,0.0,49.29600000000001,,79.25460917349228,1.6064179430041605,1.9045419969708068,-0.2981240539666463
2019-11-26,49.92,49.93,49.07,49.41,8235931,0.0,49.31200000000001,,71.75435260185372,1.528342987914499,1.8293021951595454,-0.30095920724504643
2019-11-27,49.63,49.87,49.5,49.79,6553846,0.0,49.45000000000002,,73.61240114154947,1.4800695275119011,1.7594556616300168,-0.27938613411811564
2019-11-29,49.7,49.72,49.37,49.49,3541420,0.0,49.58000000000001,,69.71347851424204,1.401449927167839,1.6878545147375814,-0.2864045875697425
2019-12-02,49.58,49.96,49.06,49.09,6891362,0.0,49.548000000000016,,64.78627961741279,1.291973602941951,1.6086783323784555,-0.3167047294365044
2019-12-03,48.41,48.44,47.44,48.11,9010344,0.0,49.17800000000001,,54.603732297781825,1.1133015699679163,1.5096029798963477,-0.39630140992843144
2019-12-04,48.36,49.09,48.17,48.85,7047846,0.0,49.06600000000002,,59.74829016467153,1.0196605006011623,1.4116144840373108,-0.3919539834361485
2019-12-05,49.14,49.26,48.95,49.085,4908194,0.0,48.92500000000002,,61.25011456795643,0.9534213664750553,1.31997586052486,-0.36655449404980467
2019-12-06,49.84,50.235,49.73,49.795,8159916,0.0,48.98600000000001,,65.44500677530095,0.9472975848494727,1.2454402053897824,-0.2981426205403097
2019-12-09,49.53,49.9,49.43,49.595,4714940,0.0,49.08700000000002,,63.36411224924242,0.9157499202157666,1.1795021483549792,-0.2637522281392126
2019-12-10,49.53,49.925,49.27,49.68,6014314,0.0,49.40100000000001,,63.88962011566382,0.8873778192039836,1.1210772825247801,-0.2336994633207965
2019-12-11,49.66,49.79,49.415,49.45,4653951,0.0,49.52100000000001,,61.3262432715366,0.8366888190471329,1.0641995898292507,-0.2275107707821178
2019-12-12,49.65,50.87,49.47,50.69,9356639,0.0,49.84200000000001,,68.63312307574859,0.8863576785362426,1.028631207570649,-0.14227352903440638
2019-12-13,50.74,51.15,50.14,50.25,7804366,0.0,49.93300000000001,,64.01155202353223,0.8800713698335656,0.9989192400232323,-0.1188478701896667
2019-12-16,50.77,51.12,50.6,50.72,7929772,0.0,50.158,,66.59885391811102,0.9026097733305107,0.9796573466846881,-0.07704757335417733
2019-12-17,50.82,51.22,50.77,50.89,7921567,0.0,50.4,,67.50873850630563,0.923543168966809,0.9684345111411122,-0.04489134217430324
2019-12-18,50.96,51.12,50.64,50.665,6670140,0.0,50.64300000000001,,64.98549227481301,0.9114705510867935,0.9570417191302486,-0.04557116804345507
2019-12-19,50.65,51.0,50.545,50.85,6727749,0.0,50.67500000000001,,66.10720318084867,0.9063826533051653,0.9469099059652321,-0.04052725266006674
2019-12-20,51.44,51.44,50.66,50.69,9086367,0.0,50.76300000000001,,64.1918633611927,0.8793037287947101,0.9333886705311277,-0.05408494173641765
2019-12-23,50.91,51.1,50.71,50.71,5514097,0.0,50.76100000000001,,64.33098122896915,0.8496629334797419,0.9166435231208506,-0.06698058964110876
2019-12-24,50.83,50.93,50.57,50.69,1815016,0.0,50.721000000000004,,64.06294544598603,0.8151618780793584,0.8963471941125523,-0.0811853160331939
2019-12-26,50.97,51.29,50.86,51.12,3870306,0.0,50.812000000000005,,67.2247947296685,0.8131435369186022,0.8797064626737623,-0.0665629257551601
2019-12-27,51.33,51.33,50.925,51.09,3282785,0.0,50.86000000000001,,66.78332169235816,0.7999024600898821,0.8637456621569863,-0.06384320206710425
2019-12-30,51.36,51.38,50.92,50.99,3483801,0.0,50.92,,65.24521384740805,0.7724354915193459,0.8454836280294583,-0.07304813651011244
2019-12-31,50.96,51.13,50.74,51.11,3974143,0.0,51.00000000000001,,66.24974129189192,0.7516857527074592,0.8267240529650586,-0.07503830025759939
2020-01-02,51.2,52.06,51.17,52.06,6384198,0.0,51.274000000000015,,72.92222107564004,0.8026460912142923,0.8219084606149054,-0.0192623694006131
2020-01-03,51.22,51.45,50.83,51.19,5558616,0.0,51.28800000000001,,61.023790715917315,0.7640236089479799,0.8103314902815204,-0.04630788133354047
2020-01-06,50.67,51.04,50.46,51.02,5641965,0.0,51.274,,58.9980593004636,0.7114957540789533,0.7905643430410071,-0.07906858896205382
2020-01-07,51.04,51.19,50.71,50.92,3583407,0.0,51.260000000000005,,57.78294230386845,0.6542560301322311,0.763302680459252,-0.10904665032702088
2020-01-08,50.96,51.79,50.9,51.56,5189764,0.0,51.35,,63.030832058942714,0.6530083144459695,0.7412438072565956,-0.08823549281062604
2020-01-09,52.17,52.25,51.82,52.07,5853506,0.0,51.352,,66.59444344768133,0.6852728299117672,0.73004961178763,-0.04477678187586276
2020-01-10,52.15,52.47,51.915,52.22,5729333,0.0,51.55800000000001,,67.58416635757115,0.7147077314315524,0.7269812357164145,-0.012273504284862069
2020-01-13,52.21,52.78,52.07,52.78,6369672,0.0,51.91000000000001,,71.03447373243574,0.7742968111814577,0.7364443508094232,0.03785246037203449
2020-01-14,53.06,53.245,52.675,52.85,8058970,0.0,52.296000000000014,,71.44363843380333,0.8177435624250506,0.7527041931325487,0.06503936929250198
2020-01-15,52.48,52.94,52.11,52.93,10060792,0.0,52.570000000000014,,71.93162805999106,0.8488457913204499,0.771932512770129,0.07691327855032093
2020-01-16,56.05,57.36,55.65,56.46,29266185,0.0,53.448000000000015,,84.51006560558108,1.1451356197562177,0.8465731341673468,0.2985624855888709
2020-01-17,56.18,57.57,56.18,57.5,13593639,0.0,54.50400000000002,,86.43832759970952,1.447184509616072,0.9666954092570919,0.4804891003589802
2020-01-21,55.88,56.48,55.18,55.91,37995586,0.0,55.13000000000002,,71.73555067692638,1.5405027622456942,1.0814568798548123,0.45904588239088184
2020-01-22,56.18,56.51,55.85,55.85,18292781,0.0,55.73000000000002,,71.24308660829466,1.5912734415168046,1.183420192187211,0.40785324932959366
2020-01-23,55.22,55.65,54.8,55.53,16852401,0.0,56.250000000000014,,68.54055285498382,1.5873898034355918,1.2642141144368872,0.3231756889987045
2020-01-24,55.53,55.61,54.1,54.55,16706265,0.0,55.868000000000016,,60.91902370238698,1.4880805165806663,1.3089873948656432,0.17909312171502312
2020-01-27,53.0,53.692,52.86,53.1,8904567,0.0,54.98800000000002,,51.749849694223606,1.2776463970609342,1.3027191953047015,-0.02507279824376729
2020-01-28,53.8,54.44,53.375,54.035,7741102,0.0,54.613000000000035,,56.3157883711824,1.1728031820860778,1.276735992660977,-0.10393281057489911
2020-01-29,54.48,54.55,53.68,53.69,7002772,0.0,54.181000000000026,,54.274884817664976,1.0497744161418368,1.231343677357149,-0.18156926121531214
2020-01-30,52.61,53.86,52.4,53.82,7677792,0.0,53.839000000000034,,54.93758293529107,0.9517914865144022,1.1754332391885995,-0.2236417526741974
2020-01-31,53.2,53.28,51.885,52.24,8343701,0.0,53.37700000000003,,46.17781287334851,0.7381377212904638,1.0879741356089725,-0.34983641431850865
2020-02-03,52.64,53.59,52.58,52.59,7183548,0.0,53.27500000000002,,48.15008504734748,0.590253572225663,0.9884300229323106,-0.39817645070664764
2020-02-04,53.75,54.6,53.73,54.02,8305332,0.0,53.27200000000003,,55.34931874483231,0.5817374603119134,0.9070915104082312,-0.3253540500963178
2020-02-05,54.86,55.15,54.3829,54.995,6879358,0.0,53.53300000000003,,59.480338686695966,0.6462135839086969,0.8549159251083244,-0.2087023411996275
2020-02-06,55.43,55.49,54.61,55.01,5539433,0.0,53.77100000000003,,59.542354313190245,0.6905613891892699,0.8220450179245135,-0.13148362873524355
2020-02-07,54.61,55.11,54.42,55.03,6073823,0.0,54.32900000000002,,59.63107113492528,0.7190326168114964,0.8014425377019101,-0.08240992089041366
2020-02-10,54.68,55.36,54.615,55.35,3889239,0.0,54.881000000000014,,61.10084395937179,0.7586720958111144,0.792888449323751,-0.03421635351263663
2020-02-11,55.74,56.245,55.69,55.77,5977789,0.0,55.231000000000016,,63.00469762199617,0.8145871053314906,0.797228180525299,0.01735892480619161
2020-02-12,56.22,56.655,56.11,56.18,5316483,0.0,55.46800000000002,,64.81507559486909,0.8818186699946793,0.8141462784191751,0.0676723915755042
2020-02-13,55.8,55.99,55.5,55.93,4110031,0.0,55.65200000000002,,62.79715767079273,0.9045007372379672,0.8322171701829335,0.07228356705503369
2020-02-14,55.9,56.12,55.54,55.83,3923168,0.0,55.81200000000001,,61.9661091733959,0.903986678955782,0.8465710719375033,0.05741560701827875
2020-02-18,55.8,55.96,54.935,55.53,5304882,0.0,55.848,,59.425346826798005,0.8693504603135551,0.8511269496127136,0.018223510700841494
2020-02-19,55.86,56.43,55.49,56.3,4819404,0.0,55.95400000000001,,63.55575463102188,0.8937311954478346,0.859647798779738,0.03408339666809668
2020-02-20,54.0,55.505,53.59,53.73,50380024,0.0,55.46400000000001,,46.53023304553038,0.6976336951063473,0.8272449780450598,-0.1296112829387125
2020-02-21,53.5,53.59,52.09,52.41,26247535,0.0,54.760000000000005,,40.525431185975535,0.4307466655498331,0.7479453155460145,-0.3171986499961814
2020-02-24,50.31,50.49,49.21,49.675,25615852,0.0,53.52900000000001,,31.464831432464905,-0.0014382911175232493,0.598068594213307,-0.5995068853308303
2020-02-25,49.98,50.15,47.56,48.02,22304606,0.0,52.027,,27.46345166421486,-0.4720511398897571,0.3840446473926943,-0.8560957872824514
2020-02-26,48.22,48.55,46.89,47.24,19011366,0.0,50.214999999999996,,25.79828939874362,-0.8976076323478921,0.12771419144457702,-1.025321823792469
2020-02-27,45.74,47.205,45.16,45.4,23020800,0.0,48.54899999999999,,22.35492790450985,-1.3675723186629725,-0.1713431105769329,-1.1962292080860395
2020-02-28,43.87,45.5462,43.69,45.06,30115836,0.0,47.07899999999999,,21.776530709921488,-1.7473159068737871,-0.48653766983630375,-1.2607782370374834
2020-03-02,45.11,46.48,44.4,46.48,19934223,0.0,46.43999999999998,,29.93061708776665,-1.911647026903644,-0.7715595412497719,-1.140087485653872
2020-03-03,46.37,46.92,43.855,44.39,26261098,0.0,45.713999999999984,,25.686513128610528,-2.1853349753383853,-1.0543146280674947,-1.1310203472708906
2020-03-04,45.16,45.3229,44.21,45.23,18834584,0.0,45.311999999999976,,29.983727430544235,-2.3078502058745656,-1.3050217436289089,-1.0028284622456567
2020-03-05,43.51,43.94,42.14,42.57,20826936,0.0,44.745999999999974,,25.044882356334867,-2.589731367053922,-1.5619636683139113,-1.0277676987400106
2020-03-06,40.51,42.24,40.34,41.84,26730263,0.0,44.101999999999975,,23.882253768881256,-2.8392994407180367,-1.8174308227947367,-1.0218686179233
2020-03-09,36.85,39.02,36.85,37.27,24271561,0.0,42.25999999999998,,18.18951610888689,-3.367031698537879,-2.127350997943365,-1.2396807005945139
2020-03-10,39.81,39.99,37.05,39.5,22920082,0.0,41.28199999999997,,27.29649922441152,-3.5642346731996994,-2.414727732994632,-1.1495069402050673
2020-03-11,38.23,38.86,36.443000000000005,36.85,24217293,0.0,39.60599999999997,,23.892751044477095,-3.8895163807187956,-2.709685462539465,-1.1798309181793307
2020-03-12,33.91,34.91,31.21,31.31,24315501,0.0,37.35399999999997,,18.65547603405963,-4.541979070305345,-3.076144184092641,-1.4658348862127042
2020-03-13,34.27,37.52,33.068000000000005,37.51,28551360,0.0,36.48799999999997,,35.654500724328784,-4.506820447385344,-3.362279436751182,-1.1445410106341622
2020-03-16,31.07,35.27,30.36,31.65,17442659,0.0,35.36399999999997,,29.400700893134285,-4.895379128033369,-3.6688993750076193,-1.2264797530257496
2020-03-17,32.37,35.12,30.11,33.7501,23705500,0.0,34.21401999999997,,33.87690452955083,-4.976488303720188,-3.930417160750133,-1.0460711429700553
2020-03-18,31.34,32.84,27.2,30.75,21759598,0.0,32.99401999999997,,30.86616895166101,-5.222647477791398,-4.188863224158386,-1.0337842536330122
2020-03-19,30.35,32.9,28.74,30.93,20873167,0.0,32.91801999999997,,31.260893588723405,-5.341630905023358,-4.41941676033138,-0.9222141446919778
2020-03-20,31.25,31.45,29.19,29.66,25426071,0.0,31.348019999999973,,29.96109175889113,-5.475288793538155,-4.630591166972735,-0.84469762656542
2020-03-23,29.15,29.7899,27.76,27.82,23517468,0.0,30.58201999999997,,28.135794014457076,-5.66439068575302,-4.837351070728792,-0.8270396150242281
2020-03-24,30.09,33.375,29.4,33.21,23506795,0.0,30.473999999999972,,39.72086545674376,-5.3180244681350075,-4.9334857502100355,-0.38453871792497196
2020-03-25,33.9,35.48,32.25,33.98,24678813,0.0,31.11999999999997,,41.17968008785184,-4.924626155549554,-4.931713831277939,0.007087675728385534
2020-03-26,33.8,36.85,33.33,35.7,23238351,0.0,32.07399999999997,,44.41567509268028,-4.423079031380894,-4.82998687129853,0.40690783991763624
2020-03-27,33.64,34.73,33.12,34.01,21740697,0.0,32.94399999999997,,41.97232112100031,-4.11453836109056,-4.686897169256937,0.5723588081663769
2020-03-30,33.53,35.34,32.97,34.83,16269855,0.0,34.34599999999997,,43.59371833936153,-3.760501786235288,-4.501618092652607,0.741116306417319
2020-03-31,34.53,35.29,33.715,34.02,14004537,0.0,34.50799999999997,,42.33533467518458,-3.5048833667761983,-4.302271147477326,0.7973877807011274
2020-04-01,31.68,32.41,31.16,31.615,21223846,0.0,34.034999999999975,,38.75795709594929,-3.456522686382023,-4.133121455258265,0.676598768876242
2020-04-02,31.34,34.0,31.25,33.88,18635006,0.0,33.67099999999997,,43.59230545748734,-3.1985589318124354,-3.9462089505690994,0.7476500187566639
2020-04-03,33.56,34.3,32.86,33.84,14015778,0.0,33.63699999999997,,43.526958846951395,-2.963190646245806,-3.7496052897044407,0.7864146434586345
2020-04-06,35.93,37.5,35.75,37.01,17017860,0.0,34.072999999999965,,49.93246421083506,-2.4921392470554764,-3.498112081174648,1.0059728341191714
2020-04-07,39.66,39.66,36.86,36.94,17763125,0.0,34.65699999999997,,49.7981416938363,-2.100265481341623,-3.218542761208043,1.1182772798664202
2020-04-08,37.71,39.785,37.45,39.37,13737907,0.0,36.20799999999996,,54.38549034958204,-1.5754610725191824,-2.889926423470271,1.3144653509510884
2020-04-09,40.26,41.85,40.26,41.07,19714714,0.0,37.645999999999965,,57.32353078387405,-1.0107230191965328,-2.5140857426155234,1.5033627234189906
2020-04-13,40.88,41.0,39.25,39.58,9801942,0.0,38.79399999999997,,54.03821027287246,-0.6756066182264107,-2.1463899177377006,1.47078329951129
2020-04-14,40.51,40.77,38.37,39.87,13386925,0.0,39.36599999999997,,54.583782416227926,-0.38221790956632873,-1.7935555161034265,1.4113376065370977
2020-04-15,38.21,39.41,37.59,38.41,14416952,0.0,39.65999999999997,,51.28334757199599,-0.26446643799998526,-1.4877377004827383,1.223271262482753
2020-04-16,37.86,39.08,37.07,38.37,24413269,0.0,39.459999999999965,,51.19202006079235,-0.17238803220868704,-1.224667766827928,1.052279734619241
2020-04-17,39.55,40.1,38.19,39.07,21950566,0.0,39.05999999999997,,52.77692158515348,-0.04244183927011136,-0.9882225813163648,0.9457807420462534
2020-04-20,38.19,39.54,37.82,38.3665,14030889,0.0,38.81729999999997,,50.985057327332484,0.0037318656164728736,-0.7898316919297972,0.7935635575462701
2020-04-21,37.3,38.14,36.56,36.95,12962271,0.0,38.233299999999964,,47.488904838241424,-0.07313183415177349,-0.6464917203741924,0.573359886222419
2020-04-22,37.87,38.09,37.44,37.8899,8445459,0.0,38.129279999999966,,49.941764741314515,-0.05754149255536589,-0.5287016748104272,0.4711601822550613
2020-04-23,38.1,38.39,37.28,37.48,7704603,0.0,37.95127999999996,,48.86964859611186,-0.07736966945213197,-0.43843527373876817,0.3610656042866362
2020-04-24,37.97,38.19,37.26,37.98,7008511,0.0,37.733279999999965,,50.27199642063857,-0.05213682036040268,-0.3611755830630951,0.3090387627026924
2020-04-27,38.64,39.55,38.33,39.31,10622353,0.0,37.92197999999996,,53.89440101634726,0.0743235237469122,-0.27407576170109366,0.34839928544800586
2020-04-28,40.57,41.38,39.84,40.13,11892088,0.0,38.557979999999965,,56.02147916061164,0.23796825461450055,-0.17166695843797483,0.4096352130524754
2020-04-29,41.1,41.355,40.55,40.79,14118717,0.0,39.13799999999996,,57.712528433390524,0.41611762205076275,-0.0541100423402273,0.47022766439099006
2020-04-30,39.9,40.11,39.03,39.43,10888839,0.0,39.52799999999997,,53.17515942366829,0.4424612276255999,0.04520421165293814,0.3972570159726618
2020-05-01,38.35,38.72,37.91,38.41,11862723,0.0,39.61399999999997,,50.00010714385385,0.37669099008308393,0.1115015673389673,0.2651894227441166
2020-05-04,38.0,38.22,37.17,38.09,11349466,0.0,39.36999999999997,,49.01138659696246,0.29534176135224754,0.14826960614162335,0.1470721552106242
2020-05-05,38.98,39.305,37.9,37.97,8099347,0.0,38.937999999999974,,48.62309217669949,0.21866824298646748,0.1623493335105922,0.056318909475875284
2020-05-06,38.47,38.63,37.05,37.3,7112788,0.0,38.23999999999997,,46.41216602103682,0.10265715887667426,0.15041089858380863,-0.04775373970713437
2020-05-07,37.76,39.14,37.76,38.83,8437467,0.0,38.11999999999997,,51.80185047261755,0.13264668376072564,0.14685805561919205,-0.01421137185846641
2020-05-08,39.51,40.165,39.2,40.07,11258458,0.0,38.45199999999997,,55.691406553839904,0.25354848606292535,0.16819614170793873,0.08535234435498662
2020-05-11,39.38,40.06,39.3,39.825,9509029,0.0,38.79899999999997,,54.75126571369834,0.3258385193645026,0.1997246172392515,0.1261139021252511
2020-05-12,39.97,40.07,38.345,38.42,12167165,0.0,38.88899999999997,,49.582055618447455,0.2666829782832423,0.21311628944804967,0.05356668883519261
2020-05-13,38.15,38.28,36.605,36.99,10519309,0.0,38.82699999999998,,44.9322714847253,0.10322284805395299,0.19113760116923034,-0.08791475311527736
2020-05-14,36.26,37.965,35.53,37.81,14221343,0.0,38.622999999999976,,47.94679211452038,0.03939257111585448,0.16078859515855518,-0.1213960240427007
2020-05-15,37.26,37.81,37.02,37.3,8295935,0.0,38.06899999999998,,46.25095999677585,-0.0517495839908193,0.1182809593286803,-0.1700305433194996
2020-05-18,38.92,40.65,38.68,40.27,12380444,0.0,38.15799999999998,,56.0089171939349,0.11435556040129313,0.11749587954320287,-0.0031403191419097365
2020-05-19,40.1,40.5476,39.29,39.32,8337106,0.0,38.33799999999998,,52.71241799419797,0.16740824549024325,0.12747835273261096,0.039929892757632285
2020-05-20,40.07,41.25,40.0386,41.06,10150763,0.0,39.15199999999997,,57.63114634408106,0.34586937203582835,0.17115655659325446,0.1747128154425739
2020-05-21,40.77,40.93,39.84,40.32,8851159,0.0,39.653999999999975,,55.01044204975479,0.4227164726395145,0.22146853980250647,0.20124793283700804
2020-05-22,40.23,40.54,39.8,40.12,5883841,0.0,40.217999999999975,,54.29185660723732,0.4621526172989334,0.26960535530179186,0.19254726199714156
2020-05-26,41.865,43.785,41.55,43.69,17643859,0.0,40.90199999999997,,63.46579543561621,0.7725695099261287,0.37019818622665923,0.4023713236994695
2020-05-27,45.78,46.92,45.31,46.88,24126079,0.0,42.41399999999997,,69.379751799587,1.2614423516149529,0.5484470193043179,0.7129953323106349
2020-05-28,47.25,47.32,44.275,44.39,16387886,0.0,43.07999999999997,,61.06980336897063,1.4314544942302305,0.7250485142895005,0.7064059799407301
2020-05-29,44.01,44.79,43.52,44.265,10872878,0.0,43.86899999999997,,60.676901287322,1.5383705091655102,0.8877129132647025,0.6506575959008077
2020-06-01,44.52,45.07,43.95,44.72,7723789,0.0,44.788999999999966,,61.64423109053607,1.640901626175598,1.0383506558468816,0.6025509703287164
2020-06-02,45.18,46.26,44.88,45.59,9998803,0.0,45.16899999999997,,63.493457461451335,1.7719342491758,1.1850673745126654,0.5868668746631345
2020-06-03,46.98,47.49,46.44,46.91,10356689,0.0,45.174999999999976,,66.15932043258266,1.9597012985443243,1.3399941593189972,0.619707139225327
2020-06-04,46.71,48.75,46.69,48.71,13022521,0.0,46.03899999999997,,69.43686274919816,2.2280691999180178,1.5176091674388015,0.7104600324792163
2020-06-05,51.3,51.85,49.235,49.6,16996598,0.0,47.10599999999998,,70.93575515855727,2.4839350007103107,1.7108743340931034,0.7730606666172073
2020-06-08,50.52,50.68,49.38,50.105,10983434,0.0,48.182999999999986,,71.78141142421065,2.69637760816056,1.9079749889065947,0.7884026192539655
2020-06-09,48.72,50.685,48.57,50.495,13612219,0.0,49.16399999999998,,72.44813189621851,2.86320440763685,2.0990208726526456,0.7641835349842045
2020-06-10,50.03,50.5,48.605,48.71,13658043,0.0,49.52399999999999,,64.89108939184243,2.818886892609598,2.2429940766440364,0.5758928159655614
2020-06-11,46.13,47.2,44.44,44.63,15856151,0.0,48.707999999999984,,51.633541288121116,2.4265710401795815,2.2797094693511455,0.14686157082843598
2020-06-12,46.76,46.945,45.43,45.475,3911815,0.0,47.88299999999999,,53.74144810760321,2.15895524650729,2.2555586247823745,-0.09660337827508458
2020-06-15,44.66,47.85,44.6,47.41,13937731,0.0,47.34399999999999,,58.23069332564053,2.0790402486557014,2.22025494955704,-0.14121470090133847
2020-06-16,49.44,49.6,46.91,48.61,12558344,0.0,46.966999999999985,,60.77312872002347,2.088462512462506,2.193896462138133,-0.10543394967562714
2020-06-17,48.7,48.78,47.655,47.735,7661101,0.0,46.771999999999984,,58.00084015133087,2.0022439155879326,2.155565952828093,-0.15332203724016047
2020-06-18,47.12,48.375,46.97,47.55,8470546,0.0,47.35599999999998,,57.40459908373717,1.897118303613972,2.103876422985269,-0.20675811937129707
2020-06-19,48.46,48.68,46.71,46.98,13701362,0.0,47.65699999999999,,55.51114154494017,1.7476652651316513,2.0326341914145454,-0.28496892628289405
2020-06-22,46.8,47.61,46.55,47.37,10566137,0.0,47.64899999999999,,56.566756607764994,1.641767126547137,1.9544607784410637,-0.3126936518939267
2020-06-23,48.27,48.48,47.61,47.88,8690994,0.0,47.502999999999986,,57.97116032108826,1.5807726632510395,1.8797231554030591,-0.29895049215201963
2020-06-24,47.59,47.65,46.415,46.96,11688567,0.0,47.34799999999998,,54.54485668568546,1.441580161657214,1.7920945566538902,-0.35051439499667625
2020-06-25,46.71,48.86,46.54,48.79,13420975,0.0,47.59599999999998,,59.65310413825133,1.4620808494494284,1.726091815212998,-0.26401096576356964
2020-06-26,48.3,48.37,46.605,47.05,14771379,0.0,47.609999999999985,,53.497060914207715,1.3226773330535977,1.645408918781118,-0.32273158572752036
2020-06-29,47.57,47.8,46.645,47.25,8452203,0.0,47.58599999999999,,54.08360655585428,1.2143392238197848,1.5591949797888516,-0.3448557559690668
2020-06-30,47.06,48.53,47.06,48.3,9865322,0.0,47.669999999999995,,57.14005455074447,1.1993809989349487,1.487232183618071,-0.28785118468312243
2020-07-01,48.41,49.08,47.245,47.62,10509293,0.0,47.80199999999999,,54.60500757837276,1.1197484181968562,1.413735430533828,-0.2939870123369719
2020-07-02,48.86,49.03,47.68,47.79,6879936,0.0,47.60199999999999,,55.14083049169494,1.0581588074396961,1.3426201059150018,-0.28446129847530566
2020-07-06,48.87,49.37,48.7,48.8225,9726826,0.0,47.95649999999999,,58.35591559904896,1.0802107214340708,1.2901382290188157,-0.20992750758474488
2020-07-07,48.52,48.55,47.39,47.49,7846442,0.0,48.00449999999999,,53.06964635701256,0.9788814720400936,1.2278868776230714,-0.2490054055829778
2020-07-08,47.63,48.99,47.275,48.92,11418449,0.0,48.128499999999995,,57.51729115311209,1.002411188645496,1.1827917398275565,-0.18038055118206042
2020-07-09,48.795,49.05,47.02,47.51,8649631,0.0,48.1065,,52.258334492104204,0.896944029989946,1.1256221978600345,-0.22867816787008843
2020-07-10,47.59,49.88,47.5205,49.805,12482385,0.0,48.509499999999996,,58.85293237098887,0.9871684039208972,1.097931439072207,-0.11076303515130981
2020-07-13,51.03,51.03,49.88,50.22,14158703,0.0,48.789,,59.9307663711053,1.079712646699619,1.0942876805976895,-0.014575033898070577
2020-07-14,50.27,50.58,48.91,50.5,15053203,0.0,49.391,,60.67916052784151,1.1622505845268236,1.1078802613835164,0.05437032314330725
2020-07-15,52.49,52.49,50.4596,51.43,16113924,0.0,49.892999999999994,,63.141599293844095,1.2878600733142065,1.1438762237696545,0.143983849544552
2020-07-16,51.58,53.5081,51.34,52.615,22989940,0.0,50.914,,66.05832762873453,1.4661255124118568,1.208326081498095,0.2577994309137619
2020-07-17,52.78,53.01,51.98,52.41,14507536,0.0,51.435,,65.0985927287146,1.5727309075748295,1.281207046713442,0.2915238608613875
2020-07-20,51.76,52.07,51.35,51.86,9172629,0.0,51.76300000000001,,62.476002384777075,1.5944561498526681,1.3438568673412874,0.25059928251138075
2020-07-21,52.1,52.45,51.52,52.38,10844310,0.0,52.13900000000001,,63.95454781435813,1.634788392094812,1.4020431722919924,0.2327452198028197
2020-07-22,52.0,52.35,50.99,51.0,12365159,0.0,52.05300000000001,,57.48142930478465,1.5376721899529713,1.4291689758241881,0.10850321412878317
2020-07-23,50.99,51.245,50.675,51.025,5434964,0.0,51.735,45.963845,57.56522267507305,1.4460549695859584,1.4325461745765422,0.013508795009416152
