Date,Open,High,Low,Close,Volume,OpenInterest,5 day sma,200 day sma,rsi,macd,signal,histogram
2019-10-08,137.08,137.76,135.62,135.66,43365113,0.0,,,,,,
2019-10-09,137.46,138.7,136.97,138.21,33135789,0.0,,,,,,
2019-10-10,138.49,139.6699,138.25,139.1,30602156,0.0,,,,,,
2019-10-11,140.12,141.03,139.5,139.61,43365185,0.0,,,,,,
2019-10-14,140.2,140.29,139.52,139.54,19332176,0.0,138.424,,,,,
2019-10-15,140.06,141.79,139.81,141.57,33525781,0.0,139.60600000000002,,,,,
2019-10-16,140.71,140.99,139.53,140.48,34816708,0.0,140.06,,,,,
2019-10-17,140.95,141.42,139.02,139.67,35471777,0.0,140.174,,,,,
2019-10-18,139.76,140.0,136.56,137.34,58749783,0.0,139.72,,,,,
2019-10-21,138.05,138.5,137.01,138.43,14775463,0.0,139.498,,,,,
2019-10-22,138.97,140.01,136.26,136.39,24185213,0.0,138.462,,,,,
2019-10-23,136.88,137.45,135.61,137.25,25297689,0.0,137.81599999999997,,,,,
2019-10-24,139.39,140.42,138.67,139.95,32841215,0.0,137.872,,,,,
2019-10-25,139.5,141.14,139.2,140.73,19986717,0.0,138.55,,,,,
2019-10-28,144.4,145.67,143.51,144.2,31816013,0.0,139.704,,70.12252591894432,,,
2019-10-29,144.08,144.5,142.65,142.81,17578197,0.0,140.988,,65.50182852498983,,,
2019-10-30,143.52,145.0,142.79,144.56,16677432,0.0,142.45,,68.33119727604873,,,
2019-10-31,144.9,144.93,142.99,143.39,17913741,0.0,143.138,,64.5211689906798,,,
2019-11-01,144.26,144.42,142.965,143.72,23085759,0.0,143.73600000000002,,65.11204645473839,,,
2019-11-04,144.8,145.0,144.16,144.52,14542918,0.0,143.8,,66.56576472697938,,,
2019-11-05,144.97,145.02,143.905,144.46,14318658,0.0,144.13000000000002,,66.34248851341272,,,
2019-11-06,144.37,144.52,143.2,144.06,12956028,0.0,144.03000000000003,,64.78242542662576,,,
2019-11-07,143.84,144.88,143.77,144.28,14764862,0.0,144.20800000000003,,65.26620773064185,,,
2019-11-08,143.98,145.99,143.76,145.96,14457573,0.0,144.656,,68.79178873229411,,,
2019-11-11,145.34,146.42,144.73,146.12,13193003,0.0,144.97600000000003,,69.11333604322394,,,
2019-11-12,146.28,147.57,146.06,147.08,15001797,0.0,145.50000000000003,,71.04126707605703,2.8455111666820585,,
2019-11-13,146.74,147.4625,146.28,147.34,14272821,0.0,146.15600000000003,,71.5590542907762,2.873333029708391,,
2019-11-14,147.02,148.41,147.0,148.06,13433421,0.0,146.91200000000003,,72.99884051159096,2.919822147125501,,
2019-11-15,148.93,149.99,148.27,149.95,19846888,0.0,147.71000000000004,,76.37919785389887,3.0737401491232106,,
2019-11-18,150.07,150.55,148.98,150.34,18280590,0.0,148.55400000000003,,77.01855713890924,3.190413909672742,,
2019-11-19,150.88,151.33,150.195,150.39,18879614,0.0,149.21600000000004,,77.10412244518275,3.2494555863463574,,
2019-11-20,150.07,150.84,148.46,149.62,21902456,0.0,149.67200000000003,,72.61995523695116,3.1972579759186033,,
2019-11-21,149.4,149.8,148.501,149.49,14384044,0.0,149.95800000000003,,71.86010265488116,3.1095560534932076,,
2019-11-22,150.07,150.3,148.82,149.63,12567663,0.0,149.89400000000006,,72.19748842671753,3.0165752760545956,3.052851699347185,-0.0362764232925894
2019-11-25,150.0,151.35,149.92,151.2247,14939388,0.0,150.07094000000004,,75.7622622418423,3.0365626979923945,3.0495938990762275,-0.013031201083832933
2019-11-26,151.36,152.42,151.32,152.0,14027510,0.0,150.39294000000004,,77.28700910577165,3.079464949390996,3.0555681091391813,0.02389684025181449
2019-11-27,152.33,152.5,151.52,152.34,12294833,0.0,150.93694000000005,,77.94233747764076,3.105106713884055,3.0654758300881566,0.03963088379589852
2019-11-29,152.1,152.3,151.28,151.38,8158878,0.0,151.31494000000004,,71.65578025917794,3.0132293873315064,3.0550265415368267,-0.041797154205320375
2019-12-02,151.81,151.83,148.32,149.55,21432374,0.0,151.29894000000007,,61.47657944643685,2.7609240245073465,2.9962060381309312,-0.2352820136235847
2019-12-03,147.5,149.43,146.65,149.32,20179656,0.0,150.91800000000006,,60.31683467091893,2.5134377826991567,2.8996523870445765,-0.38621460434541977
2019-12-04,150.14,150.1799,149.2,149.83,15235784,0.0,150.4840000000001,,62.02743928078185,2.3315789005679903,2.7860376897492594,-0.45445878918126903
2019-12-05,150.05,150.32,149.48,149.92,12243910,0.0,150.00000000000006,,62.33599024086044,2.169705657866132,2.662771283372634,-0.49306562550650224
2019-12-06,150.99,151.87,150.27,151.75,13020323,0.0,150.07400000000007,,68.02526862726279,2.1641388077964336,2.563044788257394,-0.3989059804609605
2019-12-09,151.07,152.21,150.91,151.36,11759878,0.0,150.43600000000006,,65.74598653431357,2.1040036539492633,2.4712365613957683,-0.36723290744650505
2019-12-10,151.26,151.89,150.765,151.17,13714977,0.0,150.80600000000004,,64.61018493858327,2.017755272400052,2.380540303596625,-0.362785031196573
2019-12-11,151.54,151.87,150.33,151.69,15282616,0.0,151.17800000000005,,66.32484208946973,1.968668873495119,2.298166017576324,-0.3294971440812051
2019-12-12,151.65,153.44,151.02,153.23,20551376,0.0,151.84000000000006,,70.83204440364486,2.030624898586751,2.2446577937784093,-0.21403289519165813
2019-12-13,153.0035,154.89,152.83,154.54,20029179,0.0,152.39800000000005,,74.01777475604115,2.160526343902575,2.227831503803243,-0.06730515990066799
2019-12-16,155.28,155.9,154.82,155.54,17940213,0.0,153.23400000000004,,76.15845050116596,2.3174516774815856,2.245755538538911,0.07169613894267446
2019-12-17,155.45,155.71,154.45,154.79,17861887,0.0,153.95800000000003,,71.4066402382253,2.354160110599281,2.267436452950985,0.08672365764829593
2019-12-18,154.24,155.48,154.18,154.37,14458613,0.0,154.49400000000006,,68.81717237188914,2.322587970043628,2.2784667563695136,0.04412121367411448
2019-12-19,154.01,155.77,153.75,155.71,18017465,0.0,154.99000000000007,,72.272030270375,2.3782783104055056,2.2984290671767122,0.07984924322879339
2019-12-20,157.35,158.49,156.29,157.39,38348544,0.0,155.56000000000006,,75.88013210614103,2.5288245507414047,2.344508163889651,0.18431638685175367
2019-12-23,158.12,158.12,157.27,157.41,12592701,0.0,155.93400000000005,,75.92030352035587,2.6195508125345555,2.399516693618632,0.2200341189159234
2019-12-24,157.43,157.71,157.115,157.39,5197207,0.0,156.45400000000006,,75.78437626108843,2.6591847690672807,2.451450308708362,0.20773446035891885
2019-12-26,157.56,158.73,157.4,158.67,8748285,0.0,157.31400000000005,,78.44433395038499,2.7620411763898574,2.513568482244661,0.24847269414519646
2019-12-27,159.45,159.55,158.22,158.95,12779354,0.0,157.96200000000005,,78.98805734609044,2.833486610316214,2.5775521078589714,0.2559345024572428
2019-12-30,158.9865,159.02,156.73,157.68,13421755,0.0,158.02000000000004,,70.3234814590196,2.7558613906252845,2.613213964412234,0.14264742621305038
2019-12-31,156.77,157.77,156.45,157.49,12292639,0.0,158.03600000000006,,69.10220953146538,2.648481387840377,2.620267449097863,0.02821393874251399
2020-01-02,158.74,160.73,158.33,160.73,18902080,0.0,158.70400000000006,,76.57349858135794,2.7926311704124203,2.654740193360775,0.13789097705164544
2020-01-03,158.32,159.945,158.06,158.59,17126482,0.0,158.68800000000007,,65.3359016592691,2.7030319268957896,2.664398540067778,0.03863338682801176
2020-01-06,157.08,159.1,156.51,159.02,15146928,0.0,158.70200000000008,,66.40283421790183,2.636331301042077,2.6587850922626375,-0.02245379122056068
2020-01-07,159.32,159.67,157.32,157.6,17871760,0.0,158.6860000000001,,59.851405965580355,2.440752961116317,2.6151786660333736,-0.17442570491705656
2020-01-08,158.93,160.8,157.9491,160.14,22149039,0.0,159.2160000000001,,66.26324654566218,2.4623283020734448,2.584608593241388,-0.12228029116794303
2020-01-09,161.835,162.215,161.03,162.09,16868379,0.0,159.4880000000001,,70.19820679431447,2.6067268933979904,2.5890322532727086,0.01769464012528177
2020-01-10,162.8235,163.22,161.18,161.32,17493193,0.0,160.03400000000008,,66.88094126485532,2.6287289020608284,2.596971583030333,0.03175731903049561
2020-01-13,161.76,163.31,161.26,163.28,15536371,0.0,160.88600000000008,,70.6791652927247,2.7723631948643686,2.6320499053971402,0.14031328946722832
2020-01-14,163.39,163.6,161.72,162.15,18083058,0.0,161.79600000000008,,65.98099749438626,2.7631608522476085,2.658272094767234,0.10488875748037474
2020-01-15,162.62,163.94,162.57,163.29,16410439,0.0,162.42600000000007,,68.27232147121914,2.815402198035031,2.6896981154207933,0.1257040826142375
2020-01-16,164.35,166.24,164.03,166.21,17391143,0.0,163.25000000000006,,73.2434763580404,3.057182144756979,2.7631949212880302,0.2939872234689487
2020-01-17,167.41,167.4675,165.43,167.05,25849940,0.0,164.3960000000001,,74.48211545544551,3.278779742390924,2.866311885508609,0.4124678568823148
2020-01-21,166.68,168.19,166.43,166.49,39893384,0.0,165.0380000000001,,72.08625784982394,3.370358717831863,2.96712125197326,0.40323746585860265
2020-01-22,167.4,167.49,165.68,165.69,37346441,0.0,165.74600000000012,,68.68710379618258,3.3398823171906145,3.041673465016731,0.29820885217388327
2020-01-23,166.19,166.8,165.27,166.72,25894570,0.0,166.43200000000013,,70.60872887041397,3.3601087005379213,3.1053605121209698,0.25474818841695157
2020-01-24,167.51,167.53,164.45,165.04,42175214,0.0,166.19800000000012,,63.738031705544984,3.20364665101755,3.125017739900286,0.078628911117264
2020-01-27,161.15,163.375,160.2,162.26,22401929,0.0,165.2400000000001,,54.3188499435707,2.8227872486751835,3.0645716416552657,-0.24178439298008225
2020-01-28,163.78,165.755,163.07299999999998,165.46,18045860,0.0,165.0340000000001,,61.391570939374574,2.747495269647146,3.001156367253642,-0.2536610976064959
2020-01-29,167.84,168.75,165.69,168.18,26205744,0.0,165.5320000000001,,66.18418990775368,2.8741753969653416,2.975760173195982,-0.10158477623064055
2020-01-30,174.025,174.05,170.79,172.74,47138947,0.0,166.7360000000001,,72.37530508712939,3.3044327571495273,3.041494689986691,0.2629380671628363
2020-01-31,172.36,172.4,169.58,170.17,30721335,0.0,167.7620000000001,,65.13710619686815,3.3988573811439835,3.1129672282181495,0.285890152925834
2020-02-03,170.43,174.5,170.4,174.39,24512662,0.0,170.1880000000001,,70.37608425789978,3.770741546596696,3.244522091893859,0.5262194547028369
2020-02-04,177.13,180.64,176.31,180.13,31785900,0.0,173.12200000000013,,75.72056834114746,4.477024108742313,3.4910224952635502,0.9860016134787628
2020-02-05,184.03,184.2,178.4101,179.94,33676758,0.0,175.4740000000001,,75.23670858287592,4.964202479554473,3.785658492121735,1.1785439874327377
2020-02-06,180.97,183.8199,180.05900000000003,183.64,24058973,0.0,177.65400000000014,,78.16308227225026,5.584479522446571,4.145422698186702,1.4390568242598691
2020-02-07,182.845,185.63,182.48,183.95,26341568,0.0,180.41000000000014,,78.39346567053896,6.031540117049275,4.522646181959217,1.5088939350900574
2020-02-10,183.58,188.84,183.25,188.74,28613696,0.0,183.28000000000017,,81.62017419367558,6.695174028865608,4.957151751340496,1.7380222775251122
2020-02-11,190.65,190.7,183.5,184.44,50542643,0.0,184.14200000000017,,71.32292142485613,6.795796905315854,5.324880782135567,1.4709161231802863
2020-02-12,185.58,185.85,181.85,184.72,41959355,0.0,185.09800000000013,,71.57440388286159,6.819523695636519,5.623809364835758,1.1957143308007616
2020-02-13,183.08,186.23,182.872,183.76,32321759,0.0,185.12200000000013,,69.32954510078416,6.6838164949403165,5.835810790856669,0.8480057040836471
2020-02-14,183.25,185.41,182.65,185.35,19699788,0.0,185.40200000000013,,70.95442703070775,6.628161947443999,5.994281022174135,0.6338809252698638
2020-02-18,185.605,187.7,184.34,187.22,25137072,0.0,185.09800000000013,,72.7808655901562,6.658197137326425,6.127064245204594,0.531132892121831
2020-02-19,188.06,188.18,186.47,187.28,23002237,0.0,185.6660000000001,,72.8398790593437,6.61063841558385,6.223779079280446,0.3868593363034041
2020-02-20,186.95,187.25,181.1,184.33,32327097,0.0,185.5880000000001,,65.33911456852272,6.262714762758975,6.231566215976152,0.031148546782823416
2020-02-21,183.17,183.5,177.25,178.56,45071812,0.0,184.5480000000001,,53.69274864805679,5.458470137180996,6.076947000217121,-0.6184768630361255
2020-02-24,167.77,174.55,163.23,170.88,61441188,0.0,181.65400000000005,,42.76610109556292,4.1535095885124065,5.692259517876178,-1.5387499293637719
2020-02-25,174.2,174.84,167.6462,168.05,58615017,0.0,177.82000000000008,,39.57049882092946,2.858016171880166,5.125410848676975,-2.267394676796809
2020-02-26,169.71,173.26,168.21,170.16,49097842,0.0,174.3960000000001,,42.990906716023154,1.9787775557508382,4.496084190091748,-2.51730663434091
2020-02-27,163.37,167.03,157.98,158.0,82876439,0.0,169.13000000000008,,31.814736177589268,0.2973367305127965,3.656334698175958,-3.3589979676631616
2020-02-28,152.41,163.71,152.0,162.11,85148699,0.0,165.8400000000001,,37.709062960128634,-0.695556642314898,2.785956430077787,-3.481513072392685
2020-03-02,165.31,172.92,162.31,172.85,59743368,0.0,166.2340000000001,,49.89754978825356,-0.6087858473244694,2.1070079745973356,-2.715793821921805
2020-03-03,173.8,175.0,162.26,164.38,62650846,0.0,165.50000000000009,,42.78703655789708,-1.2095348159522246,1.4436994164874237,-2.6532342324396483
2020-03-04,168.48,170.7,165.62,170.54,41535592,0.0,165.57600000000008,,48.53144949207387,-1.1750272008776221,0.9199540930144146,-2.0949812938920367
2020-03-05,166.1,170.87,165.69,166.24,55003134,0.0,167.2240000000001,,45.1254456118485,-1.4776206397692704,0.44043914645767757,-1.918059786226948
2020-03-06,162.61,163.11,156.0,161.57,64129134,0.0,167.1160000000001,,41.70237561586257,-2.070391902265385,-0.06172706328693489,-2.00866483897845
2020-03-09,150.91,157.75,150.0,150.62,62454509,0.0,162.6700000000001,,34.998504122419035,-3.384723895363294,-0.7263264297022067,-2.6583974656610874
2020-03-10,158.04,161.03,152.58,161.03,56396588,0.0,162.00000000000009,,44.184767936770356,-3.545471480891706,-1.2901554399401067,-2.255316040951599
2020-03-11,157.34,157.7,151.15,153.56,100064575,0.0,158.6040000000001,,39.83437824792177,-4.2269065239023575,-1.877505656732557,-2.3494008671698006
2020-03-12,145.3,153.47,138.58,138.76,81747972,0.0,153.1080000000001,,32.91884111975351,-5.893251283823503,-2.6806547821507465,-3.2125965016727562
2020-03-13,147.5,161.91,140.73,158.85,78011808,0.0,152.56400000000008,,46.49720017359054,-5.529011408732401,-3.2503261074670773,-2.278685301265324
2020-03-16,140.0,149.35,135.0,135.4144,155635716,0.0,149.52288000000007,,37.07056394401192,-7.050136162906256,-4.0102881185549135,-3.0398480443513423
2020-03-17,140.0,147.4998,135.0,146.57,72989148,0.0,146.63088000000008,,42.99496810929189,-7.271651726285683,-4.662560840101068,-2.6090908861846147
2020-03-18,138.0,146.0,135.02,142.13,66830974,0.0,144.34488000000005,,41.327325956338,-7.716524014103896,-5.273353474901634,-2.4431705392022627
2020-03-19,142.77,150.15,139.0,142.67,143007530,0.0,145.12688000000006,,41.62388820845363,-7.934056159669694,-5.805494011855246,-2.1285621478144483
2020-03-20,146.01,147.1,135.86,136.77,79911281,0.0,140.71088000000003,,39.28733591845126,-8.48472600409113,-6.341340410302424,-2.1433855937887056
2020-03-23,137.01,140.57,132.52,135.56,70948783,0.0,140.74000000000004,,38.80621724776996,-8.915994674175238,-6.856271263076987,-2.0597234110982505
2020-03-24,143.75,149.6,141.27,148.34,71620681,0.0,141.09400000000005,,46.28793993739468,-8.132789276957112,-7.1115748658530125,-1.0212144111040997
2020-03-25,148.91,154.33,144.44,146.85,65917270,0.0,142.03800000000007,,45.588120354976866,-7.545345854327991,-7.198329063548009,-0.34701679077998193
2020-03-26,148.4,156.66,148.37,156.11,53636552,0.0,144.72600000000006,,50.58800545838508,-6.260421852503725,-7.010747621339153,0.7503257688354275
2020-03-27,151.75,154.89,149.2,149.61,48247560,0.0,147.29400000000007,,47.30225063637816,-5.700889693211138,-6.74877603571355,1.0478863425024114
2020-03-30,152.44,160.6,150.01,160.3,113344210,0.0,152.2420000000001,,52.739002508940885,-4.344778859654781,-6.267976600501797,1.9231977408470158
2020-03-31,159.44,164.78,156.56,157.64,66265405,0.0,154.1020000000001,,51.32019220391861,-3.44497944465013,-5.703377169331463,2.258397724681333
2020-04-01,153.0,157.75,150.82,151.94,51267295,0.0,155.1200000000001,,48.32033708556304,-3.155450222698903,-5.193791780004952,2.0383415573060493
2020-04-02,151.86,155.48,150.36,155.26,44283455,0.0,154.9500000000001,,50.14818838906599,-2.627808237150788,-4.680595071434119,2.0527868342833315
2020-04-03,155.1,157.38,152.19,153.8201,36820781,0.0,155.7920200000001,,49.33322217613626,-2.299330804175497,-4.204342217982395,1.905011413806898
2020-04-06,160.17,166.5,157.58,165.27,110309126,0.0,156.7860200000001,,55.52298531326252,-1.1023911537911317,-3.5839520051441425,2.4815608513530107
2020-04-07,169.59,170.0,163.26,163.49,113427660,0.0,157.9560200000001,,54.41014306733757,-0.2940493632758603,-2.9259714767704863,2.631922113494626
2020-04-08,165.67,166.67,163.5,165.11,42992534,0.0,160.5900200000001,,55.2884775812673,0.47184861348998197,-2.2464074587183926,2.7182560722083746
2020-04-09,166.36,167.37,163.33,165.19,45817799,0.0,162.5760200000001,,55.33424180346592,1.0729157051043217,-1.5825428259538499,2.6554585310581715
2020-04-13,164.35,165.57,162.3,165.51,74408746,0.0,164.9140000000001,,55.530313708406965,1.5571373215531423,-0.9546067964524514,2.511744118005594
2020-04-14,169.0,173.75,168.0,173.7,92927769,0.0,166.60000000000008,,60.330084908297366,2.572101410548015,-0.24926515505235813,2.821366565600373
2020-04-15,171.2,173.57,169.24,171.94,105538921,0.0,168.2900000000001,,58.85984227124876,3.197590637987929,0.44010600355569934,2.7574846344322297
2020-04-16,174.3,177.28,172.9,177.07,167649296,0.0,170.68200000000007,,61.78330513887871,4.060437290392542,1.164172260923068,2.8962650294694745
2020-04-17,179.5,180.0,175.87,178.6,132389675,0.0,173.3640000000001,,62.636096170135,4.812235239821888,1.8937848567028321,2.9184503831190556
2020-04-20,176.63,178.75,174.99,174.99,95940393,0.0,175.26000000000008,,59.27514224504968,5.058433231656039,2.526714531693474,2.5317186999625654
2020-04-21,173.5,173.6699,166.1102,167.67,197600120,0.0,174.0540000000001,,53.05817285135231,4.60974580951293,2.9433207872573655,1.6664250222555643
2020-04-22,171.39,173.97,170.82,173.725,79218493,0.0,174.41100000000006,,57.06926127383402,4.688697307155593,3.2923960912370114,1.3963012159185815
2020-04-23,174.11,175.06,170.91,171.43,113212881,0.0,173.28300000000007,,55.145866477781745,4.514044522606099,3.536725777510829,0.9773187450952698
2020-04-24,172.06,174.56,170.71,174.54,86312145,0.0,172.47100000000006,,57.24857540936874,4.5738573606644195,3.7441520941415476,0.8297052665228719
2020-04-27,176.59,176.9,173.3,174.03,58799715,0.0,172.27900000000008,,56.77851337522567,4.527911779534435,3.9009040312201253,0.6270077483143095
2020-04-28,175.59,175.67,169.39,169.79,29678984,0.0,172.7030000000001,,52.89032672109572,4.102080776888016,3.941139380353704,0.16094139653431228
2020-04-29,173.22,177.68,171.88,177.3,39984236,0.0,173.4180000000001,,58.333020171323604,4.320793458268923,4.017070195936748,0.3037232623321753
2020-04-30,180.0,180.4,176.23,179.22,89953339,0.0,174.97600000000006,,59.617544918465086,4.596072129342048,4.132870582617809,0.46320154672423897
2020-05-01,175.8,178.64,174.01,174.5,33950716,0.0,174.96800000000007,,55.118950440573904,4.382845194948146,4.182865505083877,0.19997968986426962
2020-05-04,174.49,179.0,173.8,178.84,53648238,0.0,175.93000000000006,,58.23929794989369,4.512050927887998,4.248702589644701,0.26334833824329706
2020-05-05,180.62,183.65,179.9,180.76,33345354,0.0,178.12400000000008,,59.578208904586425,4.715023500101381,4.341966771736037,0.3730567283653441
2020-05-06,182.08,184.2,181.6306,182.49,58901458,0.0,179.1620000000001,,60.7978263004036,4.958320831606443,4.465237583710119,0.4930832478963243
2020-05-07,184.17,186.5,182.58,183.6078,48490207,0.0,180.03956000000008,,61.60394200389577,5.181602549092133,4.6085105767865215,0.5730919723056118
2020-05-08,184.9797,185.0,183.36,184.68,25074514,0.0,182.07556000000008,,62.40256503527089,5.383020389867596,4.7634125394027365,0.6196078504648597
2020-05-11,183.15,187.51,182.85,186.65,50846893,0.0,183.6375600000001,,63.88874985793501,5.636632425918265,4.938056516705842,0.6985759092124226
2020-05-12,186.8,187.04,182.35,182.38,25981524,0.0,183.9615600000001,,58.491714209364716,5.430469406574275,5.0365390946795285,0.3939303118947466
2020-05-13,182.55,184.05,176.54,179.78,77983499,0.0,183.4195600000001,,55.42169658132205,4.999652574819606,5.029161790707544,-0.029509215887937756
2020-05-14,177.54,180.69,175.68,180.61,67951569,0.0,182.8200000000001,,56.211816261667934,4.671352748518132,4.957599982269662,-0.2862472337515305
2020-05-15,179.06,187.06,177.0,183.39,73296528,0.0,182.56200000000013,,58.843075537240075,4.582669377501105,4.882613861315951,-0.29994448381484595
2020-05-18,185.75,186.2,183.96,184.9,30231512,0.0,182.21200000000016,,60.24061228047257,4.581419791917938,4.822375047436349,-0.24095525551841135
2020-05-19,185.03,186.59,183.49,183.5,23888140,0.0,182.43600000000018,,58.26516662947104,4.416549948034628,4.741210027556005,-0.32466007952137677
2020-05-20,184.81,185.85,183.94,185.66,51732326,0.0,183.61200000000017,,60.42163906834203,4.4093550566954605,4.674839033383897,-0.2654839766884365
2020-05-21,185.4,186.67,183.3,183.49,25273422,0.0,184.18800000000016,,57.22271205488946,4.180363559985921,4.575943938704302,-0.3955803787183818
2020-05-22,183.19,184.46,182.54,183.51,18361237,0.0,184.21200000000016,,57.24517940550029,3.9549102385184938,4.451737198667141,-0.49682696014864725
2020-05-26,186.34,186.5,181.1,181.56,28773423,0.0,183.54400000000015,,54.25323477480565,3.577647263140676,4.276919211561848,-0.6992719484211722
2020-05-27,180.2,181.9877,176.6,181.81,34654683,0.0,183.2060000000002,,54.58098456899139,3.2612429688915086,4.073783963027781,-0.8125409941362722
2020-05-28,180.74,184.1474,180.38,181.27,54218236,0.0,182.32800000000017,,53.686271633534886,2.933105781443942,3.8456483267110135,-0.9125425452670717
2020-05-29,182.73,184.27,180.41,183.96,29098645,0.0,182.42200000000017,,57.42988015469649,2.8571794290967603,3.647954547188163,-0.7907751180914029
2020-06-01,182.54,183.0,181.46,182.86,20137325,0.0,182.29200000000014,,55.455852829617704,2.6773832336214127,3.4538402844748135,-0.7764570508534008
2020-06-02,184.25,185.0,181.35,185.0,50070219,0.0,182.98000000000016,,58.44819283221615,2.6767180293757917,3.2984158334550093,-0.6216978040792176
2020-06-03,184.815,185.94,183.58,185.36,22722209,0.0,183.69000000000014,,58.947801677880875,2.674410897509574,3.1736148462659224,-0.4992039487563482
2020-06-04,184.3,185.84,182.3,182.95,49455619,0.0,184.02600000000015,,54.24557317340763,2.449874986246755,3.0288668742620892,-0.5789918880153344
2020-06-05,182.62,187.73,182.01,187.5,66044279,0.0,184.73400000000015,,60.63074198096325,2.609000696952535,2.9448936388001785,-0.33589294184764373
2020-06-08,185.94,188.55,184.44,188.47,52985040,0.0,185.85600000000017,,61.852950313237415,2.7813185535231355,2.91217862174477,-0.13086006822163432
2020-06-09,188.0,190.7,187.2605,190.07,51414137,0.0,186.87000000000018,,63.84669240717091,3.0122648109100965,2.9321958595778352,0.08006895133226122
2020-06-10,191.125,198.52,191.01,196.82,39155761,0.0,189.16200000000015,,70.78408134437346,3.697339345205762,3.0852245567034204,0.6121147885023417
2020-06-11,193.13,195.76,186.24,186.47,88735679,0.0,189.86600000000013,,53.7521139702801,3.3663027057484385,3.1414401865124244,0.22486251923601408
2020-06-12,190.54,191.72,188.13,188.14,10546675,0.0,189.99400000000014,,55.6081781531942,3.2018004645126723,3.153512242112474,0.048288222400198144
2020-06-15,184.58,190.82,184.01,189.09,27287668,0.0,190.1180000000001,,56.67341787372283,3.112212663379097,3.145252326365799,-0.03303966298670202
2020-06-16,192.89,195.58,191.46,193.67,34909883,0.0,190.83800000000014,,61.473321405586994,3.3719121050735623,3.190584282107352,0.1813278229662103
2020-06-17,195.03,196.32,193.69,194.2,21175962,0.0,190.31400000000016,,61.99798362762895,3.579233182126785,3.268314062111239,0.3109191200155461
2020-06-18,194.0,196.49,194.0,196.32,37860859,0.0,192.28400000000016,,64.10375821764386,3.869992052386408,3.3886496601662732,0.48134239222013475
2020-06-19,198.59,199.29,194.37,195.03,69471150,0.0,193.66200000000015,,61.85761749563782,3.950786129628142,3.5010769540586475,0.4497091755694944
2020-06-22,195.79,200.76,195.2301,200.58,26980577,0.0,195.96000000000015,,67.18499952047542,4.411798171573906,3.6832211975616995,0.7285769740122068
2020-06-23,202.09,203.95,201.425,201.889,27611231,0.0,197.60380000000015,,68.30926701675915,4.82713469251064,3.9120038965514876,0.9151307959591524
2020-06-24,201.6043,203.25,196.56,197.84,30960564,0.0,198.33180000000016,,61.31189747254683,4.774533565694554,4.084509830380101,0.6900237353144529
2020-06-25,197.8,200.61,195.4675,200.36,23934120,0.0,199.13980000000015,,63.79749739151545,4.879936858750938,4.243595236054269,0.6363416226966692
2020-06-26,199.73,199.89,194.88,196.33,37651876,0.0,199.39980000000014,,57.441697038490894,4.585424488823605,4.311961086608136,0.2734634022154694
2020-06-29,195.78,198.53,193.55,198.5,22635986,0.0,198.98380000000014,,59.76603264008523,4.475531042426724,4.3446750777718535,0.13085596465487015
2020-06-30,197.8816,204.4,197.74,203.5,26157887,0.0,199.30600000000015,,64.5678631912767,4.737289384509779,4.423197939119438,0.31409144539034095
2020-07-01,203.14,206.35,201.77,204.66,26758698,0.0,200.67000000000013,,65.59380627887947,4.980920115378154,4.534742374371182,0.4461777410069727
2020-07-02,205.68,208.02,205.0,206.21,25117323,0.0,201.84000000000012,,66.97004051930031,5.238682994373278,4.675530498371601,0.5631524960016767
2020-07-06,208.8335,211.13,208.09,210.69,26520093,0.0,204.7120000000001,,70.62711146045156,5.738312794219922,4.888086957541265,0.850225836678657
2020-07-07,210.45,214.67,207.99,208.24,28760244,0.0,206.66000000000014,,66.30361315249053,5.86892516966418,5.084254599965849,0.7846705696983314
2020-07-08,210.07,213.26,208.69,212.84,28227213,0.0,208.5280000000001,,70.01506165964568,6.271326031682747,5.321668886309229,0.9496571453735179
2020-07-09,216.33,216.38,211.47,214.4,29002968,0.0,210.4760000000001,,71.1746045776122,6.639573703843382,5.58524984981606,1.0543238540273219
2020-07-10,213.62,214.08,211.08,213.65,23260516,0.0,211.9640000000001,,69.77752678870507,6.792593119879854,5.826718503828819,0.9658746160510345
2020-07-13,214.48,215.8,206.5,207.1,33360005,0.0,211.2460000000001,,58.9032686059651,6.312564535636284,5.9238877101903125,0.3886768254459714
2020-07-14,206.13,208.85,202.03,208.39,33022403,0.0,211.27600000000007,,60.21819559481744,5.967441690025083,5.932598506157268,0.0348431838678156
2020-07-15,209.56,211.33,205.03,208.05,28638402,0.0,210.31800000000007,,59.67623258558331,5.601918757537419,5.866462556433299,-0.26454379889587987
2020-07-16,205.4,205.7,202.31,203.88,26229978,0.0,208.21400000000003,,53.33601329453801,4.919051288978238,5.676980302942288,-0.7579290139640493
2020-07-17,204.47,205.04,201.39,202.87,27682275,0.0,206.058,,51.897804728530325,4.247413798922196,5.39106700213827,-1.1436532032160738
2020-07-20,205.0,212.3,203.01,211.49,30212430,0.0,206.936,,61.4516409425027,4.360433841768042,5.184940370064225,-0.8245065282961823
2020-07-21,213.66,213.94,208.03,208.75,32788138,0.0,207.00799999999998,,57.539563545237314,4.18071525605734,4.984095347262848,-0.8033800912055078
2020-07-22,209.2,212.3,208.39,211.7533,38475627,0.0,207.74866000000003,,60.50728910222152,4.231846104790463,4.833645498768371,-0.6017993939779078
2020-07-23,207.19,210.92,204.42,205.185,36845387,0.0,208.00966,168.4544465,51.954607598112275,3.6997127685581006,4.606858952726317,-0.9071461841682167
