Date,Open,High,Low,Close,Volume,OpenInterest,5 day sma,200 day sma,rsi,macd,signal,histogram
2019-10-09,56.2,56.65,55.86,56.28,1342795,0.0,,,,,,
2019-10-10,56.48,57.37,56.01,56.88,1414124,0.0,,,,,,
2019-10-11,57.75,58.68,57.69,57.72,3075589,0.0,,,,,,
2019-10-14,57.71,57.77,57.26,57.68,1480493,0.0,,,,,,
2019-10-15,57.78,58.7,57.75,58.53,1678937,0.0,57.418000000000006,,,,,
2019-10-16,58.05,58.72,57.51,57.74,2023790,0.0,57.710000000000015,,,,,
2019-10-17,58.22,58.52,57.53,58.14,1053724,0.0,57.96200000000001,,,,,
2019-10-18,58.01,58.37,57.4,57.72,1798799,0.0,57.96200000000001,,,,,
2019-10-21,58.36,58.6,57.96,58.53,1169952,0.0,58.132000000000005,,,,,
2019-10-22,58.81,59.02,58.32,58.615,977470,0.0,58.149,,,,,
2019-10-23,56.995,57.7,56.05,56.495,2339202,0.0,57.9,,,,,
2019-10-24,56.96,57.41,56.69,57.13,1452558,0.0,57.698,,,,,
2019-10-25,57.25,57.74,56.965,57.16,1637678,0.0,57.58599999999999,,,,,
2019-10-28,57.63,58.15,57.6,57.98,2058744,0.0,57.476,,,,,
2019-10-29,58.19,59.38,58.18,58.33,3324281,0.0,57.419,,61.66097838452785,,,
2019-10-30,62.0,62.11,58.7,58.86,3151934,0.0,57.891999999999996,,63.99868518366339,,,
2019-10-31,58.7,58.87,57.05,58.68,1769881,0.0,58.202,,62.60256608440252,,,
2019-11-01,59.11,60.5954,59.11,60.55,1316852,0.0,58.879999999999995,,69.9393206713838,,,
2019-11-04,61.38,61.5488,60.32,60.54,1535103,0.0,59.391999999999996,,69.86039172923041,,,
2019-11-05,60.69,61.15,60.14,60.86,1565384,0.0,59.898,,70.98867237348082,,,
2019-11-06,60.64,60.64,59.3,59.62,1443099,0.0,60.05,,61.39721508718744,,,
2019-11-07,60.3,60.39,59.255,59.6,1294672,0.0,60.234,,61.25346134073386,,,
2019-11-08,59.25,59.63,58.95,59.54,1157308,0.0,60.032000000000004,,60.79359222517971,,,
2019-11-11,59.06,59.12,58.765,59.09,1097268,0.0,59.742,,57.31791121713418,,,
2019-11-12,59.12,59.49,58.26,58.39,2114989,0.0,59.24799999999999,,52.30810106515788,,,
2019-11-13,58.18,58.62,57.67,58.45,1937722,0.0,59.01399999999999,,52.68980230413156,0.5811225055668316,,
2019-11-14,58.44,58.58,57.71,57.77,2809377,0.0,58.64799999999998,,48.00090495107208,0.4392842415063569,,
2019-11-15,58.38,58.42,56.98,57.8,3289860,0.0,58.299999999999976,,48.21983461733042,0.3255444706156041,,
2019-11-18,57.59,57.74,56.53,56.61,1751054,0.0,57.803999999999974,,40.86933598455624,0.13779343107879782,,
2019-11-19,56.9,57.08,55.85,56.0,3609296,0.0,57.32599999999998,,37.697092615879626,-0.05953622589252916,,
2019-11-20,55.85,56.33,55.24,55.47,1801930,0.0,56.72999999999998,,35.14463427413607,-0.2557399602616002,,
2019-11-21,55.24,55.625,54.27,54.94,2203349,0.0,56.16399999999999,,32.75611947729561,-0.448825621544934,,
2019-11-22,55.29,55.49,54.78,55.29,1723574,0.0,55.66199999999999,,35.85638709388736,-0.5670685114786664,,
2019-11-25,55.3,57.01,55.3,56.96,2266524,0.0,55.731999999999985,,48.141964829451815,-0.5200272598714264,-0.04082810336461841,-0.479199156506808
2019-11-26,56.5,57.01,56.16,56.9,1280852,0.0,55.91199999999998,,47.787821665408465,-0.48203166661935626,-0.129068816015566,-0.3529628506037903
2019-11-27,57.08,57.71,56.98,57.29,1108162,0.0,56.275999999999975,,50.34474836963223,-0.415658689950412,-0.1863867908025352,-0.2292718991478768
2019-11-29,57.15,57.41,56.58,56.68,510090,0.0,56.62399999999998,,46.508320525049086,-0.4075811875465405,-0.23062567015133628,-0.1769555173952042
2019-12-02,56.8,56.97,55.94,56.46,2023107,0.0,56.85799999999997,,45.1713750368969,-0.41415771771392684,-0.2673320796638544,-0.14682563805007243
2019-12-03,55.55,55.575,54.465,55.21,1583531,0.0,56.50799999999997,,38.41444236020751,-0.5143056234836436,-0.31672678842781227,-0.19757883505583135
2019-12-04,56.08,57.255,56.08,56.45,1614095,0.0,56.41799999999997,,46.899945580718914,-0.48799067075641034,-0.3509795648935319,-0.13701110586287846
2019-12-05,56.79,57.095,56.45,56.76,1055068,0.0,56.31199999999997,,48.79927176087218,-0.4370830505768737,-0.3682002620302003,-0.0688827885466734
2019-12-06,57.54,57.83,57.42,57.46,938416,0.0,56.46799999999996,,52.89640139569176,-0.33637670370598727,-0.3618355503653577,0.025458846659370427
2019-12-09,57.33,57.7,57.16,57.17,866607,0.0,56.60999999999997,,51.07301096742484,-0.2767762700754588,-0.34482369430737797,0.06804742423191917
2019-12-10,57.25,57.84,56.67,56.82,1443490,0.0,56.931999999999974,,48.882904268077255,-0.2548468560335806,-0.3268283266526185,0.07198147061903792
2019-12-11,57.13,58.01,57.09,57.86,969551,0.0,57.21399999999998,,55.050909064240415,-0.15179849054739236,-0.2918223594315733,0.14002386888418095
2019-12-12,57.75,59.535,57.75,59.46,1801634,0.0,57.75399999999998,,62.53983512868531,0.05830263330129526,-0.2217973608849996,0.28009999418629483
2019-12-13,59.34,60.33,58.66,59.59,1640071,0.0,58.179999999999986,,63.07809351020334,0.23261772881464537,-0.13091434294507062,0.363532071759716
2019-12-16,60.33,60.73,60.025,60.47,1780097,0.0,58.839999999999975,,66.57888361467195,0.436737900754558,-0.017383894205144912,0.4541217949597029
2019-12-17,60.77,60.78,60.3969,60.56,1240160,0.0,59.58799999999998,,66.92429416300465,0.5988635294738103,0.10586559053064613,0.4929979389431641
2019-12-18,60.56,60.72,60.02,60.53,1752229,0.0,60.12199999999998,,66.67692041737203,0.7166672154564253,0.22802591551580198,0.48864129994062333
2019-12-19,60.87,61.34,60.65,61.295,1494092,0.0,60.48899999999999,,69.7477283951111,0.8618220438991457,0.35478514119247073,0.507036902706675
2019-12-20,61.83,62.0,60.92,61.72,2503242,0.0,60.914999999999985,,71.3285034373292,0.9996291369081263,0.4837539403356018,0.5158751965725245
2019-12-23,62.0,62.7,61.43,61.44,1187951,0.0,61.108999999999995,,68.77862569505592,1.0738696896996842,0.6017770902084183,0.4720925994912659
2019-12-24,61.43,61.58,61.23,61.3,397806,0.0,61.25699999999999,,67.47970067839373,1.108629442573985,0.7031475606815316,0.4054818818924535
2019-12-26,61.29,61.79,61.18,61.68,560667,0.0,61.48699999999999,,69.1810320973991,1.1535423037424692,0.7932265092937192,0.36031579444875006
2019-12-27,61.83,62.0,61.34,61.54,662862,0.0,61.53599999999999,,67.77424556381774,1.1644165704272638,0.8674645215204282,0.2969520489068356
2019-12-30,61.48,61.69,61.023,61.63,796721,0.0,61.51799999999999,,68.2216209269691,1.1668460777110496,0.9273408327585525,0.23950524495249714
2019-12-31,61.38,61.63,61.19,61.53,1149562,0.0,61.53599999999998,,67.10686927985299,1.1474749386574814,0.9713676539383382,0.17610728471914316
2020-01-02,62.07,62.43,61.41,62.43,1423652,0.0,61.76199999999998,,71.60404413824449,1.191016354627962,1.015297394076263,0.1757189605516989
2020-01-03,61.32,62.09,61.25,61.35,1626121,0.0,61.695999999999984,,60.85233010005692,1.1254033175150582,1.0373185787640222,0.08808473875103595
2020-01-06,60.7,60.77,60.14,60.23,1555400,0.0,61.43399999999998,,52.113223420533835,0.9718272534805621,1.0242203137073302,-0.05239306022676815
2020-01-07,60.96,61.76,60.43,61.61,2060636,0.0,61.429999999999986,,59.77799610190853,0.9505146420178576,1.0094791793694358,-0.05896453735157814
2020-01-08,61.79,61.99,61.3101,61.61,934909,0.0,61.445999999999984,,59.77799610190853,0.9229846513616877,0.9921802737678862,-0.06919562240619848
2020-01-09,62.2,62.31,61.44,62.03,1316119,0.0,61.36599999999997,,61.928889051015794,0.9244015002622845,0.978624519066766,-0.05422301880448144
2020-01-10,62.27,62.39,61.26,61.48,938324,0.0,61.391999999999975,,57.58608040394405,0.8711024331586188,0.9571201018851365,-0.08601766872651773
2020-01-13,61.61,62.12,61.4,61.84,1214188,0.0,61.71399999999996,,59.58390014929469,0.8481347602636191,0.9353230335608331,-0.08718827329721401
2020-01-14,61.84,62.85,61.4,62.19,1674666,0.0,61.82999999999996,,61.48342833970462,0.8483950192745056,0.9179374307035676,-0.06954241142906203
2020-01-15,62.12,62.12,61.25,61.45,949213,0.0,61.79799999999996,,55.53989436585039,0.7798992675676573,0.8903297980763856,-0.11043053050872831
2020-01-16,61.26,61.98,61.26,61.96,1266627,0.0,61.78399999999995,,58.516269179737314,0.7580305245771868,0.8638699433765459,-0.1058394187993591
2020-01-17,62.21,62.375,61.04,61.37,2036331,0.0,61.761999999999944,,54.01152541764975,0.685192842466968,0.8281345231946303,-0.14294168072766233
2020-01-21,60.9,62.43,60.79600000000001,62.0,4231558,0.0,61.79399999999994,,57.751573799715956,0.6705742272242929,0.7966224640005629,-0.12604823677626997
2020-01-22,62.32,63.3,62.005,62.51,3395466,0.0,61.85799999999993,,60.54865058372171,0.6921627853421484,0.7757305282688801,-0.08356774292673175
2020-01-23,62.76,63.61,62.21,63.6,3648835,0.0,62.28799999999994,,65.76540145848476,0.7881405697895616,0.7782125365730165,0.009928033216545118
2020-01-24,64.0,64.17,62.09,62.56,3234002,0.0,62.407999999999944,,57.898605860352646,0.771392217777823,0.7768484728139778,-0.005456255036154878
2020-01-27,61.08,61.2,60.28,60.29,1519207,0.0,62.19199999999995,,45.19178088798573,0.5683968739762904,0.7351581530464404,-0.16676127907015004
2020-01-28,60.64,62.565,60.64,62.16,3137120,0.0,62.223999999999954,,54.123923394832325,0.552051269869942,0.6985367764111408,-0.14648550654119874
2020-01-29,64.1,64.35,61.52,61.525,3443796,0.0,62.02699999999995,,51.07970943690767,0.4822984316684469,0.655289107462602,-0.17299067579415517
2020-01-30,60.63,62.15,60.41,62.05,2029562,0.0,61.71699999999995,,53.412754856246885,0.46403283556563935,0.6170378530832095,-0.15300501751757012
2020-01-31,61.55,61.68,59.87,60.13,1452548,0.0,61.23099999999995,,44.966734488021494,0.2912716667037216,0.551884615807312,-0.26061294910359034
2020-02-03,60.56,61.14,60.28,60.83,1419860,0.0,61.33899999999994,,48.183760220784855,0.2084385951828125,0.4831954116824121,-0.2747568164995996
2020-02-04,62.1,62.62,61.6,62.39,1630054,0.0,61.38499999999995,,54.55889507784815,0.26560996541362414,0.43967832242865457,-0.17406835701503043
2020-02-05,63.81,64.69,63.39,64.5,1614617,0.0,61.97999999999995,,61.46484106342919,0.4756945436239377,0.4468815666677112,0.028812976956226477
2020-02-06,64.44,64.57,63.88,64.08,1112545,0.0,62.385999999999946,,59.525609532355915,0.6013654291890163,0.47777833917197227,0.12358709001704399
2020-02-07,63.6,63.8,62.47,62.53,1180193,0.0,62.86599999999994,,52.89322035955838,0.5693256337862778,0.4960877980948334,0.07323783569144438
2020-02-10,61.99,63.04,61.85,63.0,804141,0.0,63.29999999999994,,54.547007001153595,0.5752280660629197,0.5119158516884507,0.06331221437446899
2020-02-11,63.37,64.23,63.18,63.7,802384,0.0,63.56199999999994,,56.97000061421518,0.6291376290595707,0.5353602071626746,0.09377742189689608
2020-02-12,64.42,65.13,63.805,64.46,1397178,0.0,63.55399999999994,,59.49465730407958,0.7248315872015638,0.5732544831704525,0.15157710403111135
2020-02-13,64.27,64.69,63.65,64.3,947060,0.0,63.59799999999994,,58.71363926662226,0.7787817642392838,0.6143599393842187,0.16442182485506507
2020-02-14,64.6,64.66,63.21,63.56,844458,0.0,63.80399999999995,,55.1102444108902,0.7531440765709618,0.6421167668215674,0.11102730974939445
2020-02-18,63.12,63.21,62.26,62.46,1157007,0.0,63.69599999999995,,50.18019938825328,0.6367254429097855,0.6410385020392111,-0.004313059129425589
2020-02-19,62.99,63.56,62.66,63.21,1017354,0.0,63.59799999999994,,53.25095034998345,0.5980871921164379,0.6324482400546565,-0.03436104793821859
2020-02-20,63.02,63.37,61.71,62.43,944232,0.0,63.19199999999995,,49.81223177689821,0.4987770276246053,0.6057139975686463,-0.106936969944041
2020-02-21,62.05,62.3,61.02,61.17,1179072,0.0,62.56599999999995,,44.78152737607471,0.31477302948856334,0.5475258039526297,-0.2327527744640664
2020-02-24,59.15,60.1,58.75,58.99,1633911,0.0,61.65199999999995,,37.68931578047468,-0.006879938048101053,0.4366446555524836,-0.44352459360058466
2020-02-25,59.61,59.7365,56.9,57.37,1760589,0.0,60.63399999999996,,33.44977179288662,-0.38803961417455923,0.27170780160707503,-0.6597474157816343
2020-02-26,57.67,58.5236,57.1,57.57,1792886,0.0,59.50599999999996,,34.43039712999574,-0.6662924702374653,0.08410774723816697,-0.7504002174756322
2020-02-27,56.2,57.91,55.87,55.99,1899096,0.0,58.21799999999996,,30.59495719577454,-1.0027436541017067,-0.13326253302980778,-0.8694811210718989
2020-02-28,54.16,56.03,53.52,55.58,2888279,0.0,57.09999999999995,,29.671278623942328,-1.287624283578232,-0.3641348831394927,-0.9234894004387394
2020-03-02,55.88,57.86,55.18,57.78,1707543,0.0,56.85799999999995,,40.118221432574195,-1.3206490014464123,-0.5554377068008767,-0.7652112946455356
2020-03-03,57.72,58.83,55.54,55.93,2072845,0.0,56.56999999999995,,35.36137269090318,-1.479051284659981,-0.7401604223726976,-0.7388908622872834
2020-03-04,56.37,58.07,55.71,58.0,1547544,0.0,56.65599999999995,,43.44216179353091,-1.4211721471816148,-0.8763627673344812,-0.5448093798471336
2020-03-05,56.36,57.17,55.4,55.87,1690144,0.0,56.63199999999995,,38.15623543291116,-1.529544080528396,-1.0069990299732643,-0.5225450505551317
2020-03-06,53.72,54.99,53.13,54.78,1710407,0.0,56.471999999999944,,35.758400194515545,-1.68397173109323,-1.1423935701972576,-0.5415781608959724
2020-03-09,50.6,52.43,49.82,49.82,2647653,0.0,54.87999999999995,,27.33907185184931,-2.1814410102412367,-1.3502030582060534,-0.8312379520351834
2020-03-10,51.54,53.0,49.58,52.98,2507287,0.0,54.28999999999995,,37.44450474679715,-2.29425664478466,-1.5390137755217748,-0.7552428692628854
2020-03-11,51.14,52.11,48.98,49.51,3992872,0.0,52.59199999999995,,32.15589355960081,-2.633308704386657,-1.7578727612947511,-0.8754359430919059
2020-03-12,46.7,49.06,44.67,44.85,3527809,0.0,50.387999999999955,,26.701668299659033,-3.240676458155896,-2.0544335006669803,-1.1862429574889157
2020-03-13,47.74,49.06,44.44,48.56,3599060,0.0,49.143999999999956,,36.00785632859487,-3.383649183095841,-2.3202766371527526,-1.0633725459430883
2020-03-16,43.32,49.02,42.49,42.5,6757214,0.0,47.679999999999964,,29.434121157234188,-3.940523549551955,-2.6443260196325933,-1.2961975299193615
2020-03-17,43.47,49.0,41.93,48.1575,4352838,0.0,46.715499999999956,,40.37771944285397,-3.8806043375212553,-2.891581683210326,-0.9890226543109293
2020-03-18,44.38,46.9654,42.42,45.085,2427869,0.0,45.83049999999996,,37.01993330175361,-4.03453538977616,-3.120172424523493,-0.9143629652526668
2020-03-19,44.73,47.12,43.2301,45.74,3733812,0.0,46.00849999999996,,38.199806065403095,-4.05690831801261,-3.3075196032213166,-0.7493887147912934
2020-03-20,46.07,46.6,43.78,44.12,3754302,0.0,45.12049999999996,,36.384273014563284,-4.157435161297435,-3.4775027148365405,-0.6799324464608949
2020-03-23,45.14,46.69,43.3615,45.84,3078489,0.0,45.78849999999996,,39.66314016778998,-4.05160935291606,-3.5923240424524447,-0.4592853104636152
2020-03-24,47.7,48.69,46.67,48.05,4266477,0.0,45.76699999999995,,43.67986018853987,-3.7462289121281884,-3.6231050163875937,-0.12312389574059468
2020-03-25,47.85,50.73,46.2,48.61,3216723,0.0,46.47199999999995,,44.68474029671119,-3.4196062999766923,-3.5824052731054135,0.16279897312872116
2020-03-26,49.21,50.43,48.42,50.22,3268404,0.0,47.36799999999995,,47.58052155539261,-2.9963024722229292,-3.4651847129289166,0.4688822407059874
2020-03-27,48.42,49.44,47.5,47.67,1998408,0.0,48.07799999999995,,43.680167102557306,-2.833927080424708,-3.338933186428075,0.5050061060033673
2020-03-30,48.51,50.09,47.6168,49.91,3499036,0.0,48.891999999999946,,47.73331416837284,-2.4957249691249643,-3.170291542967453,0.6745665738424886
2020-03-31,49.34,50.21,48.18,48.66,1855771,0.0,49.01399999999994,,45.75447167603895,-2.3020255945268815,-2.996638353279339,0.6946127587524575
2020-04-01,47.3,48.21,45.46,46.02,1512194,0.0,48.49599999999994,,41.81199505817332,-2.334631205944035,-2.8642369238122782,0.5296057178682432
2020-04-02,45.46,47.89,45.32,47.69,2059215,0.0,47.98999999999994,,45.03821266047353,-2.2003520558469916,-2.731459950219221,0.5311078943722296
2020-04-03,47.38,48.82,47.2,48.64,2519487,0.0,48.18399999999993,,46.843749468583816,-1.994288880633107,-2.5840257363019985,0.5897368556688916
2020-04-06,50.69,53.86,50.0,53.43,6647382,0.0,48.887999999999934,,54.890335951005284,-1.4280081720680045,-2.3528222234552,0.9248140513871954
2020-04-07,54.9,55.59,51.57,51.72,6057170,0.0,49.499999999999936,,51.87155309115736,-1.1044776092655155,-2.103153300617263,0.9986756913517474
2020-04-08,52.31,53.5,51.56,53.32,2219079,0.0,50.95999999999994,,54.39865190551855,-0.7107772810383182,-1.8246780967014742,1.113900815663156
2020-04-09,53.33,54.43,51.31,51.79,2330048,0.0,51.77999999999994,,51.60807394865262,-0.5162738639823843,-1.5629972501576561,1.0467233861752718
2020-04-13,51.43,52.555,51.43,52.23,2570576,0.0,52.49799999999995,,52.364870769332335,-0.3229019689786483,-1.3149781939218546,0.9920762249432062
2020-04-14,53.13,53.73,52.37,53.15,7355790,0.0,52.441999999999936,,53.985273874686825,-0.09432966412980903,-1.0708484879634455,0.9765188238336364
2020-04-15,52.3,52.4,51.04,52.12,4828069,0.0,52.521999999999935,,51.858366239548594,0.0036609412546653175,-0.8559466021198234,0.8596075433744887
2020-04-16,52.82,53.07,51.31,52.51,18540263,0.0,52.359999999999935,,52.619541468240214,0.11150359856438286,-0.6624565619829822,0.773960160547365
2020-04-17,53.97,54.4,52.71,53.08,10873569,0.0,52.617999999999924,,53.77003018469434,0.24019509818237594,-0.48192622994991063,0.7221213281322866
2020-04-20,52.65,52.65,51.6,51.82,9308921,0.0,52.53599999999992,,50.83171589465663,0.23777168508328117,-0.3379866469432723,0.5757583320265535
2020-04-21,51.14,51.28,50.04,50.38,6420329,0.0,51.98199999999993,,47.62839432618654,0.11829155590212537,-0.2467310063741928,0.36502256227631813
2020-04-22,51.58,52.45,51.17,52.385,10111499,0.0,52.034999999999926,,52.149920028810776,0.18327673610604478,-0.1607294578781453,0.3440061939841901
2020-04-23,52.18,53.58,52.18,52.43,6967926,0.0,52.01899999999993,,52.24956359904128,0.2356921708970745,-0.08144513212310134,0.31713730302017584
2020-04-24,52.86,53.795,52.13,53.66,10483038,0.0,52.134999999999934,,55.007498632020265,0.37219210219036825,0.009282314739592581,0.3629097874507757
2020-04-27,53.99,55.375,53.5,55.15,8214357,0.0,52.80099999999993,,58.16006020641321,0.5937553862271088,0.12617692903709582,0.46757845719001295
2020-04-28,55.5,56.88,54.95,55.05,3923280,0.0,53.734999999999935,,57.867002705147705,0.7526012026521656,0.25146178376010975,0.5011394188920558
2020-04-29,56.51,57.68,55.15,57.4,3575820,0.0,54.73799999999993,,62.63217259482898,1.0559407887099468,0.4123575847500772,0.6435832039598696
2020-04-30,56.82,56.97,54.82,54.97,5289328,0.0,55.245999999999924,,55.62634202718456,1.0877203414479766,0.5474301360896572,0.5402902053583194
2020-05-01,53.74,54.0,51.96,52.07,2120730,0.0,54.927999999999926,,48.63462092704647,0.8688841466820634,0.6117209382081384,0.25716320847392493
2020-05-04,52.01,52.105,50.765,51.6,4116528,0.0,54.21799999999994,,47.59059973242927,0.6500365964047106,0.6193840698474529,0.030652526557257698
2020-05-05,51.95,53.34,51.72,52.73,1655590,0.0,53.75399999999994,,50.35020225183539,0.5613094661714015,0.6077691491122426,-0.04645968294084102
2020-05-06,53.57,53.625,52.785,52.87,2856938,0.0,52.84799999999994,,50.69657895423761,0.49656531039121177,0.5855283813680364,-0.08896307097682465
2020-05-07,53.61,53.86,52.7,52.84,2536714,0.0,52.42199999999993,,50.61509180569574,0.43778780588660027,0.5559802662717492,-0.11819246038514897
2020-05-08,53.08,54.16,52.9,54.13,1322510,0.0,52.83399999999993,,54.036293283425266,0.4896540025751719,0.5427150135324338,-0.0530610109572619
2020-05-11,53.89,54.99,53.34,54.59,4474552,0.0,53.431999999999924,,55.227396918258314,0.5614049657633586,0.5464530039786187,0.014951961784739898
2020-05-12,54.89,55.425,54.07,54.07,2210805,0.0,53.69999999999992,,53.53839535751992,0.5697408489932769,0.5511105729815504,0.01863027601172651
2020-05-13,54.44,54.62,52.4,53.0,5288654,0.0,53.72599999999992,,50.14035890910335,0.4844229130737716,0.5377730409999947,-0.05335012792622307
2020-05-14,52.22,53.4,51.65,53.37,3181218,0.0,53.83199999999992,,51.29160749376217,0.4415735568624868,0.5185331441724932,-0.0769595873100064
2020-05-15,51.97,52.94,51.65,52.06,3087611,0.0,53.41799999999993,,47.14133955467999,0.29846852214581077,0.47452021976715675,-0.17605169762134598
2020-05-18,53.22,55.44,53.22,55.11,1890882,0.0,53.521999999999935,,56.05664562740052,0.42625268557696216,0.46486671292911785,-0.03861402735215569
2020-05-19,55.07,56.02,54.88,55.05,1916032,0.0,53.71799999999994,,55.85705770640239,0.5167245778882403,0.47523828592094236,0.04148629196729797
2020-05-20,56.24,57.51,56.15,56.99,3555062,0.0,54.51599999999994,,60.72612786818215,0.7364763501789682,0.5274858987725476,0.20899045140642059
2020-05-21,56.72,56.97,55.44,55.67,1773729,0.0,54.97599999999994,,56.18501649987484,0.7949545039659611,0.5809796198112303,0.21397488415473087
2020-05-22,55.77,56.22,55.31,56.13,1046163,0.0,55.78999999999994,,57.38108897356467,0.8684065674290977,0.6384650093348038,0.22994155809429395
2020-05-26,57.17,58.685,57.1,58.21,3136778,0.0,56.40999999999993,,62.38171139543935,1.0819840351859256,0.7271688145050281,0.35481522068089744
2020-05-27,57.61,58.86,56.65,57.57,1486097,0.0,56.91399999999993,,60.04709754549671,1.1859323756200766,0.8189215267280379,0.3670108488920387
2020-05-28,57.5,57.885,56.27,56.55,2095474,0.0,56.82599999999993,,56.42285141615352,1.172490962847732,0.8896354139519768,0.28285554889575526
2020-05-29,56.73,57.86,56.21,57.77,1410563,0.0,57.245999999999924,,59.56634788041489,1.2459201583924937,0.9608923628400803,0.2850277955524134
2020-06-01,57.28,58.185,57.27,57.87,1364892,0.0,57.59399999999992,,59.82218604046811,1.297228842555576,1.0281596587831796,0.2690691837723964
2020-06-02,57.93,58.74,57.5,58.71,2681506,0.0,57.693999999999924,,61.997388871980164,1.3896532664149106,1.1004583803095258,0.2891948861053848
2020-06-03,60.0,61.35,59.78,60.54,2147236,0.0,58.28799999999993,,66.28042760677906,1.592211965832739,1.1988090974141685,0.3934028684185704
2020-06-04,60.31,61.0,59.8,60.54,1958892,0.0,59.085999999999935,,66.28042760677906,1.7327669358514655,1.3056006651016279,0.4271662707498376
2020-06-05,62.0,62.72,61.16,61.3,3452002,0.0,59.79199999999994,,68.01660840678694,1.8837684999874895,1.4212342320788003,0.46253426790868923
2020-06-08,61.4,61.93,60.71,61.145,3404180,0.0,60.44699999999993,,67.25602494934607,1.9682424490970405,1.5306358754824485,0.437606573614592
2020-06-09,60.93,61.02,60.31,60.69,2453944,0.0,60.84299999999994,,64.95966450148518,1.975699332882627,1.6196485669624843,0.3560507659201426
2020-06-10,60.72,61.33,59.9,59.95,1763525,0.0,60.72499999999993,,61.29416629575651,1.8999951896048586,1.6757178914909592,0.2242772981138994
2020-06-11,59.5,59.775,56.92,57.03,4568358,0.0,60.022999999999925,,49.43928445625598,1.586095986870383,1.657793510566844,-0.07169752369646099
2020-06-12,58.6,58.91,57.45,57.47,472730,0.0,59.25699999999991,,50.97788073583804,1.3571881102337287,1.597672430500221,-0.24048432026649236
2020-06-15,56.22,58.29,55.9346,58.28,1706541,0.0,58.683999999999926,,53.76708165904054,1.2269931856866734,1.5235365815375115,-0.2965433958508381
2020-06-16,60.0,60.97,58.98,59.88,2242384,0.0,58.52199999999992,,58.75868298050522,1.2386411144810126,1.4665574881262118,-0.22791637364519923
2020-06-17,60.42,60.9,59.86,60.32,1593836,0.0,58.595999999999925,,60.03650230523034,1.2687511314625581,1.4269962167934813,-0.15824508533092319
2020-06-18,60.39,60.76,60.04,60.56,2848751,0.0,59.30199999999993,,60.75085126467754,1.2970281974000883,1.4010026129148028,-0.10397441551471442
2020-06-19,61.41,61.48,59.99,60.44,4166637,0.0,59.89599999999994,,60.17169751016884,1.2948289960987225,1.3797678895515868,-0.08493889345286432
2020-06-22,60.07,60.75,59.09,60.59,1124916,0.0,60.35799999999995,,60.67634725385945,1.2903159011064957,1.3618774918625687,-0.07156159075607293
2020-06-23,61.25,62.19,61.125,61.52,1744127,0.0,60.68599999999994,,63.74366348101258,1.3462635799461395,1.358754709479283,-0.012491129533143353
2020-06-24,61.28,61.58,59.78,59.9,1606003,0.0,60.60199999999994,,55.60692547090604,1.2455244271288066,1.3361086530091877,-0.09058422588038106
2020-06-25,59.68,60.31,58.97,60.17,1610925,0.0,60.523999999999944,,56.60124062991451,1.173942191421446,1.3036753606916396,-0.12973316927019352
2020-06-26,59.88,60.18,58.94,59.2,1482338,0.0,60.27599999999994,,52.0875152680813,1.027102067247064,1.2483607020027245,-0.22125863475566043
2020-06-29,59.29,59.765,58.61,59.595,1261618,0.0,60.07699999999993,,53.706487352600845,0.9318614905606211,1.185060859714304,-0.2531993691536829
2020-06-30,59.79,60.88,59.49,60.58,1685972,0.0,59.88899999999993,,57.55782924038341,0.9251987995320903,1.1330884476778613,-0.20788964814577104
2020-07-01,60.44,60.53,59.65,59.67,1074023,0.0,59.84299999999994,,53.15786344674216,0.8368425738028051,1.07383927290285,-0.23699669910004495
2020-07-02,60.22,60.98,60.22,60.41,1161066,0.0,59.89099999999993,,56.09696408768504,0.8171122821482086,1.0224938747519219,-0.20538159260371325
2020-07-06,61.7,62.1975,61.24,61.98,1752964,0.0,60.44699999999993,,61.60176525621873,0.917584420798903,1.001511983961318,-0.08392756316241501
2020-07-07,61.71,62.165,61.38,61.52,1734815,0.0,60.83199999999992,,59.25736228750171,0.9491499491343589,0.9910395769959263,-0.04188962786156736
2020-07-08,62.04,62.3,61.175,62.08,2125356,0.0,61.13199999999993,,61.19359433127362,1.007736617213311,0.9943789850394033,0.01335763217390784
2020-07-09,62.3,65.01,62.0,64.47,3232360,0.0,62.09199999999993,,68.15035962323469,1.2328089455690332,1.0420649771453294,0.19074396842370378
2020-07-10,64.48,64.72,63.29,64.09,1752489,0.0,62.82799999999993,,66.12075195544324,1.3647851692600526,1.106609015568274,0.2581761536917786
2020-07-13,72.46,73.52,69.05,69.3,21762621,0.0,64.29199999999993,,76.46827690753156,1.8682447727870937,1.2589361670120378,0.6093086057750559
2020-07-14,67.52,70.14,67.38,69.93,8829406,0.0,65.97399999999993,,77.36840714486857,2.2916590516440394,1.465480743938438,0.8261783077056013
2020-07-15,70.44,71.01,69.75,70.47,4165445,0.0,67.65199999999994,,78.14025998716761,2.6403550359149293,1.7004556023337365,0.9398994335811928
2020-07-16,69.6,69.98,69.07,69.425,5282451,0.0,68.64299999999994,,72.95487598151806,2.8000985559458087,1.920384193056151,0.8797143628896578
2020-07-17,69.72,70.39,69.53,70.04,2140676,0.0,69.83299999999994,,74.04643350393539,2.942403609463483,2.1247880763376177,0.8176155331258652
2020-07-20,70.0,71.58,69.56,71.39,2805438,0.0,70.25099999999995,,76.30701783595934,3.128056815388007,2.3254418241476955,0.8026149912403113
2020-07-21,71.11,71.45,68.73,69.04,3585687,0.0,70.07299999999995,,65.59623196510466,3.0503998477745995,2.4704334288730765,0.579966418901523
2020-07-22,69.23,69.53,68.59,68.93,3785438,0.0,69.76499999999994,,65.13535695554793,2.94602017402876,2.5655507779042135,0.38046939612454667
2020-07-23,68.83,68.95,67.28,67.45,2757348,0.0,69.36999999999993,,59.117095279467065,2.71260566982302,2.594961756287975,0.11764391353504511
2020-07-24,67.4,68.21,66.59100000000001,67.13,3337758,0.0,68.78799999999993,57.8991125,57.87201930697867,2.473291107612553,2.570627626552891,-0.09733651894033768
