Date,Open,High,Low,Close,Volume,OpenInterest,5 day sma,200 day sma,rsi,macd,signal,histogram
2019-10-09,47.5,47.62,46.96,47.21,913072,0.0,,,,,,
2019-10-10,47.35,48.32,47.3,48.09,849612,0.0,,,,,,
2019-10-11,48.9,49.86,48.78,49.12,932715,0.0,,,,,,
2019-10-14,48.89,49.54,48.8,49.32,658752,0.0,,,,,,
2019-10-15,49.5,50.22,49.415,49.6,1079830,0.0,48.668,,,,,
2019-10-16,49.68,49.85,49.13,49.33,762053,0.0,49.092,,,,,
2019-10-17,49.43,50.5,49.23,49.78,949464,0.0,49.43,,,,,
2019-10-18,49.57,50.39,49.57,50.21,1329962,0.0,49.648,,,,,
2019-10-21,50.98,51.48,50.66,50.94,1658384,0.0,49.972,,,,,
2019-10-22,51.07,51.07,49.95,49.97,764282,0.0,50.04600000000001,,,,,
2019-10-23,49.98,50.7,49.76,50.7,766213,0.0,50.320000000000014,,,,,
2019-10-24,50.79,51.32,50.67,50.97,1238273,0.0,50.55800000000001,,,,,
2019-10-25,50.74,51.655,50.74,51.47,791404,0.0,50.81000000000001,,,,,
2019-10-28,51.53,52.33,51.53,51.87,960976,0.0,50.996,,,,,
2019-10-29,52.05,52.64,51.73,52.64,1442812,0.0,51.529999999999994,,84.32364096080909,,,
2019-10-30,53.06,53.15,50.75,51.2,2777514,0.0,51.629999999999995,,70.50166680217905,,,
2019-10-31,50.09,50.79,50.022,50.76,1010776,0.0,51.58799999999999,,66.89355591029663,,,
2019-11-01,51.12,51.48,50.69,51.33,1225844,0.0,51.55999999999999,,69.09977669850375,,,
2019-11-04,51.71,52.3,51.33,52.3,1116091,0.0,51.645999999999994,,72.4628545200415,,,
2019-11-05,52.36,52.735,51.95,52.51,1925653,0.0,51.61999999999999,,73.14431974763673,,,
2019-11-06,52.75,52.77,51.52,52.01,2059273,0.0,51.782,,68.77994533665607,,,
2019-11-07,53.21,54.0,50.05,52.23,2879328,0.0,52.076,,69.63837317556235,,,
2019-11-08,51.96,52.28,51.175,51.83,1412302,0.0,52.176,,66.08069445181832,,,
2019-11-11,51.56,52.1537,51.46,51.93,765405,0.0,52.102,,66.54090544213905,,,
2019-11-12,52.0,52.17,51.12,51.26,1323056,0.0,51.852,,60.607601238049035,,,
2019-11-13,50.99,52.21,50.83,52.14,1258782,0.0,51.878,,65.01950844970662,0.846539276144874,,
2019-11-14,52.06,52.46,51.59,52.41,1125367,0.0,51.91399999999999,,66.2678231544759,0.8449809654164682,,
2019-11-15,52.61,53.21,52.48,53.07,1344157,0.0,52.16199999999999,,69.1645852403155,0.8867802266359064,,
2019-11-18,53.1,53.51,52.56,53.47,1038449,0.0,52.46999999999999,,70.80115624480936,0.9413320099088409,,
2019-11-19,53.7,54.27,53.51,53.66,1165786,0.0,52.95,,71.5729394187529,0.9885012758929577,,
2019-11-20,53.29,53.61,52.53,52.77,1207980,0.0,53.076,,63.15238823764136,0.9431951307136401,,
2019-11-21,52.48,53.5,52.26,53.41,1835710,0.0,53.275999999999996,,66.22924375490189,0.9480043317188631,,
2019-11-22,53.75,54.32,53.6,54.01,1190293,0.0,53.464,,68.85493111725232,0.9888320039398337,,
2019-11-25,54.36,54.52,53.92,53.97,863628,0.0,53.563999999999986,,68.47271132061664,1.0063598724441292,0.9327250103128348,0.07363486213129433
2019-11-26,54.06,54.44,53.78,53.94,1038395,0.0,53.61999999999998,,68.16707936337434,1.006230881985175,0.9474261846473029,0.05880469733787219
2019-11-27,54.3,54.7075,53.94,54.64,875831,0.0,53.993999999999986,,71.37742244627997,1.0505032583266214,0.9680415993831667,0.0824616589434547
2019-11-29,54.43,54.672,53.58,53.65,474982,0.0,54.04199999999999,,61.87352659098299,0.9942436869892646,0.9732820169043863,0.02096167008487826
2019-12-02,53.59,53.73,52.98,53.16,993743,0.0,53.87199999999998,,57.7732498057607,0.8997469437820627,0.9585750022799217,-0.05882805849785899
2019-12-03,52.34,52.985,52.1,52.86,1401304,0.0,53.64999999999998,,55.35460593708866,0.7915258835053933,0.925165178525016,-0.13363929501962268
2019-12-04,52.86,53.81,52.858000000000004,53.64,1003460,0.0,53.589999999999975,,60.03886566049144,0.7599392877501074,0.8921200003700344,-0.13218071261992692
2019-12-05,53.97,54.39,53.88,54.27,955341,0.0,53.51599999999998,,63.38084143427736,0.7767880883663452,0.8690536179692966,-0.09226552960295142
2019-12-06,54.76,55.18,54.5,54.73,734495,0.0,53.731999999999985,,65.64036071302445,0.8178315864176184,0.858809211658961,-0.04097762524134252
2019-12-09,54.75,54.99,54.53,54.86,707278,0.0,54.07199999999998,,66.27371454974602,0.8510385255014583,0.8572550744274605,-0.006216548926002208
2019-12-10,54.79,54.86,54.35,54.79,620003,0.0,54.457999999999984,,65.57280665180261,0.8617728677979102,0.8581586331015505,0.003614234696359686
2019-12-11,55.0,55.67,54.9,55.39,1061999,0.0,54.80799999999998,,68.6348086897558,0.9082254394797644,0.8681719943771934,0.04005344510257103
2019-12-12,55.45,56.26,55.21,56.13,848688,0.0,55.179999999999986,,71.9485890529733,0.9933010960455491,0.8931978147108646,0.10010328133468449
2019-12-13,56.26,56.72,55.65,55.77,897073,0.0,55.38799999999998,,68.17498528799167,1.0199181933999881,0.9185418904486893,0.10137630295129885
2019-12-16,56.36,56.36,55.19,55.21,1155223,0.0,55.45799999999997,,62.66874427255849,0.9844766805762646,0.9317288484742043,0.052747832102060244
2019-12-17,55.24,55.4756,54.7973,55.25,1097315,0.0,55.54999999999997,,62.89924355430431,0.948680889269049,0.9351192566331733,0.013561632635875731
2019-12-18,55.32,55.32,54.59,54.82,1099826,0.0,55.435999999999964,,58.70309256937476,0.87552258110221,0.9231999215269807,-0.047677340424770676
2019-12-19,54.79,55.74,54.785,55.34,881675,0.0,55.27799999999998,,62.004208323867175,0.8497088344632147,0.9085017041142276,-0.058792869651012936
2019-12-20,56.03,57.98,56.0,57.56,2228712,0.0,55.63599999999998,,72.21549039616494,0.9968951146239604,0.9261803862161742,0.07071472840778625
2019-12-23,57.52,58.52,57.3601,58.51,1009195,0.0,56.29599999999998,,75.27741171089693,1.1766348484863798,0.9762712786702153,0.20036356981616443
2019-12-24,58.57,58.57,58.04,58.38,416727,0.0,56.92199999999998,,74.07441633316895,1.293677262783305,1.0397524754928333,0.25392478729047174
2019-12-26,58.48,59.12,58.1,59.08,737768,0.0,57.77399999999998,,76.27317830971916,1.4264748550355009,1.1170969514013669,0.309377903634134
2019-12-27,59.2,59.34,58.81,59.09,673233,0.0,58.52399999999998,,76.3040961818903,1.5150601497626113,1.196689591073616,0.31837055868899533
2019-12-30,59.1,59.11,58.25,58.58,463985,0.0,58.72799999999997,,71.20782410852837,1.5265151795372631,1.2626547087663456,0.26386047077091757
2019-12-31,58.5,58.65,58.275,58.39,637701,0.0,58.70399999999997,,69.34952194356953,1.5029370384258058,1.3107111746982376,0.19222586372756822
2020-01-02,58.79,59.105,58.15,58.83,742413,0.0,58.79399999999997,,71.22247064309573,1.5024363633279307,1.3490562124241765,0.15338015090375423
2020-01-03,57.74,58.22,57.25,57.58,1298385,0.0,58.49399999999997,,60.004496267810104,1.3852072148799905,1.3562864129153394,0.028920801964651188
2020-01-06,57.08,57.27,56.52,56.77,1571768,0.0,58.02999999999997,,54.062242998527964,1.2129597941315495,1.3276210891585813,-0.11466129502703182
2020-01-07,56.55,57.27,56.4775,56.97,1313843,0.0,57.707999999999984,,55.2408760139389,1.08013962352657,1.278124796032179,-0.1979851725056092
2020-01-08,57.03,57.92,56.92,57.58,849227,0.0,57.54599999999998,,58.71972754007586,1.0124299215024308,1.2249858211262297,-0.21255589962379884
2020-01-09,58.06,58.13,57.52,58.06,605091,0.0,57.39199999999998,,61.270613365881616,0.9861339450276461,1.177215445906513,-0.19108150087886688
2020-01-10,58.23,58.39,57.574,57.95,762436,0.0,57.46599999999999,,60.35024092717692,0.9455187618063476,1.13087610908648,-0.18535734728013242
2020-01-13,57.835,57.98,57.3,57.82,781241,0.0,57.67599999999999,,59.21809819424822,0.8925522363559679,1.0832113345403775,-0.19065909818440963
2020-01-14,57.77,58.085,57.68,57.9,813442,0.0,57.86199999999999,,59.71888739021556,0.8472644772554503,1.0360219630833922,-0.18875748582794194
2020-01-15,57.87,58.25,57.15,57.55,1038671,0.0,57.855999999999995,,56.45274381328042,0.7742069511538432,0.9836589606974824,-0.20945200954363918
2020-01-16,57.75,58.61,57.69,58.59,766135,0.0,57.962,,62.938956505063814,0.7911082403773335,0.9451488166334526,-0.1540405762561191
2020-01-17,58.85,59.78,58.54,59.64,1386398,0.0,58.3,,68.10434056537841,0.8790951964313223,0.9319380925930265,-0.052842896161704234
2020-01-21,59.0,59.03,57.573,57.91,3023748,0.0,58.318,,54.60135302447837,0.8000069688789608,0.9055518678502134,-0.10554489897125252
2020-01-22,58.13,58.68,57.48,57.63,2701498,0.0,58.263999999999996,,52.77745671481412,0.706590186963254,0.8657595316728215,-0.15916934470956745
2020-01-23,56.8,58.28,55.92,58.23,2169662,0.0,58.4,,56.157122047407555,0.673211338602357,0.8272498930587286,-0.1540385544563716
2020-01-24,58.12,58.12,55.225,55.81,3925118,0.0,57.84400000000001,,42.83971450265937,0.4463394620962191,0.7510678068662268,-0.30472834477000765
2020-01-27,53.12,54.59,53.1,54.14,2114176,0.0,56.74400000000001,,36.42094417508066,0.13028497808603845,0.6269112411101891,-0.4966262630241507
2020-01-28,54.82,55.64,54.42,55.0,1217611,0.0,56.16200000000001,,41.29869579931442,-0.05021679688588421,0.4914856335109745,-0.5417024303968587
2020-01-29,55.16,56.2199,55.13,56.01,1150445,0.0,55.83800000000001,,46.490781170707606,-0.11049349469139713,0.3710898078705002,-0.48158330256189735
2020-01-30,53.13,55.29,52.77,54.8,2933003,0.0,55.15200000000001,,41.72888880767033,-0.25298385912942933,0.2462750744705143,-0.49925893359994367
2020-01-31,54.75,54.91,53.41,53.83,1870406,0.0,54.75600000000001,,38.33871954321989,-0.43911751948254363,0.10919655567990272,-0.5483140751624463
2020-02-03,54.19,54.67,52.75,54.185,2065482,0.0,54.76500000000001,,40.25187450642726,-0.5516254582836098,-0.02296784711279977,-0.52865761117081
2020-02-04,55.43,55.68,54.65,54.74,1490653,0.0,54.71300000000001,,43.218052490296486,-0.5892128695005852,-0.13621685159035685,-0.4529960179102283
2020-02-05,55.17,55.625,54.9,55.11,1774563,0.0,54.533000000000015,,45.17224267986508,-0.5824313498614657,-0.22545975124457862,-0.3569715986168871
2020-02-06,55.78,55.85,55.08,55.1,1251228,0.0,54.59300000000002,,45.127038734652174,-0.5712785199463468,-0.2946235049849323,-0.27665501496141454
2020-02-07,53.49,54.04,52.31,52.82,1945714,0.0,54.39100000000002,,36.22593567861647,-0.7379105931473688,-0.38328092261741964,-0.3546296705299492
2020-02-10,52.25,52.25,50.97,51.01,2283434,0.0,53.756000000000014,,30.99862991816218,-1.004441014109453,-0.5075129409158263,-0.49692807319362675
2020-02-11,51.6,52.91,51.31,52.49,1733541,0.0,53.30600000000002,,38.77782830675624,-1.083751845186761,-0.6227607217700133,-0.46099112341674764
2020-02-12,52.85,54.28,52.84,54.22,1740040,0.0,53.12800000000002,,46.38667672738882,-0.9955338143192733,-0.6973153402798653,-0.29821847403940804
2020-02-13,53.41,53.64,52.91,53.43,1771027,0.0,52.79400000000002,,43.71486985420389,-0.9780919517955269,-0.7534706625829977,-0.22462128921252922
2020-02-14,52.44,53.0,52.44,52.46,1647749,0.0,52.722000000000016,,40.621068187230186,-1.0306592452393701,-0.8089083791142723,-0.22175086612509787
2020-02-18,52.09,52.35,51.49,51.7,1906729,0.0,52.860000000000014,,38.33203695224306,-1.1207258227781054,-0.8712718678470389,-0.24945395493106648
2020-02-19,51.7,52.35,51.7,52.02,2049442,0.0,52.766000000000005,,39.868504713835584,-1.152991935405005,-0.9276158813586322,-0.22537605404637295
2020-02-20,51.49,51.49,48.41,48.5,5090469,0.0,51.622,,30.782949901099244,-1.4459298648374244,-1.0312786780543906,-0.4146511867830338
2020-02-21,48.12,48.1588,46.85,46.96,3412295,0.0,50.327999999999996,,27.79824360044951,-1.7818108082407491,-1.1813851040916623,-0.6004257041490868
2020-02-24,44.49,44.65,42.18,42.59,6129927,0.0,48.354,,21.44424035100215,-2.3732638458559876,-1.4197608524445273,-0.9535029934114603
2020-02-25,42.95,43.06,39.18,39.29,5238065,0.0,45.872,,18.08288137241584,-3.072855099305471,-1.7503797018167162,-1.3224753974887549
2020-02-26,39.56,39.57,36.16,36.22,7170547,0.0,42.712,,15.628555684327111,-3.830849897884903,-2.166473741030354,-1.6643761568545492
2020-02-27,35.07,37.09,33.175,34.75,9765122,0.0,39.962,,14.606280454934051,-4.498329014744755,-2.6328447957732344,-1.8654842189715204
2020-02-28,33.28,37.25,33.21,37.25,8010201,0.0,38.02,,23.741981262559207,-4.770589530635014,-3.0603937427455903,-1.710195787889424
2020-03-02,37.1,37.1,33.98,35.59,5939182,0.0,36.620000000000005,,22.054763621964952,-5.061955011396499,-3.4607059964757725,-1.6012490149207266
2020-03-03,35.39,35.9,33.08,33.61,4936270,0.0,35.48400000000001,,20.20991622242086,-5.390495430666647,-3.8466638833139477,-1.5438315473526991
2020-03-04,34.25,34.25,31.47,32.99,6574243,0.0,34.83800000000001,,19.655478408585438,-5.635927435158457,-4.2045165936828495,-1.431410841475608
2020-03-05,31.31,31.38,28.0,28.59,8218521,0.0,33.60600000000001,,16.248643362825703,-6.114987524886693,-4.586610779923618,-1.528376744963075
2020-03-06,27.4,30.25,26.55,27.08,11042333,0.0,31.572000000000013,,15.270442453633606,-6.541088876954269,-4.977506399329749,-1.5635824776245206
2020-03-09,23.93,24.0899,19.71,19.72,11102742,0.0,28.398000000000014,,11.603619218350516,-7.387509151343913,-5.459506949732582,-1.9280022016113314
2020-03-10,22.24,22.25,17.12,20.5,20509033,0.0,25.77600000000001,,13.961557142303604,-7.904248578272053,-5.948455275440477,-1.9557933028315766
2020-03-11,19.36,19.45,14.78,15.04,18783031,0.0,22.186000000000007,,11.624116635778847,-8.654580054318068,-6.489680231215996,-2.164899823102072
2020-03-12,11.49,13.43,9.6,9.64,26327380,0.0,18.396000000000008,,9.865017318022808,-9.574588133222289,-7.106661811617255,-2.4679263216050336
2020-03-13,13.33,13.6,9.87,11.095,39581419,0.0,15.199000000000007,,13.656540899700659,-10.070211692099136,-7.699371787713631,-2.3708399043855044
2020-03-16,10.46,13.41,10.1,10.95,33686751,0.0,13.445000000000007,,13.595165466305815,-10.355327452562772,-8.23056292068346,-2.124764531879313
2020-03-17,11.51,11.62,9.83,10.04,23334976,0.0,11.353000000000009,,13.194389888649468,-10.53329190930707,-8.691108718408183,-1.8421831908988882
2020-03-18,9.73,9.99,7.03,7.765,19277541,0.0,9.898000000000009,,12.224189349870315,-10.73416671833115,-9.099720318392777,-1.6344463999383727
2020-03-19,8.03,8.85,7.25,8.23,15734173,0.0,9.616000000000009,,13.622263649067989,-10.732126563369036,-9.426201567388029,-1.305924995981007
2020-03-20,9.09,10.98,8.23,8.71,26560340,0.0,9.139000000000008,,15.125086246968422,-10.569934116451494,-9.654948077200721,-0.9149860392507723
2020-03-23,8.95,10.59,8.44,9.67,25863792,0.0,8.88300000000001,,18.190739587104005,-10.24582397580155,-9.773123256920888,-0.47270071888066134
2020-03-24,12.0,15.76,11.3,13.76,44227472,0.0,9.62700000000001,,29.820958480871298,-9.54886219636582,-9.728271044809874,0.17940884844405502
2020-03-25,17.15,18.0,14.33,16.955,44880101,0.0,11.465000000000009,,37.31754654230014,-8.639118782889213,-9.510440592425743,0.8713218095365303
2020-03-26,16.8,20.28,15.0,15.7099,49117323,0.0,12.96098000000001,,35.71636166217584,-7.927229569676612,-9.193798387875917,1.2665688181993051
2020-03-27,14.31,14.31,12.01,12.0299,42218487,0.0,13.62496000000001,,31.42467974186566,-7.572704065653328,-8.8695795234314,1.2968754577780714
2020-03-30,11.11,11.84,9.82,10.68,31225082,0.0,13.82696000000001,,30.00061750320424,-7.31632762728006,-8.558929144201132,1.2426015169210718
2020-03-31,10.54,12.4,10.41,10.955,32891904,0.0,13.26596000000001,,30.689700707043457,-7.010148621406081,-8.249173039642123,1.239024418236042
2020-04-01,10.5,10.59,9.45,9.5425,29740031,0.0,11.78346000000001,,29.104867619353158,-6.803055113995914,-7.9599494545128815,1.1568943405169678
2020-04-02,9.16,9.9,8.08,8.396,31044762,0.0,10.320680000000012,,27.847818239267298,-6.654733361876879,-7.698906235985682,1.0441728741088028
2020-04-03,9.06,9.25,8.12,8.46,22929992,0.0,9.606700000000012,,28.034671473974015,-6.457584030594139,-7.450641794907374,0.9930577643132343
2020-04-06,9.2,10.18,8.8001,10.0,38630627,0.0,9.470700000000011,,32.56042997140921,-6.106682599753313,-7.1818499558765625,1.0751673561232495
2020-04-07,12.27,13.0,10.36,11.01,53587428,0.0,9.481700000000012,,35.42852860335395,-5.6815982012341095,-6.881799604948072,1.2002014037139626
2020-04-08,11.235,11.95,10.91,11.71,25186036,0.0,9.915200000000013,,37.415126706881885,-5.227966855371669,-6.551033055032792,1.323066199661123
2020-04-09,12.72,14.18,12.25,13.1147,50550925,0.0,10.858940000000013,,41.31682060920491,-4.700923870945292,-6.181011218215293,1.4800873472700005
2020-04-13,12.05,12.05,11.0,11.35,31170561,0.0,11.43694000000001,,38.10304542646009,-4.375200462965134,-5.819849067165261,1.4446486042001272
2020-04-14,12.49,12.98,11.63,12.3314,36184880,0.0,11.90322000000001,,40.85818192776139,-3.991855907277376,-5.454250435187684,1.462394527910308
2020-04-15,11.6,12.25,11.39,12.08,19783289,0.0,12.11722000000001,,40.362553311209666,-3.6660781966128653,-5.09661598747272,1.430537790859855
2020-04-16,11.94,12.14,11.13,11.34,17750141,0.0,12.043220000000009,,38.867969350861486,-3.4280919196351114,-4.762911173905199,1.3348192542700872
2020-04-17,12.2,12.5,11.8,12.36,24066330,0.0,11.89228000000001,,42.053084546990384,-3.121201338873222,-4.434569206898804,1.3133678680255816
2020-04-20,11.96,12.3,11.46,11.4899,26107083,0.0,11.920260000000011,,40.132192793498675,-2.9146004412521034,-4.130575453769464,1.2159750125173607
2020-04-21,11.1,11.57,10.81,10.99,21748037,0.0,11.651980000000012,,39.02914896577511,-2.7593968839563328,-3.856339739806838,1.0969428558505054
2020-04-22,11.3,11.47,10.65,10.86,16670627,0.0,11.407980000000013,,38.73102031418144,-2.6167229073404847,-3.6084163733135677,0.9916934659730829
2020-04-23,10.95,11.69,10.92,11.46,21724102,0.0,11.43198000000001,,40.972136041901535,-2.427257849794275,-3.3721846686097092,0.9449268188154343
2020-04-24,11.37,11.48,10.66,10.87,18218568,0.0,11.133980000000012,,39.444243838232666,-2.2982210343401857,-3.157391941755805,0.8591709074156193
2020-04-27,11.04,11.87,10.91,11.4439,28163234,0.0,11.124780000000012,,41.72084146018142,-2.1251520645759836,-2.9509439663198407,0.8257919017438571
2020-04-28,12.33,13.38,11.93,13.095,36561500,0.0,11.545780000000011,,47.800999521252734,-1.8336267798367825,-2.727480529023229,0.8938537491864467
2020-04-29,14.44,16.46,14.0802,16.41,58651929,0.0,12.655780000000012,,57.40866166422902,-1.3198833028492416,-2.4459610837884314,1.1260777809391898
2020-04-30,16.22,17.48,15.18,16.4,53958994,0.0,13.64378000000001,,57.374355314966984,-0.9031340453478993,-2.137395676100325,1.234261630752426
2020-05-01,15.25,15.74,13.7,13.85,41941490,0.0,14.239780000000007,,49.28623521657503,-0.7697477718599757,-1.8638660952522554,1.0941183233922798
2020-05-04,12.57,14.48,12.22,14.43,38367088,0.0,14.837000000000009,,50.978954111850406,-0.6102029960861319,-1.613133475419031,1.002930479332899
2020-05-05,12.75,13.22,11.03,11.175,145377168,0.0,14.453000000000008,,42.42136694489129,-0.7379077672480943,-1.4380883337848436,0.7001805665367493
2020-05-06,11.79,11.94,10.88,11.12,105649608,0.0,13.39500000000001,,42.292180523606355,-0.8339396219505097,-1.3172585914179769,0.4833189694674671
2020-05-07,11.4,12.5,11.39,12.005,74606885,0.0,12.516000000000009,,45.18484536534089,-0.82907637851849,-1.2196221488380794,0.39054577031958937
2020-05-08,12.83,13.13,12.0,12.4289,72501448,0.0,12.231780000000011,,46.566445438334966,-0.7820025965872119,-1.132098238387906,0.35009564180069397
2020-05-11,12.16,12.29,11.525,11.72,41185338,0.0,11.689780000000011,,44.54444386928139,-0.7927601452554427,-1.0642306197614133,0.2714704745059706
2020-05-12,11.89,11.96,11.07,11.09,34003867,0.0,11.672780000000012,,42.767151085811136,-0.8424105307333409,-1.019866601955799,0.177456071222458
2020-05-13,11.0,11.03,9.9,10.28,53124052,0.0,11.504780000000013,,40.5281643405548,-0.9363256700025406,-1.0031584155651472,0.06683274556260654
2020-05-14,9.94,11.33,9.24,10.745,66947044,0.0,11.252780000000012,,42.39270268686053,-0.9621415122219688,-0.9949550348965116,0.03281352267454285
2020-05-15,10.52,11.37,10.32,10.91,43500183,0.0,10.949000000000012,,43.07469738522022,-0.9582406306306712,-0.9876121540433436,0.02937152341267235
2020-05-18,11.88,13.47,11.76,12.86,101393846,0.0,11.177000000000012,,50.52873923984477,-0.7887087076673414,-0.9478314647681432,0.15912275710080181
2020-05-19,12.92,13.15,11.88,12.43,63940287,0.0,11.445000000000011,,49.00488175616814,-0.6811984123807715,-0.8945048542906688,0.21330644190989734
2020-05-20,12.76,13.01,12.075,12.8,60327783,0.0,11.949000000000009,,50.39126094439481,-0.5596880851633088,-0.8275415004651969,0.2678534153018881
2020-05-21,12.96,14.35,12.8101,14.01,74918002,0.0,12.602000000000011,,54.7260698165507,-0.36158525802525965,-0.7343502519772096,0.37276499395194995
2020-05-22,14.72,15.0,13.72,13.885,62932927,0.0,13.197000000000012,,54.19918720622189,-0.2122273705749329,-0.6299256756967543,0.4176983051218214
2020-05-26,15.36,16.17,15.25,16.0299,74041240,0.0,13.830980000000011,,61.11689566531871,0.0783125967502496,-0.48827802120735353,0.5665906179576031
2020-05-27,17.76,17.8378,15.83,17.59,95934876,0.0,14.862980000000011,,65.23045823853069,0.4295035956887805,-0.30472169782812675,0.7342252935169072
2020-05-28,17.38,17.44,15.9276,16.07,74043062,0.0,15.516980000000009,,58.71314822627908,0.5785050496071307,-0.12807634834107529,0.706581397948206
2020-05-29,15.28,16.06,15.05,15.67,65835073,0.0,15.848980000000008,,57.0964529615626,0.6567425984080373,0.028887441008747225,0.6278551573992901
2020-06-01,15.88,17.35,15.71,17.32,60338026,0.0,16.53598000000001,,61.7724852276004,0.8421795087402799,0.1915458545550538,0.6506336541852261
2020-06-02,17.98,18.29,16.97,17.39,60880840,0.0,16.80800000000001,,61.961894813522,0.9834513956531161,0.3499269627746663,0.6335244328784498
2020-06-03,16.8,18.43,16.7,17.97,72450906,0.0,16.884000000000007,,63.57243181326674,1.129194880890772,0.5057805463978875,0.6234143344928844
2020-06-04,18.16,20.0,17.39,19.59,86024594,0.0,17.58800000000001,,67.68764339349838,1.3597438236736572,0.6765732018530415,0.6831706218206157
2020-06-05,24.21,24.29,21.6,22.43,104272674,0.0,18.940000000000012,,73.36776477091809,1.7514303876924568,0.8915446390209246,0.8598857486715322
2020-06-08,25.28,26.91,24.0,26.86,97694786,0.0,20.848000000000013,,79.4392830509434,2.3917383180468725,1.1915833748261142,1.2001549432207583
2020-06-09,25.05,25.5,23.15,24.1211,80736694,0.0,22.194220000000016,,68.97020706755742,2.6476600490305664,1.4827987096670046,1.1648613393635618
2020-06-10,22.71,22.71,19.4,20.64,121282392,0.0,22.728220000000015,,58.43031280850927,2.5403011767353902,1.6942992030806816,0.8460019736547086
2020-06-11,16.76,19.0,16.45,17.2401,111954592,0.0,22.25824000000002,,50.33908596408179,2.156021704974382,1.7866437034594218,0.36937800151496014
2020-06-12,19.58,20.58,19.1,19.24,47112206,0.0,21.620240000000017,,54.3440648325064,1.98991417917901,1.8272977986033394,0.16261638057567063
2020-06-15,18.36,20.5,18.17,19.9933,78418408,0.0,20.246900000000018,,55.79032754026941,1.8971881782945559,1.8412758745415827,0.05591230375297318
2020-06-16,22.46,22.47,20.11,20.96,77962457,0.0,19.614680000000018,,57.64457389889064,1.8800348935184772,1.8490276783369617,0.0310072151815155
2020-06-17,18.97,20.04,18.86,19.195,62644058,0.0,19.32568000000002,,53.25289074395937,1.7043730904202015,1.8200967607536098,-0.11572367033340836
2020-06-18,18.5,20.08,18.43,19.3001,53706718,0.0,19.73768000000002,,53.4801666544733,1.5557073120335723,1.7672188710096024,-0.21151155897603013
2020-06-19,19.89,20.0,17.72,18.22,74739625,0.0,19.53368000000002,,50.749454293527215,1.335340593217456,1.6808432154511732,-0.3455026222337172
2020-06-22,17.53,17.74,16.63,17.09,60848153,0.0,18.95302000000002,,47.98873850665308,1.0573285987806962,1.5561402921170777,-0.49881169333638153
2020-06-23,17.3,18.18,17.04,18.03,50214718,0.0,18.367020000000018,,50.40562809061497,0.9024493598484149,1.4254021056633452,-0.5229527458149303
2020-06-24,17.22,17.245,15.33,15.8,75752031,0.0,17.688020000000016,,45.056548768503426,0.5929291657009159,1.2589075176708595,-0.6659783519699436
2020-06-25,14.55,16.1501,14.5,16.0789,54563049,0.0,17.04378000000002,,45.830797994402296,0.3659189946087089,1.0803098130584294,-0.7143908184497205
2020-06-26,16.2,16.4,14.85,15.28,46040851,0.0,16.45578000000002,,43.921513138514484,0.12016209139277834,0.8882802687252992,-0.7681181773325209
2020-06-29,15.19,16.66,14.61,16.57,50113811,0.0,16.35178000000002,,47.70957817316811,0.029154123444193658,0.7164550396690782,-0.6873009162248845
2020-06-30,16.21,16.58,15.57,16.43,41287637,0.0,16.03178000000002,,47.335868364315694,-0.05364874743796122,0.5624342822476703,-0.6160830296856316
2020-07-01,16.93,18.13,16.2969,16.43,52877857,0.0,16.157780000000024,,47.335868364315694,-0.11791140983921977,0.42636514383029234,-0.5442765536695121
2020-07-02,17.07,17.365,15.86,15.965,40888295,0.0,16.135000000000023,,45.949421430566616,-0.20400994693605412,0.30029012567702307,-0.5043000726130772
2020-07-06,16.06,16.49,15.41,16.13,35012451,0.0,16.30500000000002,,46.54768845898223,-0.25597877290153903,0.18903634596131066,-0.4450151188628497
2020-07-07,15.88,16.02,15.215,15.27,23563632,0.0,16.045000000000023,,43.82489442350326,-0.3623819411320284,0.07875268854264286,-0.4411346296746712
2020-07-08,15.15,16.16,14.91,15.99,30491859,0.0,15.957000000000022,,46.63911678441243,-0.38418064055897005,-0.013833977277679724,-0.37034666328129034
2020-07-09,16.19,16.46,15.03,15.2,28026209,0.0,15.711000000000023,,44.03255696630411,-0.4599012097332533,-0.10304742376879444,-0.3568537859644589
2020-07-10,15.07,16.45,14.87,16.38,41783916,0.0,15.794000000000022,,48.64898441981809,-0.4198543484340931,-0.16640880870185418,-0.25344553973223893
2020-07-13,16.39,16.63,15.5,15.61,33055408,0.0,15.690000000000023,,45.98355901953418,-0.4451184388870715,-0.22215073473889763,-0.22296770414817385
2020-07-14,15.22,15.542,14.85,15.33,26710254,0.0,15.702000000000023,,45.01766885167067,-0.48217584948257297,-0.2741557576876327,-0.2080200917949403
2020-07-15,16.33,18.55,16.24,18.5,82339195,0.0,16.204000000000025,,56.227774504476876,-0.2528370589293907,-0.2698920179359843,0.017054959006593595
2020-07-16,16.58,17.1,15.6,15.6,71800195,0.0,16.284000000000024,,46.822624461407244,-0.3016133676534807,-0.27623628787948357,-0.025377079773997113
2020-07-17,15.34,15.68,15.01,15.2601,69203336,0.0,16.060020000000023,,45.8544924624079,-0.3635057648857085,-0.29369018328072855,-0.06981558160497997
2020-07-20,15.51,15.9527,14.82,14.89,44672074,0.0,15.916020000000023,,44.769043905566924,-0.43737809018291784,-0.3224277646611664,-0.11495032552175144
2020-07-21,15.11,15.31,14.68,14.98,49097704,0.0,15.846020000000024,,45.109322051000916,-0.4830914152427468,-0.35456049477748247,-0.12853092046526432
2020-07-22,14.85,15.11,14.58,14.6701,27530871,0.0,15.080040000000025,,44.10176143854445,-0.538122750657223,-0.3912729459534306,-0.14684980470379244
2020-07-23,14.57,14.86,13.96,14.42,42132927,0.0,14.844040000000026,,43.26193864516818,-0.595057013438856,-0.4320297594505157,-0.16302725398834028
2020-07-24,14.14,14.68,14.08,14.39,21293628,0.0,14.670020000000028,33.824303500000035,43.15577815377759,-0.6352755154650485,-0.47267891065342227,-0.1625966048116262
