Date,Open,High,Low,Close,Volume,OpenInterest,5 day sma,200 day sma,rsi,macd,signal,histogram
2019-10-09,9.98,10.6,9.6252,10.22,240363,0.0,,,,,,
2019-10-10,10.38,10.8041,10.22,10.42,267604,0.0,,,,,,
2019-10-11,10.48,10.9,10.2,10.21,247196,0.0,,,,,,
2019-10-14,10.25,10.55,10.01,10.25,295302,0.0,,,,,,
2019-10-15,10.26,10.52,9.9328,9.96,302412,0.0,10.212,,,,,
2019-10-16,10.0,10.39,9.95,10.26,352143,0.0,10.22,,,,,
2019-10-17,10.57,10.98,10.31,10.89,385276,0.0,10.314,,,,,
2019-10-18,10.77,11.4499,10.76,11.15,542014,0.0,10.501999999999999,,,,,
2019-10-21,11.325999999999999,12.3588,11.325999999999999,11.74,222095,0.0,10.8,,,,,
2019-10-22,11.91,12.48,11.89,12.08,117862,0.0,11.224,,,,,
2019-10-23,12.15,12.73,11.75,12.44,248957,0.0,11.66,,,,,
2019-10-24,12.61,13.0,12.035,12.87,140374,0.0,12.056000000000001,,,,,
2019-10-25,12.86,13.9,12.86,13.2488,182764,0.0,12.475760000000001,,,,,
2019-10-28,13.32,13.7285,13.0,13.05,55456,0.0,12.737760000000002,,,,,
2019-10-29,13.19,13.55,12.77,12.93,71135,0.0,12.907760000000001,,81.16662066427457,,,
2019-10-30,12.99,13.62,12.93,13.56,62211,0.0,13.131760000000003,,83.70891415208118,,,
2019-10-31,13.5,13.5,12.69,12.96,313465,0.0,13.149760000000004,,73.52884847266468,,,
2019-11-01,13.01,13.63,13.0,13.38,130395,0.0,13.176000000000002,,75.7518520808178,,,
2019-11-04,11.32,12.87,11.21,12.31,611328,0.0,13.028000000000002,,61.56674290438947,,,
2019-11-05,12.37,12.89,12.105,12.68,179559,0.0,12.978000000000003,,64.07212294294953,,,
2019-11-06,12.75,13.33,12.5,13.02,78723,0.0,12.870000000000001,,66.24938163185973,,,
2019-11-07,13.15,13.44,12.8,12.91,130942,0.0,12.860000000000003,,64.8794957377703,,,
2019-11-08,12.81,13.08,12.53,12.63,145092,0.0,12.71,,61.399206391527215,,,
2019-11-11,12.6,12.99,12.0,12.89,155564,0.0,12.825999999999999,,63.3644251321507,,,
2019-11-12,12.81,13.45,12.345,13.02,164451,0.0,12.894,,64.34194808574892,,,
2019-11-13,13.2,13.2,12.05,12.95,143238,0.0,12.88,,63.361579649322906,0.6584110043618434,,
2019-11-14,12.88,14.4,12.72,14.14,226538,0.0,13.126000000000001,,71.35276825087834,0.7216045776552882,,
2019-11-15,14.25,15.05,13.92,14.53,156269,0.0,13.506000000000004,,73.40040096190256,0.7940029091227423,,
2019-11-18,14.43,14.43,13.0501,13.85,116081,0.0,13.698000000000002,,64.7147624974314,0.7874317681457015,,
2019-11-19,13.98,14.95,13.95,14.53,115269,0.0,14.000000000000004,,68.70307897781196,0.8275548711620306,,
2019-11-20,14.54,15.68,14.29,14.74,212297,0.0,14.358,,69.83695813036536,0.8663116627427776,,
2019-11-21,14.82,15.0,13.76,14.26,150580,0.0,14.382000000000001,,64.11878782509777,0.8485135745197976,,
2019-11-22,14.44,15.18,14.2053,15.04,179031,0.0,14.484000000000004,,68.61577119242646,0.8871217552622515,,
2019-11-25,14.81,16.14,14.81,15.65,321807,0.0,14.844000000000005,,71.61221163104003,0.9559216489463687,0.816319307990978,0.1396023409553907
2019-11-26,15.73,16.25,15.45,16.1,252654,0.0,15.158000000000005,,73.61364420778835,1.0348284414459332,0.8600211346819691,0.17480730676396417
2019-11-27,16.12,16.95,16.05,16.43,317580,0.0,15.496000000000006,,75.00533524727665,1.1111818721342424,0.9102532821724238,0.2009285899618185
2019-11-29,16.38,17.79,16.16,16.5,115462,0.0,15.944000000000006,,75.30289774821904,1.1639239403699921,0.9609874138119376,0.2029365265580545
2019-12-02,16.52,17.55,16.28,17.55,296719,0.0,16.446000000000005,,79.28637957474905,1.2757426668752672,1.0239384644246037,0.2518042024506635
2019-12-03,17.24,18.49,17.01,17.26,261118,0.0,16.768000000000004,,75.65678509855861,1.3256776501272594,1.0842863015651347,0.24139134856212463
2019-12-04,17.3,17.715,16.33,16.77,238867,0.0,16.902000000000005,,69.83921490416938,1.3106047435568566,1.129549989963479,0.18105475359337753
2019-12-05,16.76,17.5,16.22,16.43,212258,0.0,16.902000000000005,,66.0443448746883,1.256737312556604,1.1549874544821042,0.10174985807449977
2019-12-06,16.66,17.49,16.66,17.18,157989,0.0,17.038000000000004,,69.9263074403218,1.2600407519432277,1.175998113974329,0.08404263796889877
2019-12-09,16.99,17.41,16.44,16.63,160363,0.0,16.854000000000006,,64.13568711372005,1.204394834061599,1.181677457991783,0.022717376069816053
2019-12-10,16.76,17.5,16.55,17.5,214073,0.0,16.902000000000005,,68.56949705016319,1.2164740170995074,1.188636769813328,0.027837247286179423
2019-12-11,17.29,17.5,17.11,17.31,166981,0.0,17.010000000000005,,66.63210669315907,1.1969181175753683,1.190293039365736,0.006625078209632207
2019-12-12,17.24,18.5,17.24,18.3,198515,0.0,17.384000000000004,,71.19844771239026,1.2469308103404941,1.2016205935606878,0.04531021677980629
2019-12-13,18.2,19.84,18.14,18.66,362597,0.0,17.68,,72.66344021608751,1.30062245498166,1.2214209658448822,0.07920148913677783
2019-12-16,18.5,18.5,17.3,18.13,254216,0.0,17.98,,67.24080415097983,1.2855874477349172,1.2342542622228891,0.051333185512028034
2019-12-17,18.16,19.27,18.04,18.7,192953,0.0,18.220000000000002,,69.84700912000386,1.304627399917841,1.2483288897618796,0.056298510155961434
2019-12-18,18.72,20.5,18.72,19.26,312948,0.0,18.610000000000003,,72.18802828830489,1.3493495573270486,1.2685330232749135,0.08081653405213518
2019-12-19,19.27,19.785,17.11,18.68,505128,0.0,18.686000000000003,,66.43500422872631,1.3227432754416455,1.2793750737082599,0.043368201733385625
2019-12-20,18.7,20.16,18.07,19.08,1197560,0.0,18.770000000000003,,68.31069159293145,1.3187327323640083,1.2872466054394096,0.031486126924598734
2019-12-23,19.18,20.17,18.75,19.16,441370,0.0,18.976000000000006,,68.6875734742274,1.306944042119543,1.2911860927754364,0.01575794934410668
2019-12-24,19.2,20.37,19.2,20.23,157266,0.0,19.282000000000004,,73.26706819340508,1.368170064952288,1.3065828872108067,0.06158717774148137
2019-12-26,19.53,20.45,19.53,19.57,223941,0.0,19.344,,66.77940596107861,1.3478979168588303,1.3148458931404114,0.033052023718418866
2019-12-27,19.68,19.965,18.14,18.36,186318,0.0,19.28,,56.84196388686836,1.2201303032031738,1.295902775152964,-0.07577247194979009
2019-12-30,18.48,19.29,18.17,18.58,140032,0.0,19.18,,58.0638824799979,1.1236727107014097,1.2614567622626531,-0.1377840515612434
2019-12-31,18.59,18.8,18.0,18.48,265901,0.0,19.044000000000004,,57.270155822473484,1.0273179278501559,1.2146289953801537,-0.18731106752999782
2020-01-02,18.65,19.0,18.18,18.84,163578,0.0,18.766000000000002,,59.420738850173464,0.9688369107689709,1.1654705784579171,-0.1966336676889462
2020-01-03,18.38,18.86,18.005,18.22,140376,0.0,18.496000000000002,,54.34757437527185,0.8625188841581419,1.1048802395979622,-0.2423613554398203
2020-01-06,18.06,18.53,17.7035,18.34,145231,0.0,18.492000000000004,,55.145786609191944,0.7789646595011313,1.0396971235785961,-0.26073246407746486
2020-01-07,18.27,18.55,17.93,18.34,164024,0.0,18.444000000000006,,55.145786609191944,0.7046248577385015,0.9726826704105773,-0.26805781267207585
2020-01-08,18.28,18.63,17.56,17.73,163609,0.0,18.294000000000004,,49.99257491190342,0.5896905417394223,0.8960842446763463,-0.30639370293692403
2020-01-09,17.8,18.47,17.69,17.97,112583,0.0,18.120000000000005,,51.897168758721776,0.5120674674753083,0.8192808892361387,-0.30721342176083044
2020-01-10,18.03,19.45,17.99,18.9,213898,0.0,18.256000000000007,,58.49399713792908,0.5196041760435897,0.759345546597629,-0.23974137055403932
2020-01-13,19.02,19.3411,18.5684,18.95,128855,0.0,18.378000000000007,,58.82097051506281,0.5235761935709462,0.7121916759922924,-0.18861548242134618
2020-01-14,18.99,19.94,18.57,19.21,126624,0.0,18.552000000000003,,60.56084189360046,0.5414622335872998,0.6780457875112939,-0.13658355392399402
2020-01-15,19.35,19.73,19.01,19.5,159108,0.0,18.906000000000002,,62.46576704263384,0.5724389061518238,0.6569244112393998,-0.08448550508757602
2020-01-16,19.04,19.7,18.68,18.99,211907,0.0,19.110000000000003,,57.23054591880206,0.5495010979770001,0.6354397485869199,-0.08593865060991979
2020-01-17,19.24,19.75,18.75,18.89,161449,0.0,19.108000000000004,,56.2353313645635,0.5172905519941366,0.6118099092683633,-0.09451935727422667
2020-01-21,18.75,19.16,18.33,18.4,539386,0.0,18.998000000000005,,51.50871545170968,0.4470710011301371,0.5788621276407181,-0.131791126510581
2020-01-22,18.45,18.86,18.02,18.04,479302,0.0,18.764000000000003,,48.29689423700578,0.3582429085599941,0.5347382838245733,-0.17649537526457926
2020-01-23,18.02,18.74,17.1,18.42,416960,0.0,18.548000000000005,,51.71914165626516,0.3148790991838446,0.4907664468964276,-0.17588734771258302
2020-01-24,18.33,18.7933,17.325,17.48,120896,0.0,18.246000000000006,,43.96656225573144,0.20233048386995378,0.43307925429113286,-0.23074877042117908
2020-01-27,17.31,18.475,17.0,17.94,111549,0.0,18.056000000000004,,48.068949767234855,0.14854076550299666,0.37617155653350565,-0.22763079103050898
2020-01-28,18.44,18.44,17.3,17.72,161258,0.0,17.920000000000005,,46.322209963890685,0.08715519395619964,0.31836828401804446,-0.23121309006184482
2020-01-29,17.7,17.81,16.93,17.04,184176,0.0,17.720000000000006,,41.323770473131866,-0.01617715063409264,0.25145919708761705,-0.2676363477217097
2020-01-30,17.0,17.02,15.68,16.5,225261,0.0,17.336000000000006,,37.83252764256933,-0.14002810835430068,0.1731617359992335,-0.3131898443535342
2020-01-31,16.55,16.77,15.53,16.175,163967,0.0,17.075000000000003,,35.86841416148715,-0.26139249849573076,0.08625088910024065,-0.3476433875959714
2020-02-03,16.55,17.13,16.2,16.98,67117,0.0,16.883000000000003,,43.669294430527536,-0.2892832030396342,0.01114407067226568,-0.30042727371189987
2020-02-04,17.15,17.15,16.35,16.45,96350,0.0,16.629000000000005,,40.20204966367249,-0.3501174222345469,-0.06110822790909684,-0.28900919432545
2020-02-05,16.58,16.7,15.69,15.84,130239,0.0,16.389000000000003,,36.60016336719062,-0.4424505863076611,-0.1373766995888097,-0.3050738867188514
2020-02-06,15.86,16.27,15.61,15.87,260741,0.0,16.263000000000005,,36.89958976734451,-0.507356050053744,-0.21137256968179655,-0.29598348037194744
2020-02-07,15.79,15.9,15.13,15.81,121012,0.0,16.190000000000005,,36.52801797519183,-0.5572123985721404,-0.28054053545986535,-0.2766718631122751
2020-02-10,15.75,16.0,15.4,15.45,53261,0.0,15.884000000000006,,34.29646842185852,-0.6186415901626603,-0.3481607464004244,-0.2704808437622359
2020-02-11,16.35,17.21,15.93,16.2575,317403,0.0,15.845500000000007,,42.7456328090188,-0.5953038731448288,-0.39758937174930525,-0.19771450139552355
2020-02-12,16.5,16.69,15.945,16.43,180682,0.0,15.963500000000005,,44.39077389709878,-0.5564745635366144,-0.4293664101067671,-0.12710815342984727
2020-02-13,16.18,16.3841,15.6,16.185,193494,0.0,16.026500000000006,,42.521945910439435,-0.5392553088460019,-0.4513441898546141,-0.08791111899138782
2020-02-14,16.3,16.77,15.66,16.77,109306,0.0,16.218500000000002,,48.13647234779571,-0.472952413474772,-0.45566583457864573,-0.01728657889612628
2020-02-18,16.92,16.99,16.16,16.21,61313,0.0,16.3705,,43.73261386745691,-0.4602882941557169,-0.45659032649405995,-0.0036979676616569757
2020-02-19,16.57,17.0,16.02,16.73,73362,0.0,16.465000000000003,,48.44886901242087,-0.40363933122305795,-0.44600012743985956,0.04236079621680161
2020-02-20,16.61,16.96,15.99,16.25,63355,0.0,16.429000000000002,,44.72247353505425,-0.3929469604784046,-0.4353894940475686,0.042442533569164
2020-02-21,16.29,16.75,15.985,16.19,70935,0.0,16.43,,44.264170924199924,-0.3848780436787109,-0.42528720397379705,0.04040916029508612
2020-02-24,22.0,22.95,18.03,18.87,3058727,0.0,16.85,,62.66708629799498,-0.1603809944062604,-0.3723059620602897,0.2119249676540293
2020-02-25,19.44,19.512999999999998,16.72,16.977,663561,0.0,17.003400000000006,,50.08713737380328,-0.13367383620811424,-0.3245795368898546,0.19090570068174034
2020-02-26,17.45,18.58,16.79,18.17,518514,0.0,17.291400000000003,,56.07201373744361,-0.016057984785540214,-0.2628752264689917,0.24681724168345148
2020-02-27,17.81,18.57,17.3101,17.72,677072,0.0,17.585400000000003,,53.46771338625358,0.04037674763710797,-0.20222483164777177,0.24260157928487974
2020-02-28,17.0,18.27,16.73,18.01,372973,0.0,17.949400000000004,,54.92079929304275,0.10726576309488678,-0.14032671269924007,0.24759247579412685
2020-03-02,18.6,19.05,17.5,17.57,303510,0.0,17.689400000000006,,52.25455223754335,0.12334956992824786,-0.08759145617374249,0.21094102610199034
2020-03-03,17.76,18.85,17.76,18.0,442479,0.0,17.894000000000005,,54.57544301408783,0.16884714428568515,-0.03630373608185697,0.20515088036754212
2020-03-04,18.28,18.99,17.71,18.15,355919,0.0,17.890000000000008,,55.39007546724674,0.21453501998697533,0.01386401513190949,0.20067100485506584
2020-03-05,18.21,18.39,17.95,18.13,699921,0.0,17.972000000000005,,55.247806732643596,0.24629007906932898,0.060349227919393386,0.18594085114993558
2020-03-06,17.91,19.22,17.91,18.5,324818,0.0,18.070000000000004,,57.426391132842404,0.2978783438310657,0.10785505110172786,0.19002329272933785
2020-03-09,17.9,18.65,17.08,17.57,640224,0.0,18.070000000000004,,50.74020870226213,0.260713840794466,0.1384268090402755,0.12228703175419053
2020-03-10,18.66,18.98,15.57,16.11,663699,0.0,17.692000000000004,,42.39502046481974,0.11215801829235161,0.13317305089069073,-0.021015032598339117
2020-03-11,16.19,16.19,14.76,15.36,731104,0.0,17.134000000000004,,38.8593445508298,-0.06533908501605623,0.09347062370934134,-0.15880970872539757
2020-03-12,14.61,14.64,12.37,12.44,909704,0.0,15.996000000000004,,28.79164320412869,-0.43659363507231674,-0.01254222804699029,-0.42405140702532645
2020-03-13,12.67,13.56,12.0,13.56,297525,0.0,15.008000000000004,,35.67548996952566,-0.6331424291611558,-0.1366622682698234,-0.4964801608913324
2020-03-16,12.02,13.11,11.75,11.89,489976,0.0,13.872000000000003,,30.881646879802204,-0.9131377244824819,-0.29195735951235513,-0.6211803649701267
2020-03-17,12.08,13.4505,10.9,11.04,346411,0.0,12.858,,28.76310627548007,-1.1899073977458308,-0.47154736715905027,-0.7183600305867806
2020-03-18,10.82,10.94,9.245,10.0,569464,0.0,11.786000000000001,,26.378656853048327,-1.476152499046222,-0.6724683935364847,-0.8036841055097373
2020-03-19,9.99,12.07,9.7,11.24,1518340,0.0,11.546000000000001,,33.46136351207704,-1.5846789744348904,-0.8549105097161659,-0.7297684647187245
2020-03-20,11.7,12.23,11.01,11.66,545721,0.0,11.166,,35.71717478702665,-1.6181435466119414,-1.007557117095321,-0.6105864295166203
2020-03-23,11.6,12.4,11.1,11.78,494227,0.0,11.144,,36.3808163795215,-1.6163491966468158,-1.1293155330056202,-0.4870336636411956
2020-03-24,12.42,13.11,12.055,13.08,423747,0.0,11.552,,43.21967049056103,-1.4928197293334353,-1.2020163722711832,-0.29080335706225213
2020-03-25,13.25,14.15,12.43,13.08,294869,0.0,12.168000000000001,,43.21967049056103,-1.3790251925000643,-1.2374181363169594,-0.14160705618310487
2020-03-26,13.64,14.9999,13.5175,13.95,168986,0.0,12.71,,47.59223433201681,-1.204752832388447,-1.230885075531257,0.02613224314280993
2020-03-27,13.55,13.84,12.51,13.08,251090,0.0,12.994000000000003,,43.94756795508443,-1.123886990906259,-1.2094854586062576,0.08559846769999857
2020-03-30,13.14,13.4,12.5,13.19,621416,0.0,13.276000000000002,,44.52602232903685,-1.0389478046634473,-1.1753779278176955,0.13643012315424818
2020-03-31,12.97,13.28,12.13,12.23,839369,0.0,13.106000000000003,,40.58917887831483,-1.0371413447334543,-1.1477306112008474,0.11058926646739309
2020-04-01,11.93,12.97,11.8,12.0,446132,0.0,12.890000000000004,,39.68388473362307,-1.0422543308882073,-1.1266353551383195,0.08438102425011218
2020-04-02,11.93,13.1,11.71,12.78,346142,0.0,12.656000000000002,,44.22701108266094,-0.9721604672671376,-1.0957403775640833,0.1235799102969457
2020-04-03,12.77,13.95,12.05,12.33,430361,0.0,12.506000000000004,,42.249818838441534,-0.9420623066834839,-1.0650047633879636,0.12294245670447967
2020-04-06,12.95,13.56,12.83,13.4,647458,0.0,12.548000000000005,,48.18179773334409,-0.8223892486001816,-1.0164816604304072,0.19409241183022563
2020-04-07,14.84,15.1,13.72,14.07,1221276,0.0,12.916000000000006,,51.53854326438512,-0.6658090549611249,-0.9463471393365508,0.28053808437542593
2020-04-08,15.29,15.48,14.34,15.04,661596,0.0,13.524000000000006,,55.98411042769746,-0.45816578011615405,-0.8487108674924715,0.39054508737631743
2020-04-09,15.4,15.93,14.55,15.25,308432,0.0,14.018000000000006,,56.90579398231286,-0.2735089034699083,-0.7336704746879589,0.46016157121805057
2020-04-13,15.28,15.6,14.7,14.82,928038,0.0,14.516000000000005,,54.39414826254421,-0.16001979608644135,-0.6189403389676554,0.4589205428812141
2020-04-14,15.28,16.8,15.0,16.12,952938,0.0,15.060000000000006,,60.12434234246267,0.034423462360280155,-0.48826757870206833,0.5226910410623484
2020-04-15,15.77,16.11,14.86,15.29,489787,0.0,15.304000000000007,,55.343192122567054,0.12016193023323396,-0.36658167691500787,0.48674360714824183
2020-04-16,15.25,15.7,15.01,15.42,1209942,0.0,15.380000000000006,,55.93425423003522,0.19633694716807426,-0.25399795209839143,0.4503348992664657
2020-04-17,15.86,16.1245,15.3,15.37,355617,0.0,15.404000000000007,,55.6292820443037,0.24979216616639022,-0.1532399284454351,0.4030320946118253
2020-04-20,15.25,16.5,15.185,15.49,649823,0.0,15.538000000000006,,56.24587324970459,0.29839905095234975,-0.06291213256587813,0.3613111835182279
2020-04-21,15.4,16.06,15.07,15.74,572048,0.0,15.462000000000003,,57.568781779523974,0.35302382905015506,0.020275059757328504,0.33274876929282654
2020-04-22,16.03,16.5,15.71,16.1,556512,0.0,15.624000000000006,,59.46917476178118,0.4205159050065532,0.10032322880717345,0.32019267619937974
2020-04-23,16.16,16.86,16.06,16.37,681960,0.0,15.814000000000007,,60.88417451421731,0.4901405695877017,0.17828669696327912,0.31185387262442255
2020-04-24,16.48,17.8,16.39,17.65,519408,0.0,16.270000000000003,,66.80143997536936,0.6412124228112486,0.270871842132873,0.37034058067837555
2020-04-27,17.86,18.45,17.78,18.22,526042,0.0,16.816000000000006,,69.04698169012883,0.7977363827691697,0.3762447502601324,0.4214916325090373
2020-04-28,18.26,18.42,18.0,18.15,273904,0.0,17.298000000000005,,68.43479103819247,0.9056940564368361,0.4821346114954731,0.423559444941363
2020-04-29,18.44,18.47,18.02,18.29,213225,0.0,17.736000000000008,,69.02628454090845,0.9911230707754743,0.5839323033514734,0.40719076742400095
2020-04-30,18.18,18.57,17.62,18.2,593118,0.0,18.102000000000007,,68.1422747117289,1.0395802977271078,0.6750619022266003,0.36451839550050746
2020-05-01,17.86,18.2,16.385,16.63,362999,0.0,17.898000000000007,,54.92714454655535,0.9404561274159704,0.7281407472644744,0.21231538015149598
2020-05-04,16.58,17.6,16.2,17.03,346242,0.0,17.660000000000007,,57.20433632042509,0.8839861235834157,0.7593098225282627,0.12467630105515293
2020-05-05,17.35,18.2,17.35,17.89,167232,0.0,17.60800000000001,,61.68623937917479,0.8982733157535421,0.7871025211733187,0.11117079458022339
2020-05-06,18.14,20.25,18.085,20.09,1353292,0.0,17.96800000000001,,70.26522994434828,1.074728827388217,0.8446277824162984,0.23010104497191852
2020-05-07,20.04,21.88,20.04,20.31,767020,0.0,18.39000000000001,,70.96536600688454,1.2182796832001337,0.9193581625730655,0.2989215206270682
2020-05-08,20.87,22.2,20.68,21.54,215482,0.0,19.372000000000014,,74.57051008845288,1.414984431392373,1.018483416336927,0.396501015055446
2020-05-11,21.14,22.4,21.0,22.21,478134,0.0,20.408000000000015,,76.29699969118438,1.606419952837662,1.136070723637074,0.47034922920058797
2020-05-12,22.6,23.39,21.8,21.92,259925,0.0,21.214000000000016,,73.95648976717797,1.7149643647638833,1.251849451862436,0.46311491290144735
2020-05-13,21.95,23.105,20.675,21.44,508726,0.0,21.484000000000016,,70.12218700582157,1.7421719312044992,1.3499139477308486,0.3922579834736506
2020-05-14,20.71,22.95,20.71,21.78,696890,0.0,21.778000000000013,,71.25886232594047,1.7707570965787163,1.4340825775004222,0.33667451907829404
2020-05-15,21.85,22.44,21.1738,21.98,298966,0.0,21.866000000000014,,71.93523309054402,1.7889277293183028,1.5050516078639984,0.2838761214543044
2020-05-18,22.52,22.725,20.87,21.41,219221,0.0,21.70600000000001,,67.08944295295157,1.7373072537801626,1.5515027370472314,0.1858045167329312
2020-05-19,21.3,21.3,20.03,20.1,182464,0.0,21.34200000000001,,57.5022984323502,1.57256406350065,1.5557150023379152,0.01684906116273477
2020-05-20,20.5,20.75,20.08,20.33,464724,0.0,21.12000000000001,,58.620353233754805,1.4439183837830747,1.533355678626947,-0.08943729484387242
2020-05-21,20.49,21.0,20.03,20.71,151751,0.0,20.906000000000013,,60.4707166499927,1.3569860890324605,1.4980817607080499,-0.14109567167558934
2020-05-22,20.79,20.79,19.63,20.24,136025,0.0,20.55800000000001,,57.07142878215669,1.2359196348656596,1.4456493355395719,-0.20972970067391228
2020-05-26,20.89,21.34,20.2,20.62,131444,0.0,20.400000000000013,,59.07454772674275,1.1572958359045984,1.3879786356125772,-0.23068279970797878
2020-05-27,20.97,20.97,19.25,20.31,141886,0.0,20.442000000000014,,56.74819719691564,1.0577780921498672,1.3219385269200352,-0.26416043477016804
2020-05-28,20.35,22.11,20.01,20.42,394112,0.0,20.460000000000015,,57.38941841551142,0.9765288274742225,1.2528565870308728,-0.27632775955665023
2020-05-29,20.34,20.34,19.05,19.75,227737,0.0,20.26800000000001,,52.303160226465415,0.8482961690819195,1.171944503441082,-0.3236483343591625
2020-06-01,19.71,20.245,19.45,19.64,194794,0.0,20.148000000000014,,51.49621427412616,0.7293868649958455,1.0834329757520347,-0.3540461107561892
2020-06-02,19.93,20.47,19.115,20.44,324522,0.0,20.112000000000013,,56.72537311829837,0.6917298676065187,1.0050923541229315,-0.31336248651641285
2020-06-03,20.51,21.28,20.09,20.38,190088,0.0,20.126000000000012,,56.23569107235118,0.6495572358330435,0.933985330464954,-0.28442809463191054
2020-06-04,20.28,20.45,18.79,19.46,483996,0.0,19.93400000000001,,49.219586675520425,0.5357233250608502,0.8543329293841333,-0.3186096043232831
2020-06-05,20.82,20.82,19.89,20.68,424740,0.0,20.12000000000001,,56.89899994347222,0.5377540408369335,0.7910171516746934,-0.25326311083776
2020-06-08,20.63,21.98,20.11,21.87,635596,0.0,20.56600000000001,,62.8072857526947,0.6281455812217587,0.7584428375841066,-0.1302972563623479
2020-06-09,21.81,22.75,21.45,21.52,542756,0.0,20.78200000000001,,60.19373344857463,0.6638865820221582,0.739531586471717,-0.0756450044495588
2020-06-10,21.67,22.0,21.48,21.66,217193,0.0,21.03800000000001,,60.89470661540143,0.69549122274017,0.7307235137254077,-0.035232290985237724
2020-06-11,21.3,22.0,20.75,21.04,545352,0.0,21.354000000000006,,56.17674046651217,0.6628681780293206,0.7171524465861903,-0.05428426855686963
2020-06-12,21.69,22.0,21.34,21.37,94659,0.0,21.492000000000008,,58.040182150191356,0.6560795455290354,0.7049378663747593,-0.048858320845723946
2020-06-15,20.44,22.17,20.3172,21.57,459680,0.0,21.432000000000006,,59.173251931741135,0.6592385423390184,0.6957980015676112,-0.03655945922859283
2020-06-16,22.12,22.21,21.54,21.77,225487,0.0,21.482000000000006,,60.32697883629813,0.6701552658529515,0.6906694544246792,-0.02051418857172771
2020-06-17,21.82,23.95,21.55,23.47,517699,0.0,21.844000000000012,,68.48043970066486,0.8066836929267964,0.7138723021251028,0.09281139080169365
2020-06-18,23.52,23.94,21.55,22.51,721223,0.0,22.138000000000012,,60.87237871666091,0.827876236156424,0.7366730889313671,0.09120314722505696
2020-06-19,22.62,23.79,21.81,21.92,623142,0.0,22.24800000000001,,56.70293204697955,0.7879800664798502,0.7469344844410637,0.0410455820387865
2020-06-22,22.01,23.29,21.7,22.835,199954,0.0,22.501000000000015,,61.14751225620474,0.8207340068588316,0.7616943889246173,0.059039617934214306
2020-06-23,22.99,23.605,22.25,22.37,348777,0.0,22.621000000000016,,57.89492257024263,0.7999488147698983,0.7693452740936736,0.030603540676224728
2020-06-24,22.3,22.62,21.6,22.13,251627,0.0,22.35300000000002,,56.23235341222297,0.7554025951586816,0.7665567383066753,-0.011154143147993678
2020-06-25,22.11,23.2,21.98,22.91,145357,0.0,22.433000000000018,,60.22965273343927,0.7741153564871155,0.7680684619427633,0.006046894544352144
2020-06-26,22.86,22.86,21.96,22.35,154257,0.0,22.51900000000002,,56.25710638614665,0.7352821597331918,0.7615112015008492,-0.02622904176765739
2020-06-29,19.78,21.89,19.2,19.57,675013,0.0,21.86600000000002,,41.5913845404375,0.4747116248435539,0.7041512861693902,-0.22943966132583626
2020-06-30,19.6,19.96,19.33,19.75,258278,0.0,21.34200000000002,,42.63416236140485,0.2795100761426319,0.6192230441640385,-0.3397129680214066
2020-07-01,19.11,19.81,18.0,19.36,673165,0.0,20.788000000000018,,40.92916186222443,0.09227797871435328,0.5138340310741015,-0.42155605235974825
2020-07-02,19.65,19.65,19.01,19.25,138601,0.0,20.05600000000002,,40.437950198731215,-0.06424036518203735,0.3982191518228738,-0.46245951700491117
2020-07-06,19.32,19.4,18.78,19.01,180003,0.0,19.388000000000023,,39.32890085794924,-0.20528191250619088,0.2775189389570609,-0.4828008514632518
2020-07-07,19.34,21.14,19.2,19.9599,351260,0.0,19.465980000000023,,45.679004120420615,-0.23766965570880672,0.17448122002388738,-0.4121508757326941
2020-07-08,20.05,20.41,19.42,19.85,137009,0.0,19.485980000000023,,45.09098274494413,-0.2691031336514982,0.08576434928881027,-0.35486748294030845
2020-07-09,19.85,20.255,19.13,19.24,188969,0.0,19.461980000000022,,41.86925700606498,-0.3393247686931886,0.0007465256924104879,-0.34007129438559913
2020-07-10,19.29,19.61,18.99,19.11,159794,0.0,19.433980000000023,,41.193752237345855,-0.4008451406638258,-0.07957180757883678,-0.32127333308498907
2020-07-13,19.24,19.6648,18.0,18.07,182775,0.0,19.245980000000024,,36.16666624877998,-0.5274397894651628,-0.169145403956102,-0.3582943855090608
2020-07-14,18.05,18.73,18.0,18.37,208647,0.0,18.928000000000022,,38.49821903536029,-0.5966812973355538,-0.25465258263199236,-0.3420287147035614
2020-07-15,18.61,19.09,18.45,18.91,114083,0.0,18.74000000000002,,42.56483173130061,-0.6010536320222073,-0.32393279251003537,-0.2771208395121719
2020-07-16,18.98,18.98,18.0,18.91,123959,0.0,18.67400000000002,,42.56483173130061,-0.5976296363263103,-0.3786721612732904,-0.21895747505301988
2020-07-17,18.86,19.8,18.73,19.21,114974,0.0,18.69400000000002,,44.91176550952064,-0.5642048005380573,-0.41577868912624383,-0.1484261114118135
2020-07-20,19.48,19.59,18.7872,19.07,83889,0.0,18.894000000000023,,44.00801983879639,-0.5427556579627826,-0.4411740828935516,-0.10158157506923099
2020-07-21,19.37,19.37,18.25,18.455,189784,0.0,18.911000000000023,,40.182786634931496,-0.5688253535751713,-0.46670433702987557,-0.1021210165452957
2020-07-22,18.54,18.61,17.977999999999998,18.09,75742,0.0,18.74700000000002,,38.06789839297165,-0.611884797675188,-0.4957404291589381,-0.11614436851624987
2020-07-23,18.14,18.39,17.67,17.99,136665,0.0,18.563000000000024,,37.485787364147136,-0.6466249912273376,-0.525917341572618,-0.12070764965471958
2020-07-24,17.96,18.13,17.74,17.91,204094,0.0,18.30300000000002,16.983915999999994,36.998366465288164,-0.6728559122015021,-0.555305055698395,-0.11755085650310715
