Date,Open,High,Low,Close,Volume,OpenInterest,5 day sma,200 day sma,rsi,macd,signal,histogram
2019-10-08,1.73,1.8,1.66,1.715,42480492,0.0,,,,,,
2019-10-09,1.73,1.76,1.575,1.635,34114585,0.0,,,,,,
2019-10-10,1.64,1.64,1.5,1.52,31701934,0.0,,,,,,
2019-10-11,1.55,1.59,1.5,1.56,24574333,0.0,,,,,,
2019-10-14,1.56,1.57,1.52,1.53,11691856,0.0,1.592,,,,,
2019-10-15,1.63,1.64,1.54,1.56,23515202,0.0,1.561,,,,,
2019-10-16,1.46,1.52,1.4,1.46,35551730,0.0,1.5260000000000002,,,,,
2019-10-17,1.46,1.5,1.42,1.465,17048891,0.0,1.5150000000000001,,,,,
2019-10-18,1.45,1.55,1.44,1.52,20128230,0.0,1.5070000000000001,,,,,
2019-10-21,1.52,1.77,1.49,1.7197,36275802,0.0,1.54494,,,,,
2019-10-22,1.7,1.77,1.52,1.54,36128209,0.0,1.5409399999999998,,,,,
2019-10-23,1.58,1.595,1.52,1.55,11611545,0.0,1.55894,,,,,
2019-10-24,1.57,1.6,1.53,1.54,20213498,0.0,1.57394,,,,,
2019-10-25,1.54,1.555,1.5,1.52,19927960,0.0,1.57394,,,,,
2019-10-28,1.4289,1.5,1.38,1.47,28078428,0.0,1.5240000000000002,,36.748160969277365,,,
2019-10-29,1.45,1.45,1.39,1.4,20542141,0.0,1.4960000000000002,,33.97731819161049,,,
2019-10-30,1.42,1.45,1.36,1.45,19490473,0.0,1.4760000000000004,,37.59674788379737,,,
2019-10-31,1.5,1.54,1.46,1.4751,12843948,0.0,1.4630200000000004,,39.392963360265796,,,
2019-11-01,1.49,1.55,1.49,1.53,15892374,0.0,1.4650200000000004,,43.24124938951609,,,
2019-11-04,1.65,1.9,1.58,1.72,57230249,0.0,1.5150200000000007,,54.102892943954544,,,
2019-11-05,1.88,2.38,1.8,2.355,175947633,0.0,1.7060200000000005,,72.82199727829048,,,
2019-11-06,2.46,2.46,1.96,2.045,107678032,0.0,1.8250200000000008,,59.96425182228288,,,
2019-11-07,2.11,2.2,2.05,2.065,37885076,0.0,1.9430000000000007,,60.44943740629552,,,
2019-11-08,2.13,2.13,1.94,1.99,36298690,0.0,2.035000000000001,,57.628996852451884,,,
2019-11-11,1.9,1.96,1.78,1.8559,32520329,0.0,2.0621800000000006,,52.878329598583754,,,
2019-11-12,1.9,2.05,1.83,1.955,26390423,0.0,1.9821800000000007,,55.779459400130754,0.1784029673305183,,
2019-11-13,1.9,1.99,1.85,1.89,23961403,0.0,1.9511800000000008,,53.45480899314092,0.16934780996343002,,
2019-11-14,1.86,1.89,1.66,1.7487,43450489,0.0,1.8879200000000007,,48.70306403053072,0.1490516290067263,,
2019-11-15,1.75,1.84,1.66,1.8179,30190938,0.0,1.8535000000000008,,51.00031399738597,0.1369716965875798,,
2019-11-18,1.88,1.9,1.73,1.79,24693652,0.0,1.8403200000000008,,50.027546996113884,0.12372079003027014,,
2019-11-19,1.78,1.89,1.78,1.849,25017195,0.0,1.819120000000001,,52.10787850579596,0.11663565480696203,,
2019-11-20,1.85,1.87,1.77,1.84,19361142,0.0,1.8091200000000007,,51.7539459372043,0.1090374929675384,,
2019-11-21,1.87,2.04,1.82,1.98,38490331,0.0,1.855380000000001,,56.68281795947954,0.1130100158230607,,
2019-11-22,2.04,2.05,1.88,1.94,23985260,0.0,1.8798000000000008,,54.95534090294341,0.11164364466060084,0.13420241124185406,-0.02255876658125322
2019-11-25,1.99,2.12,1.96,2.065,34819929,0.0,1.9348000000000005,,59.145543288454476,0.11927234366823902,0.13121639772713106,-0.01194405405889204
2019-11-26,2.12,2.29,2.12,2.29,49842372,0.0,2.0230000000000006,,65.3870263412067,0.14183873356119525,0.1333408648939439,0.008497868667251357
2019-11-27,2.32,2.5,2.28,2.47,74472698,0.0,2.1490000000000005,,69.41290972994094,0.1722615320977141,0.14112499833469794,0.031136533763016172
2019-11-29,2.36,2.36,2.2,2.28,30727738,0.0,2.2090000000000005,,61.307059997513804,0.1789772684770643,0.14869545236317122,0.03028181611389308
2019-12-02,2.35,2.44,2.3,2.4378,30970417,0.0,2.3085600000000004,,64.96623508988976,0.19478729249533488,0.15791382038960397,0.036873472105730914
2019-12-03,2.31,2.48,2.25,2.39,36168810,0.0,2.3735600000000003,,63.02199806080333,0.20114115983163972,0.16655928827801111,0.0345818715536286
2019-12-04,2.42,2.58,2.41,2.42,44916785,0.0,2.39956,,63.75513655012896,0.20622021646456679,0.17449147391532227,0.031728742549244515
2019-12-05,2.53,2.57,2.25,2.2712,50266972,0.0,2.3598000000000003,,57.64983641567185,0.19597936093236346,0.17878905131873052,0.017190309613632937
2019-12-06,2.32,2.34,2.2,2.27,30460351,0.0,2.3578,,57.60193019914392,0.18562678909451336,0.18015659887388707,0.005470190220626281
2019-12-09,2.21,2.25,2.11,2.23,30033299,0.0,2.3162400000000005,,55.933421001967375,0.17220951156805553,0.17856718141272077,-0.006357669844665237
2019-12-10,2.2,2.28,2.14,2.2721,23659809,0.0,2.2926600000000006,,57.33422694371394,0.16309330254797505,0.17547240563977162,-0.012379103091796573
2019-12-11,2.26,2.32,2.23,2.26,19337259,0.0,2.2606600000000006,,56.77560452133347,0.1531271182439462,0.17100334816060653,-0.017876229916660324
2019-12-12,2.3,2.33,2.26,2.28,21405146,0.0,2.26242,,57.512481649077024,0.14516925739897868,0.16583653000828097,-0.02066727260930229
2019-12-13,2.31,2.43,2.2885,2.4,35447002,0.0,2.2884200000000003,,61.72828203858607,0.1468527651996565,0.1620397770465561,-0.015187011846899579
2019-12-16,2.44,2.55,2.39,2.49,34993121,0.0,2.3404200000000004,,64.56790968333746,0.15367770418651627,0.16036736247454814,-0.006689658288031863
2019-12-17,2.54,2.63,2.5,2.6,42682994,0.0,2.406,,67.72035159483735,0.1660484945131273,0.16150358888226396,0.0045449056308633495
2019-12-18,2.58,2.67,2.54,2.62,29416730,0.0,2.4780000000000006,,68.2730655421243,0.17544386021616276,0.1642916431490437,0.011152217067119052
2019-12-19,2.69,2.73,2.61,2.62,33289955,0.0,2.5460000000000003,,68.2730655421243,0.18080554149100703,0.1675944228174364,0.013211118673570638
2019-12-20,2.65,2.72,2.63,2.695,32476267,0.0,2.6050000000000004,,70.47197177312003,0.18892873290017453,0.17186128483398402,0.01706744806619051
2019-12-23,2.7399,2.76,2.65,2.665,27141475,0.0,2.64,,68.4289949736642,0.19074686026746956,0.17563839992068114,0.015108460346788422
2019-12-24,2.63,2.63,2.45,2.52,30484104,0.0,2.624,,59.45713618057623,0.17843061407070682,0.1761968427506863,0.0022337713200205056
2019-12-26,2.4511,2.52,2.35,2.52,41551435,0.0,2.604,,59.45713618057623,0.16674773612087002,0.17430702142472304,-0.007559285303853025
2019-12-27,2.54,2.55,2.41,2.42,34802772,0.0,2.564,,53.8137838816027,0.14771701708756924,0.16898902055729229,-0.02127200346972305
2019-12-30,2.92,4.87,2.88,3.77,402967895,0.0,2.779,,80.59331540568262,0.23881583246503935,0.18295438293884173,0.05586144952619762
2019-12-31,4.15,4.42,3.82,4.02,193549307,0.0,3.05,,82.60477605013031,0.32741102021131896,0.2118457103933372,0.11556530981798177
2020-01-02,4.1,4.1,3.61,3.72,97171760,0.0,3.29,,72.84725864144386,0.3691604006938882,0.2433086484534474,0.12585175224044082
2020-01-03,3.5,3.9,3.48,3.83,77393254,0.0,3.5520000000000005,,74.05731397450532,0.40643800191876256,0.27593451914651046,0.1305034827722521
2020-01-06,4.19,4.24,3.66,3.69,98224315,0.0,3.806,,69.79416326278485,0.41984423647478897,0.3047164626121662,0.1151277738626228
2020-01-07,3.7,3.73,3.21,3.25,100309137,0.0,3.7020000000000004,,58.413111589344524,0.3904634317939002,0.321865856448513,0.06859757534538719
2020-01-08,3.14,3.49,3.13,3.385,60130244,0.0,3.5750000000000006,,60.539263319803496,0.3737637878781741,0.33224544273444523,0.041518345143728874
2020-01-09,3.44,3.58,3.33,3.47,51395446,0.0,3.525000000000001,,61.86138840878015,0.3632012316720852,0.3384366005219732,0.02476463115011196
2020-01-10,3.49,3.575,3.4,3.51,33027919,0.0,3.461000000000001,,62.49816288898385,0.3539775624887147,0.3415447929153215,0.012432769573393176
2020-01-13,3.705,3.73,3.52,3.7,53898895,0.0,3.463000000000001,,65.44909045115537,0.3578738038693938,0.344810595106136,0.013063208763257839
2020-01-14,3.7,3.82,3.61,3.78,51498100,0.0,3.5690000000000013,,66.63940267398353,0.3632298470722688,0.3484944454993626,0.014735401572906204
2020-01-15,4.19,4.48,4.0,4.29,213876146,0.0,3.7500000000000013,,73.02055714653154,0.4039705664241251,0.35958966968431516,0.04438089673980994
2020-01-16,3.99,4.4,3.91,4.37,89011609,0.0,3.930000000000002,,73.86504176656105,0.4376680466408316,0.3752053450756185,0.06246270156521311
2020-01-17,4.51,4.705,4.46,4.67,94648988,0.0,4.162000000000002,,76.79796560194475,0.4830131602392105,0.39676690810833687,0.08624625213087361
2020-01-21,4.6,5.29,4.52,5.17,339213008,0.0,4.456000000000002,,80.68789725630296,0.5529215750500285,0.42799784149667525,0.12492373355335323
2020-01-22,5.42,5.65,4.69,4.8,389376371,0.0,4.660000000000002,,71.17795627585048,0.571876355029445,0.45677354420322924,0.11510281082621576
2020-01-23,4.57,4.95,4.31,4.88,195422660,0.0,4.778000000000002,,71.94781159920709,0.5865916230471702,0.48273715997201744,0.10385446307515273
2020-01-24,5.0,5.06,4.51,4.64,125077316,0.0,4.8320000000000025,,66.2322393176613,0.5722905752200633,0.5006478430216267,0.07164273219843664
2020-01-27,3.985,4.35,3.84,4.0059,92102626,0.0,4.699180000000003,,54.02154571204776,0.5039807448686835,0.501314423391038,0.0026663214776454502
2020-01-28,4.25,4.27,4.03,4.2,44029205,0.0,4.505180000000003,,56.655780882526045,0.4602020373869058,0.4930919461902116,-0.032889908803305834
2020-01-29,4.23,4.33,4.02,4.26,45153085,0.0,4.397180000000002,,57.46699709383375,0.42544433736685816,0.479562424425541,-0.05411808705868282
2020-01-30,4.24,4.38,4.01,4.08,68834130,0.0,4.237180000000003,,54.19032393904853,0.3790051782358592,0.45945097518760464,-0.08044579695174542
2020-01-31,4.02,4.04,3.67,3.775,72512366,0.0,4.064180000000002,,49.083379915267344,0.3139715899909361,0.430355098148271,-0.11638350815733489
2020-02-03,3.535,4.11,3.52,4.05,68160085,0.0,4.073000000000002,,53.35202173139587,0.2813786466082644,0.4005598078402697,-0.11918116123200528
2020-02-04,4.2899,4.7,4.16,4.51,108115685,0.0,4.135000000000003,,59.472554154825716,0.2893314271875589,0.37831413170972755,-0.08898270452216867
2020-02-05,4.37,4.48,4.13,4.39,60747326,0.0,4.161000000000003,,57.35828331798608,0.282692364368629,0.3591897782415079,-0.0764974138728789
2020-02-06,4.2,4.33,4.05,4.08,67913208,0.0,4.161000000000003,,52.195950819907125,0.24953990928976744,0.3372598044511598,-0.08771989516139234
2020-02-07,4.02,4.02,3.74,3.81,74858093,0.0,4.168000000000003,,48.13267261003592,0.19918354238422342,0.3096445520377725,-0.1104610096535491
2020-02-10,3.67,3.91,3.6187,3.8665,60515758,0.0,4.131300000000002,,49.026904434614416,0.1619677729581226,0.28010919622184255,-0.11814142326371996
2020-02-11,3.83,4.05,3.8,3.95,50036901,0.0,4.019300000000003,,50.38823513644808,0.1376253009239048,0.251612417162255,-0.11398711623835023
2020-02-12,3.995,4.2,3.98,4.07,46802705,0.0,3.9553000000000025,,52.3574673196508,0.12655783365010098,0.22660150045982422,-0.10004366680972324
2020-02-13,3.95,4.05,3.86,4.02,33276378,0.0,3.943300000000002,,51.441252682426715,0.11245588255352956,0.2037723768785653,-0.09131649432503575
2020-02-14,4.02,4.035,3.75,3.78,65143644,0.0,3.9373000000000027,,47.17401028341777,0.08098049770517823,0.1792140010438879,-0.09823350333870967
2020-02-18,3.9,3.98,3.76,3.8,43592667,0.0,3.924000000000003,,47.56437063456604,0.05699288282165371,0.15476977739944106,-0.09777689457778735
2020-02-19,3.93,4.1,3.86,4.085,67242551,0.0,3.951000000000003,,52.90499963628288,0.06028471864998419,0.1358727656495497,-0.0755880469995655
2020-02-20,4.1,4.4,4.01,4.26,81495872,0.0,3.989000000000003,,55.87674337237108,0.07613690092403269,0.12392559270444631,-0.04778869178041362
2020-02-21,4.2,4.2,4.02,4.08,37237716,0.0,4.001000000000003,,52.226305228803916,0.0733300705014317,0.11380648826384339,-0.04047641776241169
2020-02-24,3.79,3.935,3.76,3.87,50832488,0.0,4.019000000000003,,48.26466800692411,0.05354317976575951,0.10175382656422662,-0.04821064679846711
2020-02-25,5.18,5.19,4.24,4.42,172489745,0.0,4.1430000000000025,,57.382670582075384,0.08130509523193297,0.0976640802977679,-0.016358985065834927
2020-02-26,4.5,4.71,4.3,4.335,63245954,0.0,4.193000000000003,,55.747442495392335,0.09534870313013855,0.09720100486424202,-0.001852301734103473
2020-02-27,4.09,4.3,3.92,4.14,70327590,0.0,4.169000000000002,,52.08074455234354,0.0897093793679895,0.09570267976499151,-0.005993300397002008
2020-02-28,3.94,4.14,3.87,4.13,55883742,0.0,4.179000000000002,,51.89224828868834,0.08347105585784043,0.0932563549835613,-0.009785299125720875
2020-03-02,4.15,4.19,3.9,4.1,50705217,0.0,4.225000000000002,,51.29247768226256,0.07523908096119403,0.08965290017908786,-0.014413819217893836
2020-03-03,4.08,4.21,3.95,4.055,42864728,0.0,4.152000000000003,,50.35236798480834,0.06434235896568818,0.08459079193640792,-0.020248432970719737
2020-03-04,4.03,4.07,3.77,3.87,44419184,0.0,4.059000000000003,,46.573130502661606,0.04031396014908761,0.07573542557894386,-0.03542146542985625
2020-03-05,3.78,3.89,3.68,3.72,64794457,0.0,3.9750000000000023,,43.70858797401767,0.009063061245494275,0.062400952712253946,-0.05333789146675967
2020-03-06,3.62,3.66,3.42,3.545,56226466,0.0,3.858000000000002,,40.57320475751018,-0.029484657966671435,0.04402383057646887,-0.07350848854314031
2020-03-09,3.01,3.54,2.99,3.31,47753301,0.0,3.7000000000000015,,36.75981125384411,-0.07809629372587068,0.019599805716000965,-0.09769609944187164
2020-03-10,3.49,3.54,3.29,3.5,31252684,0.0,3.5890000000000013,,41.54362856054649,-0.10013565172836714,-0.004347285772872654,-0.09578836595549448
2020-03-11,3.4,3.53,3.26,3.3202,28786877,0.0,3.4790400000000012,,38.57022173780132,-0.13060482792145267,-0.02959879420258866,-0.10100603371886402
2020-03-12,3.06,3.23,2.98,3.13,46616660,0.0,3.3610400000000014,,35.6624111208948,-0.16816096507647504,-0.05731122837736594,-0.11084973669910911
2020-03-13,3.28,3.33,2.99,3.11,38950718,0.0,3.2740400000000007,,35.36052933789617,-0.19726436637939582,-0.08530185597777193,-0.11196251040162389
2020-03-16,2.87,3.11,2.75,2.95,37340108,0.0,3.202040000000001,,32.957004544959645,-0.23058168231325737,-0.11435782124486903,-0.11622386106838835
2020-03-17,2.97,3.12,2.79,2.9,32168814,0.0,3.0820400000000006,,32.219966944484256,-0.258045885027101,-0.14309543400131544,-0.11495045102578558
2020-03-18,2.4,2.58,2.11,2.41,75234639,0.0,2.900000000000001,,26.067468313555068,-0.3157110480077234,-0.17761855680259706,-0.13809249120512637
2020-03-19,2.3,2.55,2.23,2.38,32754204,0.0,2.750000000000001,,25.743351633234397,-0.3596856224454452,-0.2140319699311667,-0.14565365251427853
2020-03-20,2.49,2.64,2.35,2.4,46609737,0.0,2.6080000000000005,,26.40036111259404,-0.388444213558242,-0.24891441865658176,-0.13952979490166023
2020-03-23,2.34,2.37,2.15,2.36,41098057,0.0,2.4900000000000007,,25.906661906362345,-0.40974004176845913,-0.28107954327895723,-0.1286604984895019
2020-03-24,2.55,2.75,2.4,2.6,57384862,0.0,2.4300000000000006,,33.894448084444846,-0.4026101061295302,-0.30538565584907185,-0.09722445028045834
2020-03-25,2.72,2.99,2.6,2.77,51675481,0.0,2.5020000000000002,,38.91770059611204,-0.37887457129983293,-0.3200834389392241,-0.058791132360608844
2020-03-26,2.81,3.07,2.78,2.9438,40041803,0.0,2.6147600000000004,,43.633483508651835,-0.34209630815633973,-0.3244860127826472,-0.01761029537369252
2020-03-27,2.85,2.89,2.76,2.8399,22992362,0.0,2.7027400000000004,,41.56742775733569,-0.31767121528714926,-0.3231230532835476,0.005451837996398368
2020-03-30,2.81,2.83,2.7,2.7,17187135,0.0,2.770740000000001,,38.89674524452867,-0.3060746756855086,-0.3197133777639399,0.013638702078431264
2020-03-31,2.83,2.88,2.68,2.775,26060662,0.0,2.8057400000000006,,41.08220992900695,-0.28751813126045667,-0.3132743284632432,0.025756197202786546
2020-04-01,2.63,2.76,2.6,2.64,15508094,0.0,2.7797400000000003,,38.41855671368937,-0.2804721989472623,-0.30671390256004705,0.026241703612784772
2020-04-02,2.51,2.59,2.22,2.3849,54507636,0.0,2.66796,,33.94037333294622,-0.2921054747822551,-0.30379221700448866,0.011686742222233537
2020-04-03,2.45,2.4896,2.33,2.39,17659058,0.0,2.57798,,34.10574183873578,-0.29748418975517277,-0.30253061155462546,0.005046421799452694
2020-04-06,2.48,2.55,2.4,2.4732,30485857,0.0,2.53262,,36.88168100729386,-0.29167111242905186,-0.30035871172951073,0.00868759930045887
2020-04-07,2.81,2.81,2.65,2.68,42026302,0.0,2.51362,,43.277942880552914,-0.26729595369856884,-0.2937461601233224,0.026450206424753542
2020-04-08,2.76,2.8,2.71,2.74,16213717,0.0,2.53362,,45.01882835610949,-0.24036617459407594,-0.2830701630174731,0.04270398842339718
2020-04-09,2.82,2.82,2.63,2.66,29905016,0.0,2.58864,,43.11859787965237,-0.22290989552822982,-0.2710381095196245,0.048128213991394664
2020-04-13,2.67,2.97,2.63,2.97,34979980,0.0,2.70464,,51.63739319149393,-0.18196369517147648,-0.25322322664999486,0.07125953147851838
2020-04-14,3.15,3.16,2.92,3.01,33212680,0.0,2.8120000000000003,,52.62334406001141,-0.14461879523189536,-0.23150234036637496,0.0868835451344796
2020-04-15,2.95,3.2,2.88,3.195,25921757,0.0,2.915,,56.990570169143496,-0.09895405829653248,-0.20499268395240647,0.10603862565587399
2020-04-16,3.3,3.41,3.2,3.235,35111903,0.0,3.014,,57.89433360377828,-0.058858277981971074,-0.17576580275831938,0.1169075247763483
2020-04-17,3.36,3.36,3.15,3.22,21351396,0.0,3.126,,57.40717185129493,-0.027970036675895926,-0.14620664954183468,0.11823661286593876
2020-04-20,3.18,3.35,3.05,3.1866,18066674,0.0,3.1693199999999995,,56.27172388729046,-0.006115488226111854,-0.11818841727869012,0.11207292905257826
2020-04-21,3.1,3.22,3.01,3.04,18861597,0.0,3.1753199999999997,,51.46058403286248,-0.000617873477978037,-0.0946743085185477,0.09405643504056967
2020-04-22,3.09,3.15,3.05,3.09,12278335,0.0,3.15432,,52.93848186375912,0.0076850198258644475,-0.07420244284966528,0.08188746267552972
2020-04-23,3.2,3.2,3.05,3.05,16090175,0.0,3.1173200000000003,,51.58531722206097,0.010911673897811003,-0.057179619500170024,0.06809129339798103
2020-04-24,3.08,3.1,2.91,2.945,20893562,0.0,3.06232,,48.108999408543035,0.00493926128867761,-0.0447558433424005,0.04969510463107811
2020-04-27,3.0,3.26,2.95,3.235,34961096,0.0,3.072,,56.77338844113891,0.023337635896465425,-0.031137147494627315,0.05447478339109274
2020-04-28,3.4,3.445,3.2,3.36,34382487,0.0,3.1360000000000006,,59.88276679202013,0.04745787086386066,-0.01541814382292972,0.06287601468679038
2020-04-29,3.83,3.98,3.59,3.625,82777504,0.0,3.2430000000000008,,65.54172463398794,0.08695426155496655,0.0050563372526495325,0.08189792430231702
2020-04-30,3.63,3.72,3.37,3.405,42926448,0.0,3.314000000000001,,58.20162303297899,0.09935793789067704,0.023916657380255037,0.07544128051042201
2020-05-01,3.3,3.33,3.12,3.1699,30203839,0.0,3.358980000000001,,51.55678139280204,0.08918921777887556,0.03697116945997914,0.05221804831889642
2020-05-04,3.08,3.36,3.08,3.33,22466183,0.0,3.377980000000001,,55.2994851328444,0.09297738045163673,0.04817241165831066,0.044804968793326065
2020-05-05,3.44,3.48,3.28,3.2999,21345973,0.0,3.365960000000001,,54.44777378181495,0.09248460328127361,0.05703484998290326,0.03544975329837036
2020-05-06,3.59,3.65,3.45,3.6134,48475386,0.0,3.363640000000001,,61.15788805120866,0.1160531157172433,0.06883850312977127,0.04721461258747203
2020-05-07,3.63,3.67,3.52,3.63,26111848,0.0,3.4086400000000006,,61.48144115146679,0.13452014835833337,0.0819748321754837,0.052545316182849675
2020-05-08,3.68,3.8,3.6,3.78,27286680,0.0,3.53066,,64.3696627869805,0.15942144004741188,0.09746415374986933,0.061957286297542546
2020-05-11,3.72,3.77,3.66,3.75,16269321,0.0,3.6146600000000007,,63.3466088366181,0.17472106812236055,0.11291553662436757,0.06180553149799298
2020-05-12,3.74,3.78,3.61,3.6201,21081891,0.0,3.6787000000000005,,58.97578209703783,0.17435443976942944,0.12520331725337996,0.04915112251604947
2020-05-13,3.64,3.68,3.32,3.45,32957245,0.0,3.646020000000001,,53.74619072311074,0.15851101938158418,0.1318648576790208,0.02664616170256337
2020-05-14,3.33,3.52,3.27,3.455,20180594,0.0,3.6110200000000012,,53.87566233759483,0.1446905501958753,0.1344299961823917,0.01026055401348358
2020-05-15,3.37,3.45,3.36,3.385,12904139,0.0,3.5320200000000015,,51.69403672142542,0.1266296065296264,0.13286991825183866,-0.006240311722212261
2020-05-18,3.5,3.69,3.5,3.61,27424651,0.0,3.5040200000000015,,57.63268620714952,0.1289849400500338,0.1320929226114777,-0.0031079825614439005
2020-05-19,3.62,3.75,3.59,3.695,21272851,0.0,3.519000000000001,,59.65078811646945,0.13614099975918448,0.13290253804101906,0.003238461718165414
2020-05-20,3.76,3.82,3.4,3.49,50601276,0.0,3.527000000000002,,53.08342918092136,0.12384285850841481,0.13109060213449822,-0.007247743626083408
2020-05-21,3.4,3.44,3.2325,3.3299,40198444,0.0,3.501980000000002,,48.584639352326406,0.10002473805828505,0.12487742931925559,-0.024852691260970547
2020-05-22,3.33,3.34,3.18,3.2596,22465452,0.0,3.476900000000002,,46.712581443957895,0.07461595721492698,0.11482513489838989,-0.04020917768346291
2020-05-26,3.42,3.83,3.4,3.8266,57966067,0.0,3.520220000000002,,60.07482863238671,0.09908923766853572,0.11167795545241906,-0.012588717783883333
2020-05-27,4.01,4.2,3.9,4.16,67604259,0.0,3.613220000000002,,65.54579747881147,0.14373024956046843,0.11808841427402894,0.025641835286439485
2020-05-28,3.98,4.12,3.75,3.83,55394763,0.0,3.681220000000002,,57.191969416118454,0.15074266344092324,0.12461926410740781,0.02612339933351543
2020-05-29,3.82,4.0,3.73,3.9799,38069162,0.0,3.8112200000000023,,59.70427264422733,0.16647668954736572,0.13299074919539938,0.03348594035196634
2020-06-01,4.0,4.33,3.96,4.26,65654571,0.0,4.011300000000003,,63.96047287951587,0.19925090727124672,0.14624278081056885,0.053008126460677873
2020-06-02,4.36,4.73,4.35,4.69,79446640,0.0,4.183980000000004,,69.31823493616483,0.25696004187233656,0.1683862330229224,0.08857380884941415
2020-06-03,5.0,5.7,4.98,5.59,190975138,0.0,4.469980000000003,,77.018975087967,0.3710403035470087,0.20891704712773967,0.162123256419269
2020-06-04,6.01,6.2,5.61,5.97,164239301,0.0,4.897980000000002,,79.37301417485958,0.4865044367274849,0.2644345250476887,0.22206991167979617
2020-06-05,6.03,6.075,5.52,5.595,88094160,0.0,5.221000000000002,,71.58060101400567,0.5415090489147243,0.3198494298210958,0.22165961909362847
2020-06-08,5.81,6.08,5.68,5.97,83912808,0.0,5.563000000000002,,74.29798467565887,0.6083473171649567,0.377549007289868,0.2307983098750887
2020-06-09,5.84,6.83,5.76,6.68,119650404,0.0,5.961000000000002,,78.49133616622836,0.7104189254275051,0.44412299091739543,0.26629593451010963
2020-06-10,6.72,6.95,6.16,6.3,96555609,0.0,6.103000000000002,,71.74460693884777,0.7519802261981336,0.5056944379735431,0.24628578822459057
2020-06-11,5.79,6.09,5.66,5.9199,114524333,0.0,6.0929800000000025,,65.66462892086639,0.7456515561329775,0.55368586160543,0.19196569452754753
2020-06-12,6.2,6.32,6.0,6.02,26387565,0.0,6.1779800000000025,,66.47049120568822,0.7401809279493596,0.5909848748742159,0.14919605307514372
2020-06-15,5.97,6.99,5.92,6.83,108858999,0.0,6.349980000000002,,72.16379911446468,0.7920750975724591,0.6312029194138646,0.16087217815859445
2020-06-16,7.43,7.44,6.53,6.99,119505014,0.0,6.4119800000000025,,73.13421233862377,0.8364699587008424,0.6722563272712602,0.16421363142958223
2020-06-17,6.93,6.98,6.58,6.84,56367357,0.0,6.519980000000004,,70.64764406767678,0.8497540241581127,0.7077558666486308,0.14199815750948197
2020-06-18,6.8,7.36,6.78,7.18,76518782,0.0,6.772000000000004,,72.89705415314926,0.8776004683293861,0.7417247869847818,0.13587568134460426
2020-06-19,7.36,7.63,7.23,7.35,77884199,0.0,7.038000000000006,,73.9711317205603,0.9029775916165157,0.7739753479111287,0.12900224370538704
2020-06-22,7.86,7.9,7.38,7.44,106272586,0.0,7.1600000000000055,,74.54623967021371,0.9197490974213434,0.8031300978131717,0.11661899960817168
2020-06-23,7.55,7.685,7.19,7.24,77280025,0.0,7.210000000000005,,70.8024246259575,0.9064532789217497,0.8237947340348872,0.08265854488686242
2020-06-24,6.93,7.08,6.5,6.85,99578788,0.0,7.212000000000006,,64.04764613369379,0.8545952640981733,0.8299548400475445,0.02464042405062883
2020-06-25,6.66,7.145,6.6,7.0775,44340464,0.0,7.191500000000007,,66.08053418391646,0.8223749360842811,0.8284388592548919,-0.006063923170610774
2020-06-26,7.03,7.18,6.8,6.9,32425407,0.0,7.101500000000006,,63.08342188307113,0.7735997510467945,0.8174710376132724,-0.043871286566477985
2020-06-29,6.98,7.25,6.71,7.23,43550238,0.0,7.059500000000005,,66.15670374326062,0.7528944094812786,0.8045557119868738,-0.0516613025055952
2020-06-30,7.21,7.75,7.12,7.72,82372792,0.0,7.155500000000005,,70.13268202312008,0.7671806015939806,0.7970806899082953,-0.029900088314314677
2020-07-01,7.79,7.99,7.67,7.905,61562136,0.0,7.366500000000005,,71.49432427665324,0.7843885230316356,0.7945422565329634,-0.010153733501327755
2020-07-02,9.05,9.4,8.7,9.38,195081861,0.0,7.827000000000005,,79.51363014483289,0.9065954298784415,0.8169528912020592,0.08964253867638239
2020-07-06,11.05,12.3,10.93,11.51,301046164,0.0,8.749000000000006,,85.74860875125512,1.1619245400304568,0.8859472209677387,0.27597731906271805
2020-07-07,11.26,13.77,10.7,13.23,430337769,0.0,9.949000000000003,,88.73113167129172,1.4859353865594667,1.0059448540860845,0.4799905324733822
2020-07-08,14.1,15.28,12.0,12.88,546889260,0.0,10.981000000000005,,84.84020953469614,1.694936073879238,1.1437430980447152,0.5511929758345229
2020-07-09,13.5,14.62,13.07,14.5602,293230140,0.0,12.312040000000005,,87.64182475582228,1.973400588743683,1.3096745961845089,0.6637259925591741
2020-07-10,15.61,15.73,14.2,15.0,298863998,0.0,13.436040000000006,,88.25374342127233,2.20416565778285,1.4885728085041772,0.715592849278673
2020-07-13,15.26,16.44,13.61,13.84,295944262,0.0,13.902040000000005,,77.37173330982532,2.267310191556753,1.6443202851146923,0.6229899064420605
2020-07-14,13.25,14.13,12.42,14.09,183776063,0.0,14.074040000000005,,78.0012971357283,2.3108871317892206,1.777633654449598,0.5332534773396225
2020-07-15,13.815,13.95,12.85,13.52,110242373,0.0,14.202040000000006,,73.01347426672088,2.273223627620478,1.8767516490837743,0.3964719785367037
2020-07-16,12.46,13.16,12.45,12.95,119007267,0.0,13.880000000000006,,68.30939815962563,2.172339416347299,1.9358692025364792,0.23647021381081967
2020-07-17,11.8603,12.07,10.46,11.0875,273702134,0.0,13.097500000000007,,55.68488210800759,1.919967576559511,1.9326888773410857,-0.01272130078157474
2020-07-20,11.42,12.84,11.38,12.82,141140336,0.0,12.893500000000007,,62.60763540001873,1.8385655074772327,1.9138642033683153,-0.07529869589108262
2020-07-21,13.45,13.58,12.62,12.88,121981459,0.0,12.651500000000004,,62.8242309837636,1.758622968937246,1.8828159564821014,-0.12419298754485553
2020-07-22,12.38,12.83,11.81,12.38,100973107,0.0,12.423500000000004,,59.719756237740064,1.636062598640251,1.8334652849137314,-0.19740268627348034
2020-07-23,12.59,12.63,12.185,12.295,58913762,0.0,12.292500000000004,4.1462889999999994,59.184327994884825,1.514614301699412,1.7696950882708675,-0.2550807865714555
