Date,Open,High,Low,Close,Volume,OpenInterest,5 day sma,200 day sma,rsi,macd,signal,histogram
2019-10-08,102.66,103.015,101.82,102.15,677942,0.0,,,,,,
2019-10-09,103.32,104.17,103.08,103.61,454244,0.0,,,,,,
2019-10-10,103.92,106.29,103.92,106.0,627441,0.0,,,,,,
2019-10-11,107.43,110.35,107.37,109.34,911086,0.0,,,,,,
2019-10-14,109.26,109.26,107.22,107.27,698880,0.0,105.674,,,,,
2019-10-15,107.5,107.95,107.04,107.13,378621,0.0,106.67,,,,,
2019-10-16,107.18,108.15,106.6,106.81,507749,0.0,107.31000000000002,,,,,
2019-10-17,106.99,107.65,106.005,106.4,586920,0.0,107.39000000000001,,,,,
2019-10-18,106.11,108.59,106.11,108.21,584496,0.0,107.16400000000002,,,,,
2019-10-21,109.22,109.87,108.3,108.52,551705,0.0,107.41400000000002,,,,,
2019-10-22,108.43,109.47,107.91,108.56,515862,0.0,107.70000000000002,,,,,
2019-10-23,108.5,111.23,108.5,110.01,1106922,0.0,108.34,,,,,
2019-10-24,109.43,110.26,105.52,108.52,1163588,0.0,108.76400000000001,,,,,
2019-10-25,108.46,111.16,108.46,110.93,490745,0.0,109.30799999999999,,,,,
2019-10-28,111.36,112.72,111.36,112.5,768632,0.0,110.104,,76.93909422175948,,,
2019-10-29,111.76,112.7,111.04,111.56,480924,0.0,110.704,,73.08760318003726,,,
2019-10-30,111.35,111.39,109.36,110.44,597500,0.0,110.79,,68.67633190270242,,,
2019-10-31,108.9467,109.61,108.63,109.45,342715,0.0,110.97600000000003,,64.9449696022279,,,
2019-11-01,110.4,111.36,109.67,111.31,503421,0.0,111.05199999999999,,68.41694686544116,,,
2019-11-04,111.98,112.5526,110.79,112.05,811128,0.0,110.96199999999999,,69.7026327463689,,,
2019-11-05,112.23,113.68,111.93,113.25,839069,0.0,111.3,,71.71354662428723,,,
2019-11-06,113.13,113.13,111.4,112.36,470109,0.0,111.68400000000001,,68.1031949247116,,,
2019-11-07,112.86,113.44,111.75,112.91,570377,0.0,112.376,,69.13724222641795,,,
2019-11-08,112.81,113.95,112.25,113.91,624821,0.0,112.896,,70.9793791772227,,,
2019-11-11,113.27,114.12,113.01,113.66,287770,0.0,113.218,,69.85679088968922,,,
2019-11-12,113.67,114.78,112.88,113.73,369947,0.0,113.31400000000001,,69.99986276390872,2.498734013997691,,
2019-11-13,113.49,113.72,112.605,112.77,581318,0.0,113.396,,65.41427323434002,2.3641534139919145,,
2019-11-14,112.49,113.6,112.15,112.92,481682,0.0,113.398,,65.79135760912072,2.2437366656797906,,
2019-11-15,113.05,113.345,112.19,112.65,390578,0.0,113.146,,64.42964776723952,2.102284949302131,,
2019-11-18,113.0,113.76,112.21,113.64,448316,0.0,113.14200000000001,,67.1171068645314,2.0464776507236024,,
2019-11-19,113.79,113.82600000000001,112.84,113.66,375832,0.0,113.128,,67.17106909861931,1.981027742712243,,
2019-11-20,113.44,113.44,111.61,112.1,301723,0.0,112.994,,59.033450106155655,1.7827290655784225,,
2019-11-21,111.91,112.11,110.36,110.67,429367,0.0,112.54400000000001,,52.727527700024226,1.4929767793273783,,
2019-11-22,111.23,111.58,110.23,110.87,381205,0.0,112.18800000000002,,53.47605158676442,1.2649033154061726,1.9752248440799274,-0.7103215286737548
2019-11-25,111.2,112.84,110.72,111.86,428881,0.0,111.83200000000002,,57.0974040896504,1.150772785947595,1.810334432453461,-0.659561646505866
2019-11-26,111.01,112.62,110.56,112.4,905323,0.0,111.58000000000001,,58.97328072434789,1.0913169832555667,1.6665309426138821,-0.5752139593583154
2019-11-27,112.76,112.837,111.52,112.08,654319,0.0,111.57600000000002,,57.37237974846355,1.0067710753543366,1.5345789691619731,-0.5278078938076365
2019-11-29,111.925,112.26,111.68,111.9,217956,0.0,111.82200000000003,,56.44419237898292,0.9146992549148791,1.4106030263125544,-0.4959037713976753
2019-12-02,111.87,112.56,110.95,111.04,378573,0.0,111.85600000000002,,52.106716003411,0.7635353015231061,1.2811894813546647,-0.5176541798315586
2019-12-03,109.98,110.78,108.58,110.73,577204,0.0,111.63000000000002,,50.59735339941738,0.6116714029794394,1.1472858656796197,-0.5356144627001802
2019-12-04,111.11,112.81,110.84,111.19,575869,0.0,111.38800000000003,,52.782995922932734,0.5224142585024509,1.022311544244186,-0.499897285741735
2019-12-05,111.69,112.54,110.98,112.36,415548,0.0,111.44400000000003,,57.88644235451978,0.5398633417925254,0.9258219037538539,-0.3859585619613285
2019-12-06,113.33,113.96,113.06,113.28,406350,0.0,111.72000000000003,,61.41777814377728,0.6207723005891097,0.8648119831209051,-0.24403968253179542
2019-12-09,113.51,113.78,112.91,113.54,371913,0.0,112.22000000000003,,62.37790855020844,0.697828923001353,0.8314153710969947,-0.13358644809564169
2019-12-10,111.55,112.35,111.16,111.36,632383,0.0,112.34600000000003,,50.93304843479699,0.5763453203556708,0.7804013609487299,-0.20405604059305915
2019-12-11,111.93,112.37,111.49,111.6,452487,0.0,112.42800000000003,,51.97767789022114,0.4937431208998646,0.7230697129389569,-0.22932659203909234
2019-12-12,111.96,113.405,111.195,112.17,622755,0.0,112.39000000000001,,54.45759653790972,0.46886968120202255,0.6722297065915701,-0.20336002538954756
2019-12-13,112.08,112.53,110.59,111.06,503333,0.0,111.946,,49.136166518950574,0.3554916907697816,0.6088821034272124,-0.2533904126574308
2019-12-16,112.12,112.18,109.72,110.04,770389,0.0,111.24600000000001,,44.80360515299973,0.18124407216025418,0.5233544971738208,-0.3421104250135666
2019-12-17,110.3,112.72,110.3,112.3,645355,0.0,111.434,,54.3980493790526,0.2229447234244759,0.46327254242395177,-0.24032781899947586
2019-12-18,112.14,112.26,111.3,111.81,373965,0.0,111.476,,52.276336658008304,0.21398717414801638,0.4134154687687647,-0.19942829462074835
2019-12-19,111.81,112.63,111.14,111.69,537026,0.0,111.38,,51.744064630353506,0.1949579013627556,0.3697239552875629,-0.17476605392480732
2019-12-20,112.14,112.59,111.63,112.36,1028163,0.0,111.64000000000001,,54.52794953160767,0.23127447793999067,0.34203405981804846,-0.11075958187805779
2019-12-23,112.39,113.06,111.68,113.04,346000,0.0,112.24000000000001,,57.225118450083265,0.31133704388579986,0.33589465663159873,-0.024557612745798874
2019-12-24,113.07,113.1,111.97,112.23,122059,0.0,112.22600000000003,,53.17877513857819,0.30590074035175974,0.3298958733756309,-0.023995133023871185
2019-12-26,112.35,112.35,111.7251,112.23,130164,0.0,112.31000000000003,,53.17877513857819,0.2981554798581243,0.32354779467212963,-0.025392314814005335
2019-12-27,112.51,112.64,111.59,111.68,256485,0.0,112.30800000000004,,50.373807574332844,0.2448148287037526,0.30780120147845424,-0.06298637277470165
2019-12-30,111.68,112.03,111.065,111.705,346111,0.0,112.17700000000005,,50.50161102511947,0.20222810966596683,0.28668658311595674,-0.08445847344998991
2019-12-31,111.6,112.12,111.24,111.95,248204,0.0,111.95900000000006,,51.81135702450991,0.18610201230396228,0.2665696689535579,-0.0804676566495956
2020-01-02,112.89,112.89,110.36,110.73,530342,0.0,111.65900000000006,,45.373040435466365,0.07402484756390493,0.2280607046756273,-0.15403585711172238
2020-01-03,109.48,110.2,109.01,109.21,632448,0.0,111.05500000000006,,38.8890401444691,-0.13588204615055588,0.15527215451039067,-0.29115420066094655
2020-01-06,108.77,109.0,105.9,105.99,732274,0.0,109.91700000000006,,29.327677631749253,-0.5556565976800982,0.01308640407229289,-0.5687430017523911
2020-01-07,104.94,105.37,103.545,104.85,957825,0.0,108.54600000000005,,26.814115106664033,-0.9691476953436506,-0.18336041581089582,-0.7857872795327548
2020-01-08,104.93,106.0,104.13,105.7,528611,0.0,107.29600000000005,,31.526424356206036,-1.21425727105904,-0.3895397868605247,-0.8247174841985153
2020-01-09,106.02,106.46,104.94,105.03,594533,0.0,106.15600000000003,,29.892580949928572,-1.4459042916787013,-0.60081268782416,-0.8450916038545413
2020-01-10,105.4,106.57,105.08,105.69,589852,0.0,105.45200000000004,,33.546089046721846,-1.5582670082134058,-0.7923035519020092,-0.7659634563113966
2020-01-13,105.49,107.4,105.49,107.33,713578,0.0,105.72000000000006,,41.67915836059254,-1.497716236174071,-0.9333860887564216,-0.5643301474176494
2020-01-14,107.58,108.98,106.05,106.62,686460,0.0,106.07400000000004,,39.42931469572505,-1.4898463579532404,-1.0446781425957854,-0.445168215357455
2020-01-15,106.26,108.26,105.88,108.24,637127,0.0,106.58200000000004,,46.52256547736544,-1.3374714236440184,-1.1032367988054321,-0.23423462483858626
2020-01-16,108.71,109.93,107.99,109.06,368606,0.0,107.38800000000006,,49.73150985626427,-1.1374344076052267,-1.110076320565391,-0.027358087039835777
2020-01-17,109.23,109.975,108.7,109.02,545211,0.0,108.05400000000004,,49.57523567416023,-0.9709389174596765,-1.0822488399442483,0.11130992248457172
2020-01-21,106.79,107.06,103.65,106.1,2380458,0.0,107.80800000000004,,39.75440195357536,-1.0623633748389807,-1.0782717469231948,0.01590837208421414
2020-01-22,106.64,107.28,106.16,106.32,769170,0.0,107.74800000000002,,40.70743578077707,-1.1043356605368473,-1.0834845296459255,-0.020851130890921832
2020-01-23,105.78,107.47,104.92,107.05,662268,0.0,107.51000000000002,,43.87982783412611,-1.0664012899521396,-1.0800678817071683,0.013666591755028712
2020-01-24,106.71,106.71,104.8975,105.66,1330322,0.0,106.83000000000001,,39.541553855751204,-1.135411098867806,-1.091136525139296,-0.04427457372850996
2020-01-27,103.85,104.78,103.56,104.02,364499,0.0,105.83000000000001,,35.128624844294166,-1.307365665979873,-1.1343823533074113,-0.1729833126724616
2020-01-28,104.76,104.76,103.42,104.38,621874,0.0,105.48600000000002,,36.79610393149933,-1.3984712024240196,-1.187200123130733,-0.2112710792932866
2020-01-29,104.75,105.99,103.93,105.04,990675,0.0,105.23000000000002,,39.848760787189164,-1.401263617559195,-1.2300128220164255,-0.17125079554276956
2020-01-30,98.15,102.39,97.1115,99.65,2225810,0.0,103.75000000000003,,27.96836843537669,-1.8174541010120038,-1.3475010778155412,-0.4699530231964626
2020-01-31,98.17,98.22,95.0,95.68,1575047,0.0,101.75400000000002,,22.619266185995457,-2.439512695158669,-1.5659034012841668,-0.8736092938745021
2020-02-03,96.28,97.61,95.5675,97.14,1067866,0.0,100.37800000000001,,28.067852393875512,-2.782612588633583,-1.80924523875405,-0.973367349879533
2020-02-04,98.44,99.84,98.11,99.48,854643,0.0,99.39800000000002,,35.86272740316845,-2.833045695046877,-2.0140053300126155,-0.8190403650342617
2020-02-05,101.1,103.87,101.1,103.82,837396,0.0,99.15400000000002,,47.27476531731289,-2.4940625653701574,-2.110016777084124,-0.3840457882860333
2020-02-06,104.41,104.62,103.32,104.32,604204,0.0,100.08800000000004,,48.41358002063811,-2.1601690869582484,-2.120047239058949,-0.04012184789929929
2020-02-07,103.68,103.75,101.24,101.39,440512,0.0,101.23000000000003,,42.606089389758765,-2.1076865145619195,-2.1175750941595433,0.009888579597623792
2020-02-10,100.91,101.78,100.28,100.57,441375,0.0,101.91600000000003,,41.119470164727225,-2.107961575908817,-2.115652390509398,0.007690814600580964
2020-02-11,101.16,103.38,100.8,102.62,408725,0.0,102.54400000000003,,46.175746254341874,-1.9206219621389096,-2.0766463048353003,0.15602434269639076
2020-02-12,103.06,103.345,101.72,101.74,395227,0.0,102.12800000000003,,44.41263738985642,-1.8221579118959568,-2.025748626247432,0.20359071435147502
2020-02-13,101.08,101.27,99.77,100.01,445155,0.0,101.26600000000005,,41.09094473030028,-1.8622540786640513,-1.993049716730756,0.13079563806670458
2020-02-14,100.04,100.48,98.8,98.9,327815,0.0,100.76800000000006,,39.07175397385805,-1.9609931941813556,-1.9866384122208758,0.025645218039520135
2020-02-18,98.71,99.56,97.62,99.29,700224,0.0,100.51200000000004,,40.183934729891455,-1.9848942881714748,-1.9862895874109956,0.001395299239520753
2020-02-19,99.71,100.24,98.13,98.93,610200,0.0,99.77400000000004,,39.467755524831325,-2.009718287301368,-1.9909753273890702,-0.018742959912297685
2020-02-20,98.57,100.21,98.57,99.09,763623,0.0,99.24400000000006,,39.979754602907576,-1.9935009842002813,-1.9914804587513126,-0.002020525448968691
2020-02-21,99.17,102.42,98.79,102.33,920925,0.0,99.70800000000006,,49.3267289752703,-1.6996156215518425,-1.9331074913114188,0.23349186975957625
2020-02-24,100.36,100.63,98.43,98.94,829546,0.0,99.71600000000005,,41.963268436497,-1.7204220682341003,-1.890570406695955,0.17014833846185473
2020-02-25,99.3,99.3,94.21,94.3,692479,0.0,98.71800000000005,,34.39498001888144,-2.0872599159967393,-1.929908308556112,-0.15735160744062737
2020-02-26,95.35,97.39,94.18,94.2,531277,0.0,97.77200000000003,,34.25160417527805,-2.3588592563692146,-2.0156984981187325,-0.3431607582504821
2020-02-27,92.75,96.77,91.97,91.97,1006966,0.0,96.34800000000003,,31.134754109171254,-2.722660913283619,-2.15709098115171,-0.565569932131909
2020-02-28,89.5,91.33,88.37,90.61,997610,0.0,94.00400000000003,,29.378896848022535,-3.0851532551591845,-2.342703435953205,-0.7424498192059796
2020-03-02,91.27,94.81,89.16,94.72,669776,0.0,93.16000000000003,,40.33062922909454,-3.006135537196627,-2.4753898562018897,-0.5307456809947375
2020-03-03,93.9,94.96,89.64,90.86,1147686,0.0,92.47200000000001,,34.86251905575489,-3.2178893417878243,-2.6238897533190766,-0.5939995884687477
2020-03-04,92.07,94.3,91.14,93.96,1185541,0.0,92.424,,41.699066606751,-3.099828768840325,-2.7190775564233265,-0.3807512124169987
2020-03-05,90.71,92.03,90.22,90.95,1097457,0.0,92.22,,37.57526796494236,-3.212119445091261,-2.8176859341569136,-0.39443351093434753
2020-03-06,88.02,91.13,87.91,90.76,1658122,0.0,92.25,,37.324348047076,-3.278647815999065,-2.909878310525344,-0.368769505473721
2020-03-09,85.95,86.94,83.16,85.07,2250310,0.0,90.31999999999998,,30.710386303417266,-3.747310809547926,-3.0773648103298603,-0.6699459992180659
2020-03-10,88.13,90.67,85.53,90.09,1944860,0.0,90.16599999999998,,40.69511069899379,-3.6713366784588857,-3.1961591839556656,-0.4751774945032201
2020-03-11,87.89,88.05,83.61,85.34,1982458,0.0,88.442,,35.4845776173855,-3.9488915708710834,-3.346705661338749,-0.6021859095323343
2020-03-12,79.11,79.72,71.05,77.42,2370190,0.0,85.736,,28.85138206736572,-4.7531423661128684,-3.627993002293573,-1.1251493638192955
2020-03-13,81.79,86.11,79.88,84.37,2574160,0.0,84.458,,39.533184977963764,-4.7746705690389035,-3.857328515642639,-0.9173420533962644
2020-03-16,74.24,83.92,72.75,80.965,2098192,0.0,83.637,,36.63150291854239,-5.008749126100156,-4.087612637734143,-0.9211364883660131
2020-03-17,82.65,94.37,82.1498,93.735,3079102,0.0,84.36600000000001,,51.12139850247532,-4.116374786178369,-4.0933650674229884,-0.023009718755380604
2020-03-18,87.29,97.5,85.69,91.03,2214790,0.0,85.50399999999999,,48.5870106182465,-3.5860943228643833,-3.991910918511268,0.40581659564688444
2020-03-19,91.57,94.06,82.75,88.46,2434882,0.0,87.712,,46.24142081664957,-3.334779494651272,-3.8604846337392686,0.5257051390879965
2020-03-20,88.43,89.22,81.05,85.88,2779608,0.0,88.01400000000001,,43.94770629163268,-3.305689193405655,-3.7495255456725465,0.44383635226689133
2020-03-23,84.56,85.57,74.26,76.1801,2984382,0.0,87.05702000000001,,36.59760823133934,-4.019007171707173,-3.8034218708794723,-0.2155853008277009
2020-03-24,79.92,81.37,76.91,79.58,2366430,0.0,84.22602000000002,,40.36256053257887,-4.260856788077788,-3.894908854319136,-0.3659479337586524
2020-03-25,79.16,83.64,76.675,79.74,1963818,0.0,81.96802000000002,,40.541500068996015,-4.389019800469839,-3.993731043549277,-0.3952887569205621
2020-03-26,80.44,88.15,80.2,87.24,1766292,0.0,81.72402000000002,,48.36275351024878,-3.8411244990622606,-3.963209734651874,0.12208523558961337
2020-03-27,84.24,87.93,82.7223,85.98,1183924,0.0,81.74402000000003,,47.238529779552366,-3.4686011204772456,-3.8642880118169485,0.3956868913397029
2020-03-30,86.91,91.32,86.15,90.85,1488594,0.0,84.67800000000003,,51.89322326549082,-2.7487198281901044,-3.64117437509158,0.8924545469014755
2020-03-31,90.56,91.06,86.2,86.83,2160704,0.0,86.12800000000003,,48.11944334925121,-2.4740695869031413,-3.4077534174538924,0.9336838305507511
2020-04-01,83.77,87.5062,83.21,83.85,2215102,0.0,86.95000000000002,,45.479144405695685,-2.4684140464429447,-3.219885543251703,0.7514714968087581
2020-04-02,83.05,86.73,82.56,83.96,2848152,0.0,86.29400000000003,,45.59780595839188,-2.427078064071651,-3.0613240474156926,0.6342459833440417
2020-04-03,83.03,85.285,80.17,80.52,1686848,0.0,85.20200000000003,,42.48378849968997,-2.6414492680363537,-2.977349091539825,0.33589982350347114
2020-04-06,83.4,86.15,82.01,85.45,1788538,0.0,84.12200000000003,,47.968075186282206,-2.3860255757803657,-2.859084388387933,0.47305881260756744
2020-04-07,87.76,88.9084,84.54,85.01,1495640,0.0,83.75800000000002,,47.53245244858803,-2.1938158388187787,-2.7260306784741024,0.5322148396553237
2020-04-08,86.13,88.86,84.4,87.85,1181306,0.0,84.55800000000002,,50.64785808406712,-1.7916707077084766,-2.5391586843209772,0.7474879766125007
2020-04-09,88.72,91.75,88.69,90.45,1773044,0.0,85.85600000000002,,53.37722336142088,-1.248774428830501,-2.281081833222882,1.0323074043923812
2020-04-13,89.17,90.0,87.19,88.87,1293474,0.0,87.52600000000002,,51.51282196127497,-0.9352371798083965,-2.011912902539985,1.0766757227315886
2020-04-14,91.1,91.255,87.54,88.49,1165630,0.0,88.13400000000003,,51.05097438302351,-0.7092437547362778,-1.7513790729792436,1.0421353182429658
2020-04-15,86.36,86.68,83.97,85.51,1507256,0.0,88.23400000000004,,47.45756935857454,-0.7618216267767934,-1.5534675837387537,0.7916459569619603
2020-04-16,86.08,86.31,83.14,85.18,1146796,0.0,87.70000000000002,,47.06251250256426,-0.8206581746515269,-1.4069057019213085,0.5862475272697816
2020-04-17,87.18,92.0,86.8014,90.92,1984294,0.0,87.79400000000001,,54.203653109028465,-0.3995112172923996,-1.2054268049955268,0.8059155877031272
2020-04-20,87.86,88.96,86.04,86.12,1332136,0.0,87.24400000000003,,48.33208843431332,-0.447905923437915,-1.0539226286840044,0.6060167052460894
2020-04-21,84.15,86.11,84.04,85.69,1041814,0.0,86.68400000000001,,47.83221770084344,-0.5150196570454852,-0.9461420343563006,0.4311223773108154
2020-04-22,87.09,87.5,85.26,85.91,783822,0.0,86.76400000000001,,48.12781170946028,-0.5441826146349484,-0.8657501504120302,0.32156753577708175
2020-04-23,85.74,87.65,85.575,86.13,746806,0.0,86.95400000000001,,48.442420213858696,-0.5432797168530783,-0.8012560637002398,0.25797634684716153
2020-04-24,87.26,87.26,85.0,85.97,927084,0.0,85.964,,48.21339379792189,-0.5491446292250828,-0.7508337768052085,0.20168914758012568
2020-04-27,86.48,90.66,86.16,90.09,1968956,0.0,86.758,,54.21594551609702,-0.21882061892708293,-0.6444311452295834,0.4256105263025005
2020-04-28,93.96,99.0,91.4,98.36,3210788,0.0,89.292,,63.38915294186301,0.702189025824083,-0.3751071110188502,1.0772961368429332
2020-04-29,100.32,101.7,97.7734,100.17,1708980,0.0,92.144,,65.04010634490388,1.5601630890812714,0.011946929001174111,1.5482161600800972
2020-04-30,98.2,98.78,95.77,96.63,1011236,0.0,94.244,,59.39841567502424,1.932192191757622,0.3959959815524637,1.5361962102051583
2020-05-01,95.23,95.27,93.5,94.76,827623,0.0,96.002,,56.60518213810401,2.052474911042438,0.7272917674504586,1.3251831435919794
2020-05-04,94.41,95.95,91.66,95.77,1679211,0.0,97.13799999999999,,57.76053655751739,2.203893281866243,1.0226120703336155,1.1812812115326277
2020-05-05,96.46,96.79,93.44,93.49,1478453,0.0,96.16399999999999,,54.24922736211432,2.1155299737439606,1.2411956510156845,0.874334322728276
2020-05-06,94.05,95.94,93.025,93.48,875664,0.0,94.826,,54.23365492575166,2.0213931371952327,1.3972351482515943,0.6241579889436384
2020-05-07,94.38,95.87,93.62,93.79,956178,0.0,94.258,,54.66807862721276,1.949332730928333,1.507654664786942,0.44167806614139105
2020-05-08,95.63,99.29,95.44,98.09,1001276,0.0,94.924,,60.29764557217161,2.2136804726744543,1.6488598263644445,0.5648206463100098
2020-05-11,97.1,98.32,95.33,97.51,951030,0.0,95.272,,59.22920351459513,2.3492955925875094,1.7889469796090576,0.5603486129784518
2020-05-12,97.91,98.04,95.11,95.19,1087950,0.0,95.612,,55.02885100176072,2.2437029304956155,1.8798981697863693,0.3638047607092463
2020-05-13,94.76,94.76,88.54,89.73,1169956,0.0,94.862,,46.64498797936657,1.6998488171131356,1.8438882992517225,-0.14403948213858686
2020-05-14,89.28,93.46,86.925,93.34,1041587,0.0,94.77199999999999,,51.866544816755514,1.5423580010201334,1.7835822396054046,-0.2412242385852712
2020-05-15,92.49,92.49,90.01,90.93,962538,0.0,93.33999999999999,,48.45715086033908,1.20914031888438,1.6686938554611996,-0.45955353657681974
2020-05-18,94.1,95.135,93.265,93.71,1133700,0.0,92.58,,52.348323427350515,1.1560593392180891,1.5661669522125776,-0.4101076129944885
2020-05-19,92.9,93.215,90.86,90.92,920770,0.0,91.72599999999998,,48.399253499876,0.8787331091180874,1.4286801835936795,-0.5499470744755921
2020-05-20,92.56,94.33,92.24,93.34,743524,0.0,92.44799999999998,,51.79605724116409,0.8444891042349525,1.3118419677219342,-0.4673528634869817
2020-05-21,92.77,94.75,92.59,92.91,690367,0.0,92.36199999999997,,51.15172109600423,0.7737339539221182,1.2042203649619712,-0.43048641103985297
2020-05-22,92.81,93.17,91.51,93.01,662707,0.0,92.77799999999996,,51.30343672865278,0.7174587341166614,1.1068680387929093,-0.3894093046762479
2020-05-26,95.0,98.68,95.0,98.36,1102791,0.0,93.70799999999996,,58.694795857189156,1.091972921059778,1.103889015246283,-0.011916094186505077
2020-05-27,100.65,102.52,100.265,102.46,1106128,0.0,96.01599999999995,,63.29301311045384,1.7000171083108313,1.2231146338591927,0.4769024744516386
2020-05-28,103.17,103.42,99.955,101.69,1385103,0.0,97.68599999999995,,61.899335722023714,2.09560708854103,1.3976131247955603,0.6979939637454695
2020-05-29,101.41,101.69,99.27,101.405,1029649,0.0,99.38499999999995,,61.360773204318214,2.3589256532394245,1.5898756304843331,0.7690500227550914
2020-06-01,101.25,102.88,101.1,102.62,820550,0.0,101.30699999999995,,62.84494490716921,2.6352701053166214,1.7989545254507908,0.8363155798658306
2020-06-02,103.58,104.0,102.43,102.86,1385825,0.0,102.20699999999995,,63.14607840901826,2.840893022410526,2.007342224842738,0.833550797567788
2020-06-03,104.68,108.05,103.95,107.47,1031334,0.0,103.20899999999995,,68.4376519543091,3.3373680369723076,2.273347387268652,1.0640206497036555
2020-06-04,106.58,108.69,106.58,108.68,1292817,0.0,104.60699999999993,,69.66866262381771,3.784835720324452,2.5756450538798124,1.2091906664446395
2020-06-05,111.44,112.8,109.59,110.645,1519552,0.0,106.45499999999993,,71.6054809978781,4.249035919870167,2.9103232270778836,1.3387126927922832
2020-06-08,109.58,112.11,109.54,111.72,952310,0.0,108.27499999999993,,72.63497490439175,4.650058458888935,3.258270273440094,1.3917881854488412
2020-06-09,110.42,110.42,107.68,107.94,818340,0.0,109.29099999999991,,63.86638750899302,4.609719326110039,3.5285600839740834,1.0811592421359553
2020-06-10,106.73,107.4094,105.2,105.33,806386,0.0,108.86299999999991,,58.60553785033773,4.31737705027345,3.686323477233957,0.6310535730394928
2020-06-11,102.62,103.38,98.04,98.275,1124504,0.0,106.78199999999993,,47.27066936700604,3.4763410558114742,3.6443269929494604,-0.16798593713798615
2020-06-12,100.7,101.57,98.425,98.425,179468,0.0,104.33799999999992,,47.503151715703325,2.7897591107964104,3.4734134165188504,-0.68365430572244
2020-06-15,96.16,99.95,94.72,99.49,1709382,0.0,101.89199999999991,,49.2151942645436,2.3050039218439053,3.239731517583862,-0.9347275957399566
2020-06-16,102.45,103.48,100.36,100.95,1395702,0.0,100.49399999999993,,51.548012241123814,2.015409355891464,2.9948670852453825,-0.9794577293539186
2020-06-17,101.26,101.26,98.72,99.04,818420,0.0,99.23599999999993,,48.41479606890775,1.6131867260894808,2.7185310134142022,-1.1053442873247215
2020-06-18,98.38,99.07,96.9,97.63,1544322,0.0,99.10699999999994,,46.18311520498088,1.1671925092806248,2.408263312587487,-1.241070803306862
2020-06-19,98.81,99.53,97.0199,99.45,2439880,0.0,99.31199999999995,,49.42380242449628,0.9496506868887451,2.1165407874477387,-1.1668901005589936
2020-06-22,99.03,99.27,97.12,98.49,672016,0.0,99.11199999999994,,47.78912462207813,0.6918085105203033,1.8315943320622516,-1.1397858215419483
2020-06-23,99.28,100.6,99.19,99.94,686295,0.0,98.90999999999995,,50.45463568424957,0.5975810673767228,1.584791679125146,-0.9872106117484232
2020-06-24,99.16,99.55,97.74,97.94,761474,0.0,98.68999999999996,,46.89814362305718,0.3574019473368395,1.3393137327674847,-0.9819117854306452
2020-06-25,97.35,97.54,93.38,95.91,637020,0.0,98.34599999999996,,43.54315258817934,0.003217144486953316,1.0720944151113785,-1.0688772706244252
2020-06-26,95.43,96.52,94.82,95.69,478006,0.0,97.59399999999997,,43.182610531910015,-0.29186459158617595,0.7993026137718676,-1.0911672053580435
2020-06-29,97.09,99.5,96.75,98.07,455924,0.0,97.50999999999996,,48.18135644299313,-0.32987034387609526,0.5734680222422751,-0.9033383661183704
2020-06-30,97.55,100.31,97.11,99.8,579515,0.0,97.48199999999996,,51.52018823742022,-0.21788202622433062,0.415198012548954,-0.6330800387732847
2020-07-01,99.86,100.17,97.72,99.32,512778,0.0,97.75799999999995,,50.54702890663981,-0.16594950354873106,0.29896850932941704,-0.4649180128781481
2020-07-02,100.5,101.02,98.54,99.65,727901,0.0,98.50599999999997,,51.22909228913574,-0.09704568089919974,0.2197656712836937,-0.31681135218289347
2020-07-06,100.91,101.98,98.51,100.0,555938,0.0,99.36799999999997,,51.98547873278655,-0.014035042858694169,0.17300552845521616,-0.18704057131391033
2020-07-07,99.01,99.65,98.01,98.65,391019,0.0,99.48399999999998,,48.8391683361003,-0.05653058236704567,0.12709830629076382,-0.1836288886578095
2020-07-08,98.34,98.88,95.33,96.31,466294,0.0,98.78599999999997,,43.88159964171244,-0.27584725198335036,0.04650919463594099,-0.32235644661929136
2020-07-09,96.53,96.53,94.85,95.32,539541,0.0,97.98599999999998,,41.9418226621569,-0.523507352087492,-0.06749411470874561,-0.4560132373787464
2020-07-10,95.96,98.97,95.96,98.9,413652,0.0,97.83599999999998,,50.468558908837444,-0.4259931017179355,-0.1391939121105836,-0.28679918960735185
2020-07-13,99.25,100.295,98.23,98.78,394833,0.0,97.59199999999998,,50.20240865228593,-0.3543110753404477,-0.18221734475655643,-0.17209373058389127
2020-07-14,98.89,102.23,98.855,102.1,579692,0.0,98.282,,56.964410195863856,-0.02926890566759255,-0.15162765693876365,0.1223587512711711
2020-07-15,104.21,104.21,101.61,102.85,520615,0.0,99.59,,58.34062903834374,0.28555637149111135,-0.06419085125278866,0.3497472227439
2020-07-16,102.86,108.36,102.72,107.05,940576,0.0,101.936,,65.07593382401915,0.8640028835500146,0.12144789570777201,0.7425549878422426
2020-07-17,107.32,107.32,104.615,104.71,697955,0.0,103.098,,59.32143574789135,1.1206888644104112,0.32129608944829985,0.7993927749621113
2020-07-20,105.14,105.145,103.34,103.74,317698,0.0,104.09,,57.068623502807554,1.2316458139231514,0.5033660343432702,0.7282797795798812
2020-07-21,103.68,105.1498,103.58,104.15,385973,0.0,104.5,,57.798150939887435,1.337248599849957,0.6701425474446077,0.6671060524053494
2020-07-22,104.05,104.945,103.25,104.28,382868,0.0,104.78599999999999,,58.0416121569504,1.415116895378361,0.8191374170313583,0.5959794783470027
2020-07-23,103.87,105.31,103.14,103.55,414306,0.0,104.08599999999998,100.84622550000003,56.08498051113645,1.4017645127253786,0.9356628361701624,0.46610167655521617
