Date,Open,High,Low,Close,Volume,OpenInterest,5 day sma,200 day sma,rsi,macd,signal,histogram
2019-10-08,75.52,75.82,72.81,72.86,13317946,0.0,,,,,,
2019-10-09,73.91,74.8,73.56,74.34,9078848,0.0,,,,,,
2019-10-10,74.35,75.9656,74.17,74.98,8294127,0.0,,,,,,
2019-10-11,76.19,77.82,76.01,76.63,12791959,0.0,,,,,,
2019-10-14,76.65,77.26,76.28,76.3,8144559,0.0,75.022,,,,,
2019-10-15,76.88,77.98,76.3,77.82,9128460,0.0,76.014,,,,,
2019-10-16,77.49,78.32,77.28,78.24,10555471,0.0,76.79400000000001,,,,,
2019-10-17,78.7,79.96,78.4,79.0,10803090,0.0,77.598,,,,,
2019-10-18,78.62,79.22,77.6725,77.68,10912090,0.0,77.808,,,,,
2019-10-21,78.16,79.09,78.13,78.96,3942376,0.0,78.34,,,,,
2019-10-22,78.93,79.07,78.2405,78.46,4190328,0.0,78.46799999999999,,,,,
2019-10-23,77.21,78.13,76.87,77.25,5230876,0.0,78.27,,,,,
2019-10-24,78.06,79.02,77.67,78.97,4429877,0.0,78.26399999999998,,,,,
2019-10-25,78.83,80.23,78.83,80.19,5816385,0.0,78.76599999999999,,,,,
2019-10-28,80.61,83.13,80.54,83.07,8837230,0.0,79.588,,80.1535735380981,,,
2019-10-29,82.75,82.85,81.44,81.65,3946784,0.0,80.22599999999998,,73.51335583614627,,,
2019-10-30,82.1,82.2482,80.85,81.41,3544022,0.0,81.05799999999999,,72.4213285333081,,,
2019-10-31,81.44,81.47,79.84,80.46,4612940,0.0,81.356,,68.10846807125358,,,
2019-11-01,81.59,83.65,81.25,83.58,7647602,0.0,82.03399999999999,,73.65701830182013,,,
2019-11-04,84.54,85.87,84.3082,85.12,7490940,0.0,82.44399999999999,,75.88702302231619,,,
2019-11-05,85.2,85.74,84.73,85.45,5913537,0.0,83.204,,76.34905001033708,,,
2019-11-06,85.34,85.605,84.2242,84.63,6658691,0.0,83.848,,72.62523042217714,,,
2019-11-07,89.83,92.5,88.32,89.97,27712304,0.0,85.75000000000001,,79.60236259063649,,,
2019-11-08,89.98,94.11,89.6,94.04,15339229,0.0,87.84200000000001,,83.13131325331344,,,
2019-11-11,91.71,92.5244,90.89,91.84,10597547,0.0,89.186,,75.52507636023675,,,
2019-11-12,92.18,92.25,90.17,90.96,8194123,0.0,90.28800000000003,,72.6612115337848,5.464303948883156,,
2019-11-13,90.7,91.9,89.62,90.46,8574257,0.0,91.45400000000002,,71.01352560574935,5.354169964198519,,
2019-11-14,90.31,90.58,89.43,90.48,7099753,0.0,91.55600000000001,,71.04181266796834,5.208461913927664,,
2019-11-15,92.6,93.94,90.5801,90.88,12884053,0.0,90.924,,71.637947886408,5.066856325665,,
2019-11-18,90.81,91.975,89.28,90.47,8744103,0.0,90.65,,70.04622776167915,4.8654632713205785,,
2019-11-19,91.25,91.39,86.68,87.94,16563592,0.0,90.04600000000002,,61.03427858158785,4.45040645357129,,
2019-11-20,87.82,88.36,85.31,85.62,11523267,0.0,89.07800000000003,,54.15385034364649,3.8894313803652096,,
2019-11-21,84.79,86.3,84.55,85.11,10050791,0.0,88.00400000000002,,52.74618448330415,3.3649132303562936,,
2019-11-22,85.29,85.82,84.53,84.89,5401819,0.0,86.80600000000001,,52.1168441934665,2.8980695147611755,4.506897333672098,-1.6088278189109229
2019-11-25,85.76,86.29,85.08,85.28,7041516,0.0,85.768,,53.18324965596124,2.5303934468190192,4.111596556301483,-1.5812031094824635
2019-11-26,85.25,85.545,84.14,84.64,7694235,0.0,85.108,,51.169297716926316,2.1624376278122526,3.7217647706036368,-1.5593271427913842
2019-11-27,85.16,85.31,84.4713,84.81,4696536,0.0,84.946,,51.692586764562876,1.8630712439430113,3.350026065271512,-1.4869548213285007
2019-11-29,84.51,85.1,83.42,83.55,3283388,0.0,84.634,,47.619360455207435,1.5067805301543586,2.9813769582480814,-1.4745964280937227
2019-12-02,83.98,84.29,82.31,82.47,6646566,0.0,84.15,,44.390576725674265,1.124310249776883,2.609963616553842,-1.4856533667769587
2019-12-03,81.38,81.39,79.81,80.59,9624861,0.0,83.21200000000002,,39.38447944765151,0.6618698848112956,2.2203448702053326,-1.558474985394037
2019-12-04,80.92,82.44,80.45,82.07,7447391,0.0,82.69800000000001,,44.674111280401725,0.41007905887174445,1.858291707938615,-1.4482126490668705
2019-12-05,82.65,83.4409,81.78,82.585,5682695,0.0,82.25300000000001,,46.426075626319914,0.24921639970121134,1.5364766462911343,-1.287260246589923
2019-12-06,83.45,84.25,83.42,83.82,5461016,0.0,82.307,,50.47608687770103,0.2188628473630132,1.2729538865055101,-1.054091039142497
2019-12-09,84.0,85.3,83.8401,84.94,6465217,0.0,82.801,,53.88109027594094,0.2819321400056083,1.0747495372055298,-0.7928173971999215
2019-12-10,85.04,85.33,83.69,84.12,5819774,0.0,83.50699999999999,,51.11037331772133,0.26271939617851103,0.9123435090001262,-0.6496241128216151
2019-12-11,84.84,87.1,84.76,87.1,8324275,0.0,84.513,,59.30114898633898,0.48239352114384815,0.8263535114288707,-0.34395999028502255
2019-12-12,86.84,89.229,86.37,89.05,10514503,0.0,85.80600000000001,,63.59876367483412,0.8045610718016576,0.8219950235034281,-0.017433951701770534
2019-12-13,88.91,89.7,87.564,87.85,10501858,0.0,86.612,,59.439183677944264,0.9520762630942414,0.8480112714215908,0.1040649916726506
2019-12-16,89.28,90.46,88.35,88.43,7128936,0.0,87.31,,60.774549268806915,1.1030687774904777,0.8990227726353683,0.20404600485510938
2019-12-17,89.0,89.04,87.68,88.28,5079601,0.0,88.14200000000001,,60.22234582386648,1.1968313596813687,0.9585844900445684,0.2382468696368003
2019-12-18,88.43,88.65,87.59,87.99,4071374,0.0,88.32000000000001,,59.104228591821006,1.2335190652761412,1.0135714050908828,0.21994766018525835
2019-12-19,88.36,88.70100000000001,87.62,88.49,4759684,0.0,88.208,,60.467070136388294,1.2880918367219039,1.068475491417087,0.21961634530481677
2019-12-20,88.82,89.85,88.18,88.62,8517347,0.0,88.36200000000001,,60.83253902301055,1.326539542706783,1.1200883016750263,0.20645124103175672
2019-12-23,89.01,89.33,88.245,88.44,4501884,0.0,88.364,,60.00536793263929,1.3271861551712192,1.161507872374265,0.1656782827969543
2019-12-24,88.62,88.81,87.98,88.79,1915433,0.0,88.46600000000001,,61.112624488861506,1.3404883597496706,1.1973039698493462,0.14318438990032445
2019-12-26,88.92,88.96,87.9965,88.4,4157313,0.0,88.548,,59.1476133090307,1.304522983168681,1.2187477725132132,0.08577521065546789
2019-12-27,88.9,88.95,88.09,88.79,4584244,0.0,88.60799999999999,,60.51487696477131,1.2925897339024601,1.2335161647910626,0.059073569111397495
2019-12-30,88.71,88.78,87.31,88.43,5758896,0.0,88.57000000000001,,58.566353686287385,1.239792006028324,1.2347713330385148,0.005020672989809238
2019-12-31,87.99,88.77,87.88,88.24,3946089,0.0,88.53,,57.51378325929173,1.1691408858303163,1.2216452435968752,-0.05250435776655893
2020-01-02,89.05,89.81,88.08,88.7,6730423,0.0,88.512,,59.415526194860114,1.1371590579164348,1.2047480064607872,-0.06758894854435238
2020-01-03,87.26,87.64,86.44,87.0,7142421,0.0,88.232,,50.4313173791735,0.9635304570389849,1.1565044965764268,-0.19297403953744197
2020-01-06,85.91,86.55,85.54,86.5,5922031,0.0,87.77399999999999,,48.12633076467106,0.7766302089778634,1.0805296390567143,-0.3038994300788509
2020-01-07,87.04,89.49,86.91,88.96,6951200,0.0,87.87999999999998,,58.239430558858786,0.8175872202236718,1.0279411552901059,-0.21035393506643407
2020-01-08,88.9,89.47,87.92,88.73,6342802,0.0,87.97799999999998,,57.11821437280705,0.8220112350718267,0.9867551712464501,-0.16474393617462335
2020-01-09,89.66,90.72,88.83,89.91,6717859,0.0,88.21999999999997,,61.240939110173485,0.9102407482996284,0.9714522866570857,-0.061211538357457296
2020-01-10,90.51,92.39,89.87,90.26,7991463,0.0,88.87199999999999,,62.395771306633584,0.9969135492809471,0.976544539181858,0.02036901009908909
2020-01-13,91.05,92.73,90.5485,90.97,7538918,0.0,89.76599999999999,,64.69388026191453,1.110096928405568,1.0032550170266001,0.10684191137896781
2020-01-14,91.13,91.61,90.29,90.57,6361676,0.0,90.08799999999998,,62.38090017751975,1.1542138558860273,1.0334467847984856,0.1207670710875417
2020-01-15,90.75,91.18,89.25,89.67,6544338,0.0,90.27599999999998,,57.407593546693846,1.1038300941583685,1.0475234466704624,0.05630664748790615
2020-01-16,90.22,92.229,89.82,91.79,8342484,0.0,90.65199999999997,,64.57252217825824,1.2208931857488494,1.0821973944861398,0.1386957912627096
2020-01-17,93.0,96.17,92.95,95.89,20421000,0.0,91.77799999999998,,73.76438632493868,1.625761497556212,1.1909102151001543,0.43485128245605775
2020-01-21,95.33,95.7199,93.4229,94.57,18259869,0.0,92.49799999999996,,67.67637813076635,1.8191396735015104,1.3165561067804257,0.5025835667210847
2020-01-22,95.3,95.39,92.71,92.96,14248488,0.0,92.97599999999997,,61.05722834819237,1.821482806524159,1.4175414467291725,0.4039413597949866
2020-01-23,92.7,92.95,91.46,91.96,17264358,0.0,93.43399999999995,,57.30802213796707,1.722788875912002,1.4785909325657385,0.24419794334626355
2020-01-24,92.68,93.25,88.83,89.64,17103586,0.0,93.00399999999996,,49.68541051847271,1.4407604245673014,1.471024830966051,-0.03026440639874961
2020-01-27,87.3035,88.22,86.45,87.05,7506935,0.0,91.23599999999996,,42.835448633968525,0.9967693538605715,1.376173735544955,-0.3794043816843835
2020-01-28,88.15,89.54,87.3861,89.15,6531800,0.0,90.15199999999996,,48.97764865960014,0.8050752744879475,1.2619540433335537,-0.4568787688456062
2020-01-29,88.66,89.02,87.35,88.22,6451208,0.0,89.20399999999997,,46.59016848346779,0.5715249242730636,1.1238682195214558,-0.5523432952483922
2020-01-30,87.31,87.86,86.19,87.78,7363234,0.0,88.36799999999997,,45.46105964135083,0.34693106100758087,0.9684807878186809,-0.6215497268111
2020-01-31,87.05,87.1677,85.04,85.26,7778201,0.0,87.49199999999999,,39.54934609082884,-0.0340120633287313,0.7679822175891985,-0.8019942809179298
2020-02-03,85.55,86.58,85.16,86.48,6205949,0.0,87.37799999999999,,43.387564135996676,-0.23476223694459009,0.5674333266824408,-0.8021955636270309
2020-02-04,88.25,88.95,87.37,88.93,8123367,0.0,87.33399999999999,,50.22275205133407,-0.19392818793200206,0.4151610237595523,-0.6090892116915543
2020-02-05,90.99,91.14,89.27,90.96,11094020,0.0,87.88199999999999,,55.06390277993271,0.0022116303876060783,0.33257114508516306,-0.330359514697557
2020-02-06,88.0,90.775,86.19,90.66,18640191,0.0,88.458,,54.22458987877972,0.13192560051965074,0.2924420361720606,-0.16051643565240986
2020-02-07,89.62,90.03,87.38,87.42,9673662,0.0,88.88999999999999,,46.05912314823518,-0.02641160921189112,0.22867130709527025,-0.2550829163071614
2020-02-10,86.78,88.635,86.5,88.57,6514631,0.0,89.30799999999999,,48.994981899932874,-0.05842609992221526,0.17125182569177316,-0.22967792561398842
2020-02-11,89.37,91.47,88.9,90.0,8416232,0.0,89.52199999999999,,52.459953191862354,0.03123122046055471,0.14324770464552947,-0.11201648418497476
2020-02-12,91.65,92.44,91.29,91.72,8211950,0.0,89.67399999999999,,56.30495068809076,0.23832762565548649,0.16226368884752088,0.07606393680796561
2020-02-13,90.78,91.3799,89.7772,90.03,7233031,0.0,89.548,,51.86617104767433,0.2630518448178236,0.18242132004158143,0.08063052477624219
2020-02-14,90.55,90.8,88.79,89.6,5240435,0.0,89.98400000000001,,50.76947541685493,0.24512293567359222,0.1949616431679836,0.050161292505608635
2020-02-18,87.83,89.0,87.525,88.02,6634697,0.0,89.87400000000001,,46.84952617972012,0.10224275972670682,0.17641786647972826,-0.07417510675302144
2020-02-19,88.94,90.62,88.65,90.6,7017029,0.0,89.994,,53.203410098092085,0.1949464080905159,0.1801235748018858,0.0148228332886301
2020-02-20,90.81,91.88,88.68,89.47,9060825,0.0,89.54400000000001,,50.3635812847536,0.17521340999275026,0.1791415418400587,-0.003928131847308447
2020-02-21,88.56,89.03,86.33,87.03,9688556,0.0,88.944,,44.802593821676155,-0.03688752481312463,0.13593572850942204,-0.17282325332254667
2020-02-24,83.9,84.83,82.72,83.27,10640473,0.0,87.678,,37.864364020272575,-0.5025861201759625,0.008231358772345126,-0.5108174789483076
2020-02-25,83.94,84.4,79.64,80.21,13608619,0.0,86.11600000000001,,33.339340952615245,-1.1058247789909927,-0.21457986878032245,-0.8912449102106703
2020-02-26,81.0,82.03,79.09,79.66,11852031,0.0,83.928,,32.58556660382699,-1.609720311920256,-0.4936079574083092,-1.116112354511947
2020-02-27,77.13,78.19,75.33,75.95,16132700,0.0,81.224,,27.98869024385148,-2.2821202843073536,-0.8513104227881181,-1.4308098615192355
2020-02-28,73.75,79.81,73.34,78.81,16818062,0.0,79.58,,35.5381693523735,-2.5547741625672273,-1.19200317074394,-1.3627709918232873
2020-03-02,79.015,80.71,77.13,80.64,12985705,0.0,79.054,,39.881231959869424,-2.5932947320008424,-1.4722614829953207,-1.1210332490055217
2020-03-03,80.82,82.65,77.83,78.51,14479350,0.0,78.714,,36.77549164440007,-2.7638359789132068,-1.730576382178898,-1.0332595967343088
2020-03-04,79.12,81.91,78.05,81.84,8302332,0.0,79.15,,44.104164560219104,-2.60031318399939,-1.9045237425429964,-0.6957894414563934
2020-03-05,79.46,81.37,78.7,79.17,7992741,0.0,79.79400000000001,,40.091407286133716,-2.6555552884515237,-2.054730051724702,-0.6008252367268216
2020-03-06,76.33,78.08,75.83,77.54,8468882,0.0,79.54,,37.828614662706855,-2.7986018912165633,-2.2035044196230746,-0.5950974715934887
2020-03-09,72.28,76.1,72.16,72.62,23541182,0.0,77.936,,31.96425929292552,-3.2712611738248825,-2.417055770463436,-0.8542054033614463
2020-03-10,74.98,79.04,74.16,78.99,11493058,0.0,78.03200000000001,,44.056539054780835,-3.0961507978191634,-2.5528747759345816,-0.5432760218845818
2020-03-11,76.29,77.79,73.72,74.55,22825204,0.0,76.57400000000003,,38.87067242197372,-3.277860323195668,-2.6978718853867987,-0.5799884378088693
2020-03-12,69.55,72.53,67.0,67.005,34065874,0.0,74.14100000000002,,31.98145172898043,-3.9847511442376913,-2.955247737156977,-1.029503407080714
2020-03-13,71.18,76.67,67.26,75.84,26797206,0.0,73.80100000000002,,44.40663957954586,-3.7883863898491086,-3.1218754676954035,-0.6665109221537051
2020-03-16,68.28,71.17,64.46,64.51,27307650,0.0,72.179,,35.460617951785736,-4.495184529403957,-3.3965372800371143,-1.0986472493668429
2020-03-17,65.91,69.81,62.2,68.86,14820331,0.0,70.153,,40.423152923566604,-4.650708034418088,-3.647371430913309,-1.0033366035047786
2020-03-18,63.56,65.56,58.0,62.37,28016146,0.0,67.71700000000001,,35.97828046598899,-5.2372782103189905,-3.965352786794446,-1.2719254235245447
2020-03-19,61.12,67.55,59.04,65.0,15713843,0.0,67.316,,38.90982324378277,-5.427357086477031,-4.257753646730963,-1.1696034397460675
2020-03-20,65.03,67.98,60.79,60.89,14834035,0.0,64.326,,36.12589359308249,-5.842292307552668,-4.574661378895304,-1.267630928657364
2020-03-23,61.55,64.86,59.11,62.54,27103382,0.0,63.932,,38.04244329951279,-5.969181243636967,-4.853565351843637,-1.1156158917933308
2020-03-24,66.0,67.62,62.19,65.46,16544197,0.0,63.251999999999995,,41.3938127669398,-5.767636321838225,-5.036379545842554,-0.7312567759956705
2020-03-25,65.9,66.96,62.46,63.0,14216101,0.0,63.378,,39.457419159932996,-5.740242023313982,-5.17715204133684,-0.563089981977142
2020-03-26,64.24,69.655,63.25,68.98,26242108,0.0,64.174,,46.06279328755471,-5.176326353264329,-5.176986903722338,0.000660550458008835
2020-03-27,66.5,69.12,65.93,66.58,8183613,0.0,65.312,,43.98849898429203,-4.866975599199634,-5.114984642817797,0.248009043618163
2020-03-30,67.19,69.5,66.06,69.04,8465599,0.0,66.612,,46.64088814964794,-4.372903349158065,-4.966568384085851,0.5936650349277857
2020-03-31,69.29,70.36,66.66,67.65,22161354,0.0,67.05000000000001,,45.334555526463966,-4.046859240445613,-4.782626555357804,0.7357673149121906
2020-04-01,65.0,68.7,65.0,65.88,12474516,0.0,67.626,,43.65771741618648,-3.8864901040988826,-4.60339926510602,0.7169091610071376
2020-04-02,65.87,68.26,65.31,68.02,14111535,0.0,67.434,,46.24648938329323,-3.54584203312524,-4.391887818709865,0.8460457855846251
2020-04-03,67.68,68.69,64.55,65.2,11151273,0.0,67.158,,43.41558601348464,-3.463501327568977,-4.2062105204816875,0.7427091929127103
2020-04-06,68.5,71.37,67.65,70.95,18941854,0.0,67.53999999999999,,50.120208427465485,-2.9008298194828086,-3.945134380281912,1.0443045607991035
2020-04-07,73.66,74.9,70.86,72.73,20377246,0.0,68.556,,52.015664936658915,-2.284938127170477,-3.613095129659625,1.328157002489148
2020-04-08,73.7,74.375,72.42,73.32,18330872,0.0,70.044,,52.65784075622134,-1.7292971929979046,-3.2363355423272813,1.5070383493293766
2020-04-09,74.62,74.84,70.0,71.63,26893416,0.0,70.76599999999999,,50.570141147621534,-1.409073701062141,-2.8708831740742533,1.4618094730121123
2020-04-13,71.71,73.51,71.44,73.3,6630703,0.0,72.386,,52.57120746217693,-1.0089091566559176,-2.4984883705905863,1.4895792139346686
2020-04-14,75.01,77.665,74.975,77.57,9652256,0.0,73.71000000000001,,57.32797029812916,-0.34326560583447474,-2.067443817639364,1.7241782118048894
2020-04-15,75.8642,76.34,74.03,76.0,34400547,0.0,74.364,,55.13829740178576,0.056919690174737525,-1.642571116076544,1.6994908062512815
2020-04-16,76.86,77.69,75.38,76.85,14431142,0.0,75.07,,56.11559503643501,0.4376127888694441,-1.2265343350873465,1.6641471239567907
2020-04-17,77.32,78.25,75.48,76.06,25103730,0.0,75.95599999999999,,54.918138517097034,0.6678696292841693,-0.8476535422130433,1.5155231714972126
2020-04-20,75.0222,76.23,74.1,74.28,18272485,0.0,76.15199999999999,,52.21452205728425,0.6986649358280772,-0.5383898466048193,1.2370547824328963
2020-04-21,73.31,73.97,71.75,71.75,23427880,0.0,74.98799999999999,,48.55559496436976,0.5130069573558842,-0.32811048581267854,0.8411174431685627
2020-04-22,73.79,75.27,72.75,74.81,18922108,0.0,74.74999999999999,,52.85840624467425,0.6058047581841635,-0.14132743701331013,0.7471321951974736
2020-04-23,75.0,76.17,73.76,73.79,11526828,0.0,74.13799999999999,,51.31761417156694,0.5902383085973639,0.004985712108824675,0.5852525964885392
2020-04-24,73.92,76.11,73.66,76.06,14363850,0.0,74.13799999999999,,54.49656986989432,0.7523986309029169,0.15446829586764313,0.5979303350352738
2020-04-27,76.59,77.8201,75.49,76.02,24770283,0.0,74.48599999999999,,54.42912284855818,0.8676820899069355,0.2971110546755016,0.5705710352314339
2020-04-28,77.1084,77.78,75.16,75.27,5107946,0.0,75.18999999999998,,53.1020616685031,0.8882867134581574,0.41534618643203275,0.4729405270261246
2020-04-29,77.17,79.24,76.83,79.04,8185354,0.0,76.03599999999999,,58.570174683199255,1.1950477522694172,0.5712864995995097,0.6237612526699075
2020-04-30,80.27,80.87,77.28,78.67,27359560,0.0,77.01199999999999,,57.85718039140669,1.392253150172607,0.7354798297141292,0.6567733204584778
2020-05-01,76.85,77.59,74.68,75.7,8341613,0.0,76.93999999999998,,52.3484356350006,1.2939695941118856,0.8471777825936805,0.44679181151820513
2020-05-04,75.16,75.94,74.09,75.69,11335757,0.0,76.874,,52.33036899393945,1.2014229949861175,0.9180268250721679,0.28339616991394956
2020-05-05,76.75,78.81,76.56,77.63,6428895,0.0,77.34599999999999,,55.53637952230072,1.269981380343566,0.9884177361264476,0.28156364421711844
2020-05-06,78.81,80.14,78.52,78.9,7362572,0.0,77.318,,57.54915869564419,1.4105330340527473,1.0728407957117077,0.3376922383410397
2020-05-07,79.7,80.17,78.2601,78.83,4887055,0.0,77.35,,57.39493755968083,1.498993354946819,1.15807130755873,0.3409220473880892
2020-05-08,79.7,81.09,79.36,80.6,14116940,0.0,78.32999999999998,,60.292528413554294,1.6924139100068771,1.2649398280483595,0.42747408195851766
2020-05-11,80.29,81.27,79.54,80.48,5276053,0.0,79.28799999999998,,59.99462132609519,1.8150948131450235,1.3749708250676924,0.4401239880773311
2020-05-12,81.29,81.79,78.4,78.41,5520496,0.0,79.44399999999999,,54.95074205214313,1.7253992835450447,1.445056516763163,0.28034276678188164
2020-05-13,78.86,79.51,76.75,78.01,15929276,0.0,79.26599999999999,,54.00588142000804,1.603553506410634,1.4767559146926574,0.12679759171797667
2020-05-14,77.5,80.0,76.47,79.9,17035908,0.0,79.47999999999999,,57.706343222851174,1.6405854074430977,1.5095218132427457,0.13106359420035196
2020-05-15,74.67,77.7,74.37,75.78,23512908,0.0,78.51599999999999,,48.53862618270774,1.3222419064577906,1.4720658318857547,-0.14982392542796408
2020-05-18,77.27,80.18,77.21,79.93,22992076,0.0,78.40599999999998,,56.10352103376658,1.3888133298287642,1.4554153314743565,-0.06660200164559238
2020-05-19,79.75,80.15,78.0,78.02,6757849,0.0,78.32799999999997,,52.29340342184157,1.2727788230130983,1.418888029782105,-0.14610920676900663
2020-05-20,79.96,81.96,79.69,80.65,9525788,0.0,78.85599999999997,,56.658184146902535,1.377164564704401,1.410543336766564,-0.033378772062163
2020-05-21,79.47,80.0906,77.8738,78.04,7110751,0.0,78.48399999999997,,51.611565684057716,1.2350489541809964,1.3754444602494504,-0.14039550606845408
2020-05-22,78.26,78.76,77.29,78.71,4642426,0.0,79.06999999999996,,52.77444297219118,1.163077476372834,1.3329710634741274,-0.16989358710129343
2020-05-26,80.19,80.57,77.775,78.02,15490770,0.0,78.68799999999996,,51.40434654872579,1.0383923871912515,1.2740553282175522,-0.2356629410263007
2020-05-27,78.27,79.32,76.16,79.3,8066474,0.0,78.94399999999996,,53.80047736713545,1.0309793698872767,1.2254401365514973,-0.19446076666422063
2020-05-28,80.24,81.48,77.73,78.12,9721597,0.0,78.43799999999996,,51.28974534054892,0.9192913435677923,1.1642103779547563,-0.24491903438696405
2020-05-29,78.7,81.2,77.9,80.99,16130978,0.0,79.02799999999996,,56.59535194544485,1.05025609396057,1.141419521155919,-0.09116342719534898
2020-06-01,79.89,80.48,79.24,79.73,11244688,0.0,79.23199999999997,,53.82356140857633,1.0403822534539415,1.1212120676155237,-0.08082981416158219
2020-06-02,79.93,84.8798,79.91,84.64,11984736,0.0,80.55599999999997,,61.696152174349926,1.4124710421914273,1.1794638625307046,0.2330071796607227
2020-06-03,84.95,85.95,83.62,84.09,23232742,0.0,81.51399999999998,,60.452840996254494,1.6440224175021,1.2723755735249838,0.37164684397711634
2020-06-04,83.95,86.7,83.95,86.05,10830196,0.0,83.09999999999998,,63.291823011867365,1.9630552908366354,1.4105115169873144,0.5525437738493211
2020-06-05,88.0,89.48,87.82,88.625,19286720,0.0,84.62699999999998,,66.67640503841062,2.3960519261746924,1.60761959882479,0.7884323273499023
2020-06-08,89.0,91.5,88.34,91.37,16299464,0.0,86.95499999999997,,69.86608815132571,2.9269632282067874,1.8714883247011898,1.0554749035055977
2020-06-09,90.23,90.39,89.06,89.84,11280960,0.0,87.99499999999998,,66.0700208685974,3.1875123881669083,2.1346931373943336,1.0528192507725747
2020-06-10,90.25,92.14,90.03,91.08,16183471,0.0,89.39299999999999,,67.60620826397152,3.4542387968175063,2.3986022692789684,1.055636527538538
2020-06-11,88.62,89.055,83.94,84.02,12900352,0.0,88.98699999999998,,52.91633467388896,3.0606570509247604,2.531013225608127,0.5296438253166333
2020-06-12,86.25,87.14,85.25,85.25,2787696,0.0,88.31199999999998,,54.76064083774822,2.8155356596877112,2.587917712424044,0.22761794726366746
2020-06-15,83.67,86.57,83.1,86.42,7057692,0.0,87.32199999999997,,56.50589462714347,2.6847364425112374,2.6072814584414825,0.07745498406975493
2020-06-16,89.9,90.44,87.76,89.64,21194355,0.0,87.28199999999997,,60.9687175929695,2.808529233127828,2.6475310133787517,0.16099821974907647
2020-06-17,90.68,91.085,89.3,89.95,13294464,0.0,87.05599999999998,,61.37957096577307,2.898241200327419,2.6976730507684854,0.20056814955893376
2020-06-18,89.85,90.49,89.03,89.92,4735293,0.0,88.23599999999999,,61.31230955751456,2.933106801975782,2.7447598010099448,0.18834700096583745
2020-06-19,89.87,90.25,87.535,88.63,11177617,0.0,88.91199999999999,,58.35126124069993,2.8240914550965783,2.7606261318272716,0.06346532326930676
2020-06-22,88.72,89.44,87.61,89.13,5829066,0.0,89.45399999999998,,59.174255691554606,2.746383232269878,2.757777551915793,-0.011394319645915196
2020-06-23,90.14,90.61,89.21,89.34,6216062,0.0,89.39399999999998,,59.53591425979981,2.670955043647595,2.7404130502621538,-0.0694580066145587
2020-06-24,89.1747,89.83,87.42,89.15,6457816,0.0,89.23399999999998,,59.02643071764425,2.5662639551982664,2.7055832312493764,-0.13931927605110994
2020-06-25,88.7,89.46,87.32,88.96,5945295,0.0,89.04199999999997,,58.487418918878255,2.439839154217168,2.6524344158429347,-0.2125952616257667
2020-06-26,89.07,89.73,87.54,88.025,6095101,0.0,88.92099999999998,,55.787614915467266,2.238397054824958,2.5696269436393395,-0.33122988881438165
2020-06-29,88.2113,89.15,86.68,89.12,4228320,0.0,88.91899999999998,,58.2199633568745,2.1424136771834696,2.484184290348166,-0.34177061316469626
2020-06-30,89.2,91.93,89.0,91.21,7474122,0.0,89.29299999999998,,62.4645931929579,2.2095217012286668,2.429251772524266,-0.2197300712955994
2020-07-01,91.01,91.3,89.58,89.78,5174568,0.0,89.41899999999998,,58.11420751504714,2.122845404383966,2.3679704988962063,-0.24512509451224007
2020-07-02,91.09,92.5,90.8,91.87,7320347,0.0,90.00099999999999,,62.252120352439846,2.1974683011081027,2.3338700593385857,-0.13640175823048306
2020-07-06,93.21,93.75,92.1,92.92,5569776,0.0,90.97999999999999,,64.16735154660368,2.3146518435431602,2.330026416179501,-0.015374572636340567
2020-07-07,92.97,93.55,91.91,92.14,5611981,0.0,91.58399999999999,,61.664396124888064,2.317862290253899,2.327593590994381,-0.009731300740481785
2020-07-08,93.27,93.6,92.34,93.54,5356187,0.0,92.04999999999998,,64.35215553423862,2.4056441241126834,2.3432036976180415,0.062440426494641876
2020-07-09,93.95,93.95,91.44,93.24,5570316,0.0,92.74199999999999,,63.32754541770045,2.423072693385379,2.359177496771509,0.06389519661386966
2020-07-10,93.0,93.52,91.56,92.51,3761290,0.0,92.86999999999998,,60.791120684304815,2.350880573090379,2.357518112035283,-0.006637538944904264
2020-07-13,93.3,94.125,91.2,91.33,6121812,0.0,92.55199999999999,,56.82886806917386,2.173398079148811,2.3206941054579886,-0.14729602630917782
2020-07-14,90.86,92.62,89.2,92.35,4958398,0.0,92.59399999999998,,59.29840908609075,2.090944295244185,2.2747441434152282,-0.18379984817104322
2020-07-15,92.93,92.93,91.01,92.55,4291062,0.0,92.39599999999997,,59.78418302406619,2.018469743236338,2.22348926337945,-0.2050195201431122
2020-07-16,91.2639,91.74700000000001,90.68,91.11,4657625,0.0,91.96999999999996,,54.72024865881554,1.823813387751727,2.1435540882539055,-0.3197407005021784
2020-07-17,91.68,92.455,91.0,92.2,3876796,0.0,91.90799999999997,,57.64478705775092,1.7374722159304383,2.062337713789212,-0.3248654978587737
2020-07-20,92.1922,93.27,91.3,93.17,3780000,0.0,92.27599999999997,,60.11370636854095,1.7274046628974418,1.995351103610858,-0.2679464407134162
2020-07-21,93.55,93.85,91.81,92.35,5668026,0.0,92.27599999999995,,57.084392903938095,1.6344183502602334,1.9231645529407333,-0.2887462026804999
2020-07-22,92.74,93.29,91.67,92.59,3752951,0.0,92.28399999999996,,57.75539524201096,1.562085275114157,1.8509486973754181,-0.28886342226126116
2020-07-23,92.91,92.97,90.43,90.5224,3484496,0.0,92.16647999999995,82.936362,50.43873447768396,1.32267576865938,1.7452941116322107,-0.42261834297283074
