Date,Open,High,Low,Close,Volume,OpenInterest,5 day sma,200 day sma,rsi,macd,signal,histogram
2019-10-09,131.8,132.65,131.6365,132.23,264878,0.0,,,,,,
2019-10-10,131.56,131.56,128.89,130.48,402315,0.0,,,,,,
2019-10-11,130.99,131.86,129.59,129.63,418482,0.0,,,,,,
2019-10-14,129.95,130.19,128.99,129.22,313379,0.0,,,,,,
2019-10-15,130.01,131.03,129.87,130.42,351275,0.0,130.396,,,,,
2019-10-16,132.0,132.0,130.34,131.17,534935,0.0,130.18399999999997,,,,,
2019-10-17,131.2,132.715,131.2,131.6,314245,0.0,130.40799999999996,,,,,
2019-10-18,130.99,131.9234,129.95,131.19,379565,0.0,130.71999999999997,,,,,
2019-10-21,131.81,131.83,130.12,130.53,304637,0.0,130.98199999999994,,,,,
2019-10-22,131.09,131.4594,126.32,126.54,478777,0.0,130.20599999999996,,,,,
2019-10-23,127.0,127.8,126.26,126.77,301059,0.0,129.32599999999996,,,,,
2019-10-24,127.45,129.24,126.415,127.76,424632,0.0,128.55799999999994,,,,,
2019-10-25,145.0,147.37,141.29,144.15,1521619,0.0,131.14999999999995,,,,,
2019-10-28,144.11,145.585,141.73,145.44,698600,0.0,134.13199999999998,,,,,
2019-10-29,145.0,147.63,144.01,146.63,506256,0.0,138.14999999999998,,73.57563850687626,,,
2019-10-30,145.97,147.9,145.36,147.25,379511,0.0,142.24599999999998,,74.1409908799606,,,
2019-10-31,147.74,148.85,146.92,147.92,412203,0.0,146.27799999999996,,74.7692131231246,,,
2019-11-01,148.92,149.96,147.38,147.43,333197,0.0,146.934,,73.36543367578486,,,
2019-11-04,147.85,148.78,146.15,147.5,492898,0.0,147.346,,73.44214433575516,,,
2019-11-05,147.5,147.5,144.08,144.39,447162,0.0,146.898,,64.5473566988298,,,
2019-11-06,143.74,144.47,142.78,143.24,335837,0.0,146.096,,61.57750699134521,,,
2019-11-07,143.78,143.97,141.38,142.21,621010,0.0,144.954,,58.96086720744394,,,
2019-11-08,141.81,144.7,141.81,143.85,303063,0.0,144.238,,61.748057609197915,,,
2019-11-11,143.6,145.14,143.0676,143.89,197878,0.0,143.51600000000002,,61.81617354646885,,,
2019-11-12,143.6,145.75,143.36,144.17,290782,0.0,143.472,,62.321958938828914,,,
2019-11-13,143.82,145.565,143.37,145.25,260256,0.0,143.874,,64.28696546059183,5.169391247080853,,
2019-11-14,145.46,146.01,145.0,145.44,254079,0.0,144.51999999999998,,64.63638474248737,4.958829630720828,,
2019-11-15,145.6,147.38,145.6,147.12,483620,0.0,145.17399999999998,,67.65029808063662,4.8713659184077756,,
2019-11-18,146.7,148.49,146.575,147.78,360152,0.0,145.95199999999997,,68.77614654723453,4.7999756490068535,,
2019-11-19,148.58,149.94,148.0,149.36,305950,0.0,146.98999999999998,,71.34700147111212,4.81538241059863,,
2019-11-20,148.64,151.46,148.13,149.59,358808,0.0,147.858,,71.71213081528913,4.790924660727825,,
2019-11-21,148.35,148.73,145.75,146.35,517862,0.0,148.04000000000002,,60.09459702224968,4.458703635493123,,
2019-11-22,146.63,146.63,144.56,145.25,484461,0.0,147.666,,56.734141415514664,4.059855782269409,,
2019-11-25,145.08,146.94,145.01,146.35,285674,0.0,147.38000000000002,,59.19165752768723,3.7888512729657293,4.634808911919003,-0.8459576389532737
2019-11-26,147.43,149.76,146.7,149.58,550903,0.0,147.42400000000004,,65.40540765821902,3.7910118280928486,4.466049495153772,-0.6750376670609235
2019-11-27,149.95,151.14,149.15,150.83,341398,0.0,147.67200000000003,,67.46976199898259,3.8492172564335476,4.342683047409727,-0.49346579097617926
2019-11-29,150.6,151.3,148.84,149.73,166845,0.0,148.348,,63.858475616878785,3.7632047885360294,4.226787395634988,-0.4635826070989584
2019-12-02,149.67,149.85,147.73,149.04,226615,0.0,149.10600000000002,,61.630108340761666,3.5978878431629084,4.101007485140572,-0.5031196419776638
2019-12-03,147.39,150.0,147.17,149.48,363424,0.0,149.73200000000003,,62.52807961663132,3.462464164102329,3.973298820932924,-0.5108346568305953
2019-12-04,149.46,150.56,148.85,150.13,330234,0.0,149.842,,63.87315693050856,3.368756561828633,3.852390369112066,-0.4836338072834332
2019-12-05,150.29,150.57,149.39,150.19,244986,0.0,149.714,,64.00161072665807,3.2617348613369472,3.7342592675570425,-0.4725244062200953
2019-12-06,151.46,151.6,150.48,150.59,214650,0.0,149.88600000000002,,64.89768923616536,3.172624014953584,3.6219322170363513,-0.4493082020827672
2019-12-09,150.84,151.34,149.04,149.32,294951,0.0,149.942,,59.807358214026884,2.965342024026995,3.4906141784344804,-0.5252721544074852
2019-12-10,149.63,149.92,148.56,148.97,227913,0.0,149.84,,58.44677119628181,2.7412283043662455,3.3407370036208337,-0.5995086992545882
2019-12-11,149.11,150.55,148.615,150.48,284448,0.0,149.91000000000003,,62.418994752065835,2.6548574037275614,3.2035610836421795,-0.5487036799146181
2019-12-12,150.8,152.53,150.37,152.3,298173,0.0,150.33200000000002,,66.56737457953489,2.7021182946376996,3.103272525841284,-0.4011542312035843
2019-12-13,151.43,153.96,151.31,153.63,296470,0.0,150.94,,69.2395657206721,2.814449553389096,3.0455079313508464,-0.23105837796175033
2019-12-16,154.71,156.2,154.26,155.97,431383,0.0,152.27000000000004,,73.28529096672673,3.0570515418309014,3.0478166534468576,0.009234888384043849
2019-12-17,156.48,156.74,154.52,156.43,379401,0.0,153.76200000000003,,74.0089831007865,3.24898128728438,3.088049580214362,0.1609317070700178
2019-12-18,156.66,157.25,155.07,155.98,407134,0.0,154.86200000000002,,71.95542813884964,3.3264307313031054,3.135725810432111,0.19070492087099433
2019-12-19,156.65,156.67,155.14,156.03,300152,0.0,155.60800000000003,,72.04823355590416,3.3531910566020713,3.1792188596661033,0.173972196935968
2019-12-20,157.36,157.86,155.56,155.95,636390,0.0,156.07200000000006,,71.63974189888032,3.3295623535559002,3.209287558444063,0.12027479511183703
2019-12-23,155.53,156.42,155.0,155.69,258645,0.0,156.01600000000002,,70.24578870614351,3.252365365658733,3.2179031198869974,0.0344622457717354
2019-12-24,155.66,156.93,154.9,156.67700000000002,91279,0.0,156.06540000000004,,72.43823840552801,3.2335544450480143,3.221033384919201,0.012521060128813044
2019-12-26,156.66,156.66,155.0704,155.83,173980,0.0,156.03540000000004,,67.81986486192176,3.1143999694122897,3.199706701817819,-0.08530673240552922
2019-12-27,156.23,156.38,155.085,156.14,233392,0.0,156.05740000000006,,68.60871275177564,3.010282930445129,3.1618219475432814,-0.15153901709815232
2019-12-30,156.21,156.69,154.16,154.58,223545,0.0,155.78340000000009,,60.563067881957245,2.769960088742181,3.0834495757830616,-0.31348948704088064
2019-12-31,154.22,155.16,153.57,155.01,199648,0.0,155.64740000000006,,61.88970587050649,2.5844084596160144,2.983641352549652,-0.39923289293363773
2020-01-02,155.4,156.17,154.04,156.08,296390,0.0,155.52800000000008,,65.04112894869455,2.4949374287095623,2.8859005677816345,-0.39096313907207225
2020-01-03,154.09,155.94,153.12,155.3,297488,0.0,155.42200000000005,,61.0762298493239,2.334184485079618,2.7755573512412313,-0.4413728661616134
2020-01-06,154.96,156.12,153.85,156.04,283847,0.0,155.40200000000004,,63.35836180023961,2.2406693926620562,2.668579759525396,-0.42791036686333994
2020-01-07,155.01,156.09,154.7315,155.18,264352,0.0,155.52200000000005,,59.026967331036474,2.0732638998259745,2.549516587585512,-0.47625268775953744
2020-01-08,155.73,157.5,154.18,156.27,297707,0.0,155.77400000000006,,62.52392685891454,2.005430378090267,2.440699345686463,-0.4352689675961958
2020-01-09,157.08,158.43,156.57,157.59,286845,0.0,156.07600000000005,,66.27749605846563,2.0347296943589583,2.359505415420962,-0.3247757210620037
2020-01-10,158.0,158.46,155.87,156.88,255770,0.0,156.39200000000005,,62.64309653275015,1.977859019705022,2.283176136277774,-0.30531711657275196
2020-01-13,157.4,158.58,156.445,158.25,310599,0.0,156.83400000000006,,66.4644634193647,2.0200502686831783,2.230550962758855,-0.21050069407567662
2020-01-14,157.48,158.42,156.95,158.29,202617,0.0,157.45600000000005,,66.57198177250606,2.0332764578406284,2.1910960617752098,-0.1578196039345814
2020-01-15,158.43,159.73,157.9,158.74,327552,0.0,157.95000000000005,,67.82188156430415,2.056365050965809,2.1641498596133295,-0.1077848086475206
2020-01-16,159.52,160.75,158.2,160.73,318802,0.0,158.57800000000003,,72.68572407011676,2.2097664837451987,2.1732731844397035,0.036493299305495164
2020-01-17,160.98,161.98,160.24,160.57,356938,0.0,159.31600000000006,,71.7467092769853,2.2920067346835538,2.1970198944884736,0.09498684019508019
2020-01-21,160.39,162.31,160.01,161.95,790798,0.0,160.05600000000004,,74.77375953398935,2.440405714937981,2.245697058578375,0.1947086563596061
2020-01-22,162.9,165.0,161.84,164.45,533114,0.0,161.28800000000007,,79.13503783180167,2.728292030351696,2.3422160529330394,0.3860759774186566
2020-01-23,163.56,164.13,160.89,161.44,740514,0.0,161.82800000000006,,64.64396809051928,2.6826383796889104,2.4103005182842137,0.27233786140469673
2020-01-24,161.53,163.0994,160.81,162.39,933918,0.0,162.16000000000005,,66.71560703248372,2.6920819482045033,2.466656804268272,0.22542514393623136
2020-01-27,160.0,161.8,159.57,160.53,343645,0.0,162.15200000000004,,59.37956842787934,2.5204256905092564,2.477410581516469,0.043015108992787265
2020-01-28,161.24,164.42,161.24,163.31,387640,0.0,162.42400000000004,,65.48789383344169,2.5789807513975234,2.49772461549268,0.08125613590484315
2020-01-29,164.14,167.05,164.11,165.84,511525,0.0,162.70200000000006,,69.92094041073382,2.797290491393767,2.5576377906728975,0.2396527007208693
2020-01-30,164.31,165.52,162.99,165.44,474139,0.0,163.50200000000004,,68.42447575859018,2.904544099751007,2.6270190524885195,0.2775250472624875
2020-01-31,164.38,166.03,158.16,158.96,956844,0.0,162.81600000000006,,49.821709628165756,2.438551410005232,2.589325523991862,-0.1507741139866301
2020-02-03,159.46,163.99,159.23,163.15,595712,0.0,163.34000000000006,,57.809156092225976,2.379912676899494,2.5474429545733885,-0.16753027767389472
2020-02-04,165.44,167.65,164.92,166.86,623966,0.0,164.05000000000004,,63.36925393528086,2.602803553504401,2.5585150743595912,0.044288479144809934
2020-02-05,168.31,169.05,166.96,167.71,455579,0.0,164.42400000000004,,64.52282139201976,2.8155778465309993,2.609927628793873,0.20565021773712644
2020-02-06,168.18,170.57,167.13,170.54,316792,0.0,165.44400000000005,,68.12227622173396,3.175949980993096,2.7231320992337174,0.4528178817593784
2020-02-07,170.25,171.64,168.76,171.43,306615,0.0,167.93800000000005,,69.18126348747464,3.4930968102042357,2.8771250414278216,0.6159717687764141
2020-02-10,171.07,173.29,170.815,173.17,399738,0.0,169.94200000000006,,71.19592154373593,3.840569718444243,3.0698139768311057,0.7707557416131374
2020-02-11,174.18,174.9,173.04,174.35,284875,0.0,171.44000000000003,,72.50843400842335,4.163170205316675,3.28848522252822,0.8746849827884549
2020-02-12,173.51,174.73,172.4683,172.73,319365,0.0,172.44400000000002,,67.9318584395954,4.239245570184636,3.4786372920595032,0.7606082781251327
2020-02-13,172.59,175.16,172.28,174.97,400141,0.0,173.33,,70.68691968284082,4.429227744138927,3.6687553824753882,0.7604723616635392
2020-02-14,175.05,176.7,173.95,176.51,235784,0.0,174.346,,72.43997059016742,4.650447649725464,3.8650938359254035,0.7853538138000609
2020-02-18,176.14,176.86,174.18,174.79,511026,0.0,174.67000000000002,,67.5788512361823,4.633563556954471,4.018787780131217,0.6147757768232536
2020-02-19,175.53,177.99,175.02,176.63,304926,0.0,175.126,,69.90544223876812,4.714311762823883,4.1578925766697505,0.5564191861541321
2020-02-20,176.4,176.53,172.51,175.95,205323,0.0,175.76999999999998,,67.96433951450916,4.669606661863156,4.260235393708432,0.40937126815472435
2020-02-21,175.37,175.69,173.54,173.88,317514,0.0,175.552,,62.29375104322559,4.416238202000926,4.29143595536693,0.12480224663399575
2020-02-24,169.92,171.45,168.26,169.87,322400,0.0,174.22400000000002,,53.05828259545584,3.847516608638756,4.2026520860212955,-0.3551354773825395
2020-02-25,170.25,170.9,164.79,165.81,311812,0.0,172.42800000000003,,45.674855771438075,3.034216025706712,3.968964873958379,-0.934748848251667
2020-02-26,165.96,169.72,165.55,165.93,379649,0.0,170.28800000000004,,45.91442230847258,2.372009403458435,3.6495737798583905,-1.2775643763999556
2020-02-27,164.03,168.05,162.66,162.66,468543,0.0,167.63000000000002,,40.65336581730114,1.5653004042216594,3.232719104731044,-1.6674187005093848
2020-02-28,158.85,160.15,153.03,158.96,885456,0.0,164.64600000000002,,35.672588560578305,0.6202685626062703,2.7102289963060895,-2.089960433699819
2020-03-02,160.5,168.91,160.05,168.76,1043557,0.0,164.42400000000004,,52.331344058514766,0.6545567942454511,2.2990945558939617,-1.6445377616485106
2020-03-03,168.68,171.91,162.6391,165.22,693679,0.0,164.30600000000004,,47.54190223010191,0.39156829431323104,1.9175893035778158,-1.5260210092645847
2020-03-04,168.3,175.26,167.52,174.81,695878,0.0,166.08200000000002,,58.596844597744756,0.9460751015536175,1.723286463172976,-0.7772113616193586
2020-03-05,172.16,172.8675,168.16,170.76,833742,0.0,167.70200000000003,,53.471884006852555,1.0466593510832638,1.5879610407550335,-0.5413016896717697
2020-03-06,166.99,168.0099,161.43,166.14,1358468,0.0,169.138,,48.283990080604035,0.7449899243491132,1.4193668174738496,-0.6743768931247365
2020-03-09,156.5,157.94,151.61,154.25,1188198,0.0,166.23600000000002,,38.05185997018689,-0.44834070826993866,1.045825312325092,-1.4941660205950307
2020-03-10,158.18,161.94,152.89,161.75,1413614,0.0,165.542,,45.847401586260844,-0.7798864664954976,0.6806829565609742,-1.4605694230564719
2020-03-11,157.53,159.09,150.5,153.63,1179772,0.0,161.30599999999998,,39.981243416358,-1.6785062318688233,0.20884511887501472,-1.887351350743838
2020-03-12,143.77,147.63,135.91,136.12,2066534,0.0,154.378,,30.822730682329407,-3.760233897253954,-0.5849706843507791,-3.1752632129031753
2020-03-13,144.3,149.79,136.24,149.79,2106490,0.0,151.108,,41.99413168348483,-4.257881112045709,-1.319552769889765,-2.938328342155944
2020-03-16,137.49,146.21200000000002,134.1,137.93,1852278,0.0,147.844,,36.488566750213664,-5.545349657970348,-2.164712147505882,-3.3806375104644664
2020-03-17,140.3,162.3,135.59,161.43,3324838,0.0,147.78000000000003,,50.37227570260107,-4.616211343148109,-2.655011986634327,-1.9611993565137817
2020-03-18,146.76,158.4,146.23,151.73,2838622,0.0,147.40000000000003,,45.911001572458325,-4.609436750701633,-3.045896939447789,-1.5635398112538441
2020-03-19,144.04,148.99,134.805,136.09,2735624,0.0,147.39400000000003,,39.79160629442355,-5.799235155472047,-3.5965645826526407,-2.2026705728194065
2020-03-20,134.49,135.38,113.43,114.34,3374104,0.0,140.30400000000003,,33.17024081545527,-8.400367977950594,-4.557325261712232,-3.8430427162383625
2020-03-23,113.0,126.03,109.0,121.35,2384496,0.0,136.98800000000006,,36.8193242701399,-9.783359585556866,-5.602532126481159,-4.180827459075707
2020-03-24,127.46,135.85,124.58,134.78,2447212,0.0,131.65800000000004,,43.21637363453043,-9.68406971019931,-6.418839643224789,-3.265230066974521
2020-03-25,134.33,140.52,132.52,135.71,1419660,0.0,128.45400000000004,,43.641916458553794,-9.421730694347104,-7.019417853449252,-2.402312840897852
2020-03-26,135.54,146.77,135.03,145.46,1741310,0.0,130.32800000000003,,48.038433238880906,-8.331046500225312,-7.281743582804465,-1.0493029174208477
2020-03-27,139.25,145.9877,136.0,142.1,1450652,0.0,135.88000000000005,,46.68677850036597,-7.649615333888022,-7.355317933021176,-0.29429740086684575
2020-03-30,143.28,156.225,143.0,154.08,1815232,0.0,142.42600000000004,,51.88505260453541,-6.072885897767492,-7.09883152597044,1.0259456282029484
2020-03-31,153.6,155.39,145.63,147.03,1817748,0.0,144.87600000000003,,48.865493587259216,-5.330743052969154,-6.745213831370183,1.4144707784010286
2020-04-01,140.73,145.38,138.16,142.28,1629660,0.0,146.19000000000003,,46.88565220045379,-5.067460276526361,-6.40966312040142,1.3422028438750582
2020-04-02,140.49,150.63,140.285,150.01,1617542,0.0,147.10000000000002,,50.407076728877776,-4.186797585278839,-5.965090013376904,1.778292428098065
2020-04-03,148.0,155.0,147.0001,152.96,2075758,0.0,149.27200000000002,,51.72253829958722,-3.21377926495353,-5.41482786369223,2.2010485987386996
2020-04-06,157.99,159.29,155.59,158.08,1326938,0.0,150.07200000000003,,54.00298904071122,-2.0063856605396495,-4.733139423061714,2.7267537625220646
2020-04-07,159.28,159.83,152.41,153.44,1684366,0.0,151.35400000000004,,51.62311916087493,-1.4076996666479715,-4.068051471778966,2.6603518051309942
2020-04-08,155.01,156.32,149.6,155.16,1198542,0.0,153.93000000000004,,52.45948151744251,-0.7853935498764599,-3.411519887398465,2.626126337522005
2020-04-09,150.49,160.62,149.7,159.57,1649562,0.0,155.84200000000004,,54.62550540095848,0.06291344816247602,-2.716633220286277,2.779546668448753
2020-04-13,158.31,159.0,154.14,157.29,697534,0.0,156.70800000000003,,53.27406740840877,0.5449441338264762,-2.064317749463726,2.6092618832902024
2020-04-14,160.67,164.59,160.1,163.61,974274,0.0,157.81400000000002,,56.487585528415764,1.4205528575367055,-1.36734362806364,2.7878964856003456
2020-04-15,159.03,161.32,157.95,160.17,1042795,0.0,159.16000000000003,,54.2986263353808,1.8159664973947258,-0.7306816029719668,2.5466481003666925
2020-04-16,161.87,163.84,160.2,161.51,854944,0.0,160.43000000000004,,55.02966743170713,2.211963320675011,-0.1421526182425713,2.354115938917582
2020-04-17,164.39,165.345,160.51,164.96,1194556,0.0,161.50800000000004,,56.93948017293652,2.772223358052173,0.4407225770163776,2.3315007810357953
2020-04-20,163.3,165.95,161.83,164.19,1196792,0.0,162.88800000000006,,56.364141067527335,3.11815673938122,0.9762094094893462,2.141947329891874
2020-04-21,160.96,161.5,156.5,157.48,751752,0.0,161.66200000000006,,51.48228789828332,2.818381961341231,1.3446439198597233,1.4737380414815078
2020-04-22,160.14,161.93,157.17,161.3,571340,0.0,161.8880000000001,,53.92874384409712,2.856126714029699,1.6469404786937187,1.2091862353359804
2020-04-23,161.59,162.53,158.61,158.81,873380,0.0,161.3480000000001,,52.08512366186739,2.6545178825003575,1.8484559594550465,0.806061923045311
2020-04-24,161.4,161.89,158.66,160.99,645348,0.0,160.5540000000001,,53.581310581543434,2.6402144631254885,2.0068076601891347,0.6334068029363538
2020-04-27,163.11,163.8,160.17,162.65,1027498,0.0,160.2460000000001,,54.74025826366872,2.731341818736354,2.151714491898579,0.579627326837775
2020-04-28,164.0,164.12,156.78,158.13,1114686,0.0,160.3760000000001,,51.005976743440684,2.411041692007103,2.2035799319202836,0.2074617600868196
2020-04-29,160.08,160.82,156.12,156.32,1036602,0.0,159.3800000000001,,49.54832422402972,1.9882305762847068,2.160510060793168,-0.17227948450846142
2020-04-30,155.0,156.32,152.27,155.62,1413397,0.0,158.7420000000001,,48.96551367711143,1.5784699519861647,2.0441020390317677,-0.465632087045603
2020-05-01,157.0,164.0,156.82,159.07,2304870,0.0,158.3580000000001,,51.96444800717565,1.5146578394789003,1.9382131991211942,-0.42355535964229385
2020-05-04,159.02,159.34,153.12,154.81,1360314,0.0,156.79000000000008,,48.19819758734892,1.1075724768082011,1.7720850546585956,-0.6645125778503944
2020-05-05,155.32,162.87,154.27,159.28,1593150,0.0,157.02000000000007,,52.11961535930388,1.1325902413618394,1.6441860919992444,-0.511595850637405
2020-05-06,160.06,163.22,159.33,159.95,952164,0.0,157.7460000000001,,52.697622461363075,1.192731336196033,1.5538951408386024,-0.36116380464256936
2020-05-07,161.71,162.79,160.04,160.73,834744,0.0,158.7680000000001,,53.40286618779867,1.2884802699128954,1.500812166653461,-0.21233189674056563
2020-05-08,161.91,165.47,160.885,162.38,952018,0.0,159.43000000000012,,54.93354368015315,1.4804376365581504,1.4967372606343992,-0.016299624076248742
2020-05-11,160.96,171.69,160.96,169.36,1909726,0.0,162.3400000000001,,60.79989283919472,2.170769617416312,1.6315437319907817,0.5392258854255301
2020-05-12,170.5,172.06,167.16,167.18,1140890,0.0,163.92000000000013,,58.24958228588815,2.5129867577762184,1.807832337147869,0.7051544206283493
2020-05-13,166.26,168.66,162.0,164.49,1044518,0.0,164.82800000000012,,55.17414861858042,2.537880679621992,1.9538420056426937,0.5840386739792982
2020-05-14,162.54,164.41,158.75,162.82,865356,0.0,165.2460000000001,,53.29296032007194,2.395243374177852,2.0421222793497256,0.3531210948281265
2020-05-15,162.05,165.72,161.16,164.16,734478,0.0,165.6020000000001,,54.62968340611239,2.363088865648365,2.1063155966094538,0.25677326903891107
2020-05-18,166.5,169.65,165.49,166.97,1059000,0.0,165.12400000000008,,57.38402464090799,2.5351263434027658,2.192077745968116,0.34304859743464977
2020-05-19,166.66,168.68,162.0,162.63,915540,0.0,164.21400000000008,,52.121095064049115,2.294812386163045,2.212624674007102,0.0821877121559429
2020-05-20,164.41,165.04,161.46,161.73,1038842,0.0,163.6620000000001,,51.074973468643265,2.008585640335184,2.1718168672727183,-0.16323122693753422
2020-05-21,161.21,161.315,158.09,160.77,774569,0.0,163.2520000000001,,49.92393237439453,1.6848628549676334,2.0744260648117017,-0.3895632098440682
2020-05-22,161.14,163.0714,159.765,161.3,732984,0.0,162.6800000000001,,50.5860295727992,1.4543123780561586,1.9504033274605932,-0.49609094940443454
2020-05-26,164.34,164.78,159.62,160.56,1341992,0.0,161.39800000000008,,49.59994701029993,1.1980769630621353,1.7999380545809018,-0.6018610915187665
2020-05-27,159.3,159.735,149.16,153.65,1872120,0.0,159.6020000000001,,41.4706257774968,0.43244435059605735,1.526439313783933,-1.0939949631878756
2020-05-28,154.97,160.42,154.195,158.94,899346,0.0,159.0440000000001,,48.43794343645807,0.2496559009363466,1.2710826312144157,-1.021426730278069
2020-05-29,161.0,161.6,157.09,161.03,921014,0.0,159.0960000000001,,50.92359238813427,0.27032414236037994,1.0709309334436086,-0.8006067910832286
2020-06-01,160.13,162.8725,159.25,161.11,812348,0.0,159.05800000000008,,51.02092279637834,0.2898183583779428,0.9147084184304755,-0.6248900600525327
2020-06-02,161.0,161.0,157.055,159.76,682972,0.0,158.89800000000008,,49.246016810926456,0.19409652353837714,0.7705860394520558,-0.5764895159136787
2020-06-03,160.31,162.48,158.88,161.8,866778,0.0,160.52800000000008,,51.96535198154923,0.2796239005326129,0.6723936116681672,-0.39276971113555437
2020-06-04,160.7,164.3,159.49,160.83,1198354,0.0,160.9060000000001,,50.57770816548184,0.26606701469580685,0.5911282922736951,-0.3250612775778883
2020-06-05,161.81,165.69,159.17,160.95,1236142,0.0,160.8900000000001,,50.75291010066174,0.261986069784399,0.5252998477758359,-0.26331377799143696
2020-06-08,159.01,162.7829,156.5713,162.62,1096886,0.0,161.1920000000001,,53.23738555550108,0.3890225252551147,0.4980443832716917,-0.10902185801657699
2020-06-09,162.68,164.03,161.15,161.63,658832,0.0,161.5660000000001,,51.57624172466991,0.4051448476295434,0.47946447614326204,-0.07431962851371865
2020-06-10,162.74,167.95,162.47,166.55,1280092,0.0,162.51600000000013,,58.50562163241994,0.8056378939612898,0.5446991597068676,0.26093873425442227
2020-06-11,164.69,165.57,157.08,158.43,1306240,0.0,162.03600000000012,,46.64262355589738,0.46248415084275507,0.5282561579340451,-0.06577200709129005
2020-06-12,162.92,165.88,162.26,162.52,330940,0.0,162.35000000000014,,51.92981040905294,0.5146288347146424,0.5255306932901647,-0.010901858575522283
2020-06-15,158.79,164.085,157.78,163.79,940402,0.0,162.58400000000012,,53.47155978638448,0.6509287570106892,0.5506103060342695,0.10031845097641967
2020-06-16,167.0,170.31,165.4,169.2,1454905,0.0,164.09800000000013,,59.43944023015971,1.181865405453351,0.6768613259180859,0.5050040795352652
2020-06-17,170.0,173.59,169.77,172.4,1288664,0.0,165.26800000000011,,62.50305987897335,1.8396435157095254,0.9094177638763739,0.9302257518331516
2020-06-18,173.12,176.59,172.85,173.72,1145294,0.0,168.3260000000001,,63.720373142834376,2.439331282825208,1.2154004676661407,1.223930815159067
2020-06-19,176.43,177.0,172.1201,172.77,1374342,0.0,170.37600000000012,,62.15640897767233,2.805590003125843,1.5334383747580813,1.2721516283677619
2020-06-22,176.5,180.14,174.26,179.02,825667,0.0,173.4220000000001,,67.76239876183145,3.5591478038955415,1.9385802605855735,1.620567543309968
2020-06-23,180.45,183.9,179.48,181.85,614624,0.0,175.95200000000008,,69.93421749399563,4.334736989069569,2.4178116062823727,1.9169253827871962
2020-06-24,180.84,183.725,178.55,181.9,737428,0.0,177.85200000000012,,69.97270726132527,4.896982225441576,2.9136457301142134,1.9833364953273627
2020-06-25,182.0,187.01,180.74,186.29,580972,0.0,180.36600000000013,,73.21494273274078,5.631881117465895,3.4572928075845493,2.1745883098813454
2020-06-26,186.43,189.06,185.0,185.78,692102,0.0,182.96800000000013,,72.23907515026389,6.10279186059077,3.9863926181857936,2.1163992424049765
2020-06-29,186.35,188.4,184.14,188.18,546768,0.0,184.80000000000013,,73.9956358138054,6.59364452986992,4.5078430005226195,2.0858015293473002
2020-06-30,188.04,193.2,188.04,191.93,504607,0.0,186.81600000000014,,76.49793875057352,7.202219760446212,5.046718352507338,2.155501407938874
2020-07-01,190.15,191.55,186.31,190.86,747435,0.0,188.60800000000015,,74.30096290879871,7.5115910122031835,5.539692884446508,1.9718981277566758
2020-07-02,192.29,193.91,191.62,192.26,467365,0.0,189.80200000000013,,75.30048614552618,7.780054630962013,5.987765233749609,1.7922893972124045
2020-07-06,195.14,197.38,192.61,193.62,474903,0.0,191.37000000000012,,76.26617952246599,8.010217812257821,6.392255749451252,1.6179620628065692
2020-07-07,193.33,195.77,191.3,191.48,467904,0.0,192.03000000000011,,71.52723286838605,7.928548306865565,6.699514260934115,1.2290340459314502
2020-07-08,192.34,193.68,190.0877,192.58,388230,0.0,192.16000000000008,,72.47402815034044,7.8619576880327315,6.932002946353839,0.9299547416788929
2020-07-09,193.46,195.09,189.56,193.67,363358,0.0,192.7220000000001,,73.41731493720125,7.807142158314321,7.107030788745935,0.7001113695683854
2020-07-10,193.84,195.36,190.83,192.14,337204,0.0,192.6980000000001,,69.80142664551008,7.553173955163828,7.196259422029515,0.3569145331343133
2020-07-13,192.93,194.98,187.22,188.13,494969,0.0,191.60000000000008,,61.28240134975833,6.9482339218673985,7.146654321997092,-0.19842040012969342
2020-07-14,187.91,195.5,187.445,195.13,458305,0.0,192.33000000000007,,68.50786964760869,6.953500460773455,7.108023549752365,-0.15452308897890976
2020-07-15,196.98,198.44,194.86,197.43,446688,0.0,193.30000000000007,,70.45862484883315,7.061860279451707,7.098790895692233,-0.03693061624052607
2020-07-16,196.84,196.89,192.9901,195.8,321561,0.0,193.72600000000008,,67.27795937120104,6.9362520430377685,7.066283125161341,-0.13003108212357262
2020-07-17,197.22,200.27,196.765,198.94,484333,0.0,195.08600000000007,,70.07998655224205,7.009279754758637,7.0548824510808,-0.04560269632216318
2020-07-20,199.43,203.59,198.65,203.01,324212,0.0,198.0620000000001,,73.27451660433405,7.311289731123907,7.106163907089422,0.20512582403448487
2020-07-21,203.73,204.99,201.78,204.42,429046,0.0,199.9200000000001,,74.29831892743535,7.57706632535735,7.200344390743008,0.3767219346143422
2020-07-22,205.0,205.9,203.36,205.29,319515,0.0,201.4920000000001,,74.93631827088683,7.768349225963533,7.313945357787114,0.45440386817641887
2020-07-23,205.98,208.995,203.06,204.07,351152,0.0,203.1460000000001,,72.22866198929557,7.732364612752264,7.3976292087801445,0.3347354039721191
2020-07-24,199.83,200.17,199.83,200.155,3028,0.0,203.38900000000007,159.79200999999998,64.21068011587153,7.303745732170739,7.3788525134582645,-0.07510678128752524
