Date,Open,High,Low,Close,Volume,OpenInterest,5 day sma,200 day sma,rsi,macd,signal,histogram
2019-10-10,36.2,36.58,36.03,36.16,10241334,0.0,,,,,,
2019-10-11,36.99,37.71,36.82,37.28,10044996,0.0,,,,,,
2019-10-14,37.03,37.83,37.03,37.75,7656501,0.0,,,,,,
2019-10-15,38.97,40.23,38.27,39.74,11332429,0.0,,,,,,
2019-10-16,38.68,39.57,38.67,39.03,11757096,0.0,37.992000000000004,,,,,
2019-10-17,39.56,39.725,39.2,39.46,5691943,0.0,38.652,,,,,
2019-10-18,39.43,40.05,39.43,39.95,7057942,0.0,39.18600000000001,,,,,
2019-10-21,40.53,41.01,40.23,40.91,6152863,0.0,39.818000000000005,,,,,
2019-10-22,40.89,41.435,40.635,40.925,6411735,0.0,40.05500000000001,,,,,
2019-10-23,40.77,41.535,40.65,41.39,4670386,0.0,40.527,,,,,
2019-10-24,41.42,41.48,40.58,40.99,5695746,0.0,40.833000000000006,,,,,
2019-10-25,40.75,41.26,40.61,40.98,3409697,0.0,41.039,,,,,
2019-10-28,41.18,41.77,41.05,41.46,4653684,0.0,41.149,,,,,
2019-10-29,41.18,41.595,40.865,40.95,5125863,0.0,41.153999999999996,,,,,
2019-10-30,40.75,41.66,40.45,41.3,4486192,0.0,41.136,,80.59523809523807,,,
2019-10-31,40.24,40.73,40.17,40.72,4148851,0.0,41.082,,75.01704739174906,,,
2019-11-01,41.21,42.02,41.19,41.79,5419456,0.0,41.244,,78.0370976666974,,,
2019-11-04,42.26,43.315,42.1,43.25,7425270,0.0,41.602,,81.34996355377777,,,
2019-11-05,43.25,43.695,42.67,43.43,8163205,0.0,42.098,,81.71613664323694,,,
2019-11-06,43.28,43.56,42.97,43.08,4206833,0.0,42.45399999999999,,78.48915413863311,,,
2019-11-07,43.53,43.85,43.29,43.5,4823501,0.0,43.01,,79.53362342816804,,,
2019-11-08,43.47,43.7759,43.34,43.54,3706013,0.0,43.36,,79.63504190686113,,,
2019-11-11,43.11,43.54,43.06,43.23,3051738,0.0,43.355999999999995,,76.47227960652008,,,
2019-11-12,43.34,43.9,43.12,43.48,3416551,0.0,43.366,,77.25675228099458,,,
2019-11-13,43.01,43.01,42.405,42.8,3905940,0.0,43.31,,70.38263295172487,,,
2019-11-14,42.7,43.41,42.44,43.4,4737063,0.0,43.29,,72.691532161073,1.4965099761353997,,
2019-11-15,43.78,44.44,43.63,44.35,6000784,0.0,43.452000000000005,,75.89566634908486,1.5197227740212114,,
2019-11-18,44.27,44.35,43.555,44.17,5941190,0.0,43.64,,74.12111373241761,1.506231686620957,,
2019-11-19,44.43,44.775,44.21,44.41,4593480,0.0,43.82600000000001,,74.96173346595874,1.4976420120296368,,
2019-11-20,44.07,44.81,43.63,44.75,4855596,0.0,44.215999999999994,,76.14397039903812,1.5009675716856705,,
2019-11-21,50.02,50.97,47.5,48.03,36230245,0.0,45.142,,83.99510840424841,1.7481204452431314,,
2019-11-22,47.68,48.595,47.41,48.19,15199271,0.0,45.91,,84.26711143016112,1.9346006687397903,,
2019-11-25,47.7,49.49,47.39,49.3,33297632,0.0,46.93599999999999,,86.03968364676858,2.1472036852258967,,
2019-11-26,49.05,49.79,48.66,49.21,14520407,0.0,47.89599999999999,,85.20148520243372,2.2821239552907855,1.737013641665831,0.5451103136249544
2019-11-27,49.59,50.05,49.19,49.85,10634472,0.0,48.91599999999998,,86.22888460965929,2.412877740039171,1.872186461340499,0.5406912786986722
2019-11-29,49.55,50.02,49.34,49.54,4277169,0.0,49.21799999999999,,83.21525060019906,2.463093637035314,1.9903678964794622,0.4727257405558518
2019-12-02,49.96,50.33,49.57,49.57,9581969,0.0,49.49399999999999,,83.27616470496093,2.4767602955133725,2.0876463762862443,0.38911391922712824
2019-12-03,49.02,49.1,48.32,48.65,9170411,0.0,49.36399999999999,,74.36338062791073,2.385852289528792,2.147287558934754,0.23856473059403793
2019-12-04,48.64,49.39,48.64,49.03,6095050,0.0,49.32799999999998,,75.52840599417108,2.317752258748527,2.1813804988975085,0.13637175985101857
2019-12-05,49.27,49.3,48.5,48.72,7818359,0.0,49.10199999999998,,72.62875321939579,2.2132550578950543,2.187755410697018,0.025499647198036435
2019-12-06,49.57,49.97,48.92,48.95,11827927,0.0,48.98399999999999,,73.44338112452967,2.124509330070879,2.17510619457179,-0.05059686450091139
2019-12-09,48.9,49.05,48.63,48.93,6050152,0.0,48.85599999999998,,73.2392564655695,2.029172827301842,2.1459195211178006,-0.11674669381595848
2019-12-10,48.81,49.24,48.67,49.16,5221386,0.0,48.957999999999984,,74.1297404628235,1.9497020877842033,2.1066760344510813,-0.15697394666687803
2019-12-11,48.93,49.61,48.91,49.6,9732222,0.0,49.07199999999999,,75.78948588335764,1.9003195757657139,2.065404742714008,-0.16508516694829423
2019-12-12,49.84,51.645,49.66,51.08,15717548,0.0,49.54399999999999,,80.35497235245657,1.9580361879932227,2.0439310317698514,-0.0858948437766287
2019-12-13,51.15,51.36,49.81,49.98,14026799,0.0,49.749999999999986,,69.81694033914188,1.893192665516267,2.0137833585191345,-0.12059069300286751
2019-12-16,50.5,50.52,49.68,49.72,8505484,0.0,49.90799999999998,,67.56160029153384,1.800073750008508,1.9710414368170093,-0.17096768680850127
2019-12-17,49.56,49.705,49.44,49.46,7474173,0.0,49.967999999999975,,65.2902494076909,1.6858629330151444,1.9140057360566363,-0.22814280304149182
2019-12-18,49.65,49.65,48.55,48.66,15747791,0.0,49.77999999999998,,58.745944636318164,1.513351746675447,1.8338749381803985,-0.32052319150495157
2019-12-19,48.66,48.875,47.96,48.2,7695452,0.0,49.203999999999986,,55.31279062131758,1.3242520793531725,1.7319503664149534,-0.4076982870617809
2019-12-20,48.29,48.4,47.9,48.15,10016841,0.0,48.83799999999998,,54.93697313918218,1.157017273566737,1.6169637478453103,-0.45994647427857327
2019-12-23,48.43,48.85,48.03,48.65,4175408,0.0,48.62399999999998,,58.009443634207706,1.0526935109298847,1.5041097004622253,-0.45141618953234053
2019-12-24,48.81,48.81,48.34,48.68,1476215,0.0,48.467999999999975,,58.19362504972697,0.9613550244089382,1.395558765251568,-0.4342037408426298
2019-12-26,48.76,48.92,48.51,48.59,2964210,0.0,48.45399999999998,,57.38048688627715,0.8716584321271768,1.2907786986266898,-0.41912026649951306
2019-12-27,48.55,48.7,48.265,48.35,2904745,0.0,48.48399999999998,,55.16678064582718,0.7723045956428649,1.1870838780299249,-0.41477928238705997
2019-12-30,48.5,48.63,47.74,47.84,4417300,0.0,48.421999999999976,,50.69136511175719,0.644978318105089,1.0786627660449577,-0.4336844479398687
2019-12-31,47.83,47.94,47.385,47.55,7223462,0.0,48.20199999999997,,48.292278506065735,0.514737179656926,0.9658776487673514,-0.4511404691104254
2020-01-02,47.76,48.38,47.55,48.24,4772736,0.0,48.11399999999996,,53.8846179728663,0.46187318594788707,0.8650767562034586,-0.4032035702555715
2020-01-03,47.44,47.6,46.9,46.99,5507465,0.0,47.79399999999997,,44.495945828770914,0.3154769152533632,0.7551567880134396,-0.43967987276007636
2020-01-06,46.65,47.39,46.59,47.35,5203506,0.0,47.593999999999966,,47.34161290536051,0.22590175256957679,0.6493057809246671,-0.4234040283550903
2020-01-07,47.34,48.01,47.3,47.63,7936532,0.0,47.55199999999997,,49.509847547302904,0.17548358519545104,0.5545413417788239,-0.3790577565833728
2020-01-08,47.47,48.0,47.385,47.91,9263151,0.0,47.62399999999997,,51.65366105031621,0.15631854141007295,0.4748967817050737,-0.31857824029500076
2020-01-09,48.5,48.54,47.89,48.12,7871880,0.0,47.599999999999966,,53.2567055732347,0.15627392258779338,0.4111722098816177,-0.2548982872938243
2020-01-10,48.13,48.14,47.62,47.81,6135053,0.0,47.76399999999997,,50.59000766775014,0.12972872068900188,0.35488351204309454,-0.22515479135409266
2020-01-13,48.17,48.25,47.775,48.03,7142077,0.0,47.89999999999996,,52.41117630420684,0.1250026654043097,0.30890734271533754,-0.18390467731102783
2020-01-14,48.07,48.12,47.54,47.68,7049717,0.0,47.909999999999954,,49.29806063433509,0.09195515581768632,0.2655169053358073,-0.17356174951812098
2020-01-15,47.31,47.65,46.93,47.12,6070886,0.0,47.75199999999996,,44.720991807327515,0.02034294567639705,0.21648211340392526,-0.1961391677275282
2020-01-16,46.99,49.07,46.98,49.03,11929477,0.0,47.933999999999955,,58.77857429391473,0.1163693571534381,0.19645956215382784,-0.08009020500038974
2020-01-17,49.1,49.26,48.15,48.32,9382787,0.0,48.03599999999996,,53.34763175704275,0.13363940196133228,0.18389553011532875,-0.050256128153996465
2020-01-21,48.04,48.88,47.82,48.44,12708597,0.0,48.11799999999995,,54.11923560607699,0.15521975727280335,0.17816037554682368,-0.02294061827402033
2020-01-22,48.15,49.03,47.86,48.93,11292272,0.0,48.36799999999995,,57.229948844448515,0.20944687602369783,0.18441767564219852,0.025029200381499306
2020-01-23,48.4,48.66,47.955,48.43,12471517,0.0,48.62999999999995,,53.261665424672884,0.2096596115006264,0.18946606281388412,0.02019354868674228
2020-01-24,48.39,48.52,47.0,47.15,19842289,0.0,48.25399999999995,,44.71400030798695,0.10532873916486807,0.17263859808408094,-0.06730985891921287
2020-01-27,46.0,46.36,45.595,45.76,7896862,0.0,47.74199999999995,,37.648129748524624,-0.08849549117414313,0.12041178023243612,-0.20890727140657925
2020-01-28,46.14,46.585,45.81,46.3,5437544,0.0,47.31399999999995,,41.514755212662784,-0.19626666319275188,0.057076091547398525,-0.2533427547401504
2020-01-29,46.58,46.715,45.89,45.94,4294540,0.0,46.71599999999995,,39.745213203510694,-0.30718405821367156,-0.015775938404815497,-0.29140811980885606
2020-01-30,45.4,47.33,45.39,47.19,9292373,0.0,46.46799999999995,,48.028716244042855,-0.2908693784356089,-0.07079462641097418,-0.22007475202463472
2020-01-31,46.63,46.83,45.47,45.53,7771159,0.0,46.143999999999956,,40.13732363764331,-0.4071941235845813,-0.13807452584569563,-0.26911959773888566
2020-02-03,45.78,46.91,45.58,45.68,7560008,0.0,46.12799999999995,,41.07940337357193,-0.4817255435892207,-0.20680472939440064,-0.27492081419482006
2020-02-04,46.66,47.98,46.5,47.11,8837322,0.0,46.28999999999995,,49.2750402125419,-0.4205552824123515,-0.24955483999799083,-0.1710004424143607
2020-02-05,47.84,48.35,47.49,48.28,8244623,0.0,46.75799999999996,,54.81315663710359,-0.2745038779870299,-0.25454464759579865,-0.019959230391231264
2020-02-06,48.64,48.78,47.32,47.84,7321581,0.0,46.887999999999955,,52.492099602650704,-0.19204760525509812,-0.24204523912765857,0.049997633872560454
2020-02-07,47.1,47.585,46.92,47.31,4624112,0.0,47.24399999999996,,49.75885049870196,-0.16753573795508458,-0.22714333889314378,0.059607600938059196
2020-02-10,46.89,47.1995,46.49,46.77,4908592,0.0,47.461999999999954,,47.06961702436149,-0.1894989674157017,-0.21961446459765538,0.030115497181953665
2020-02-11,47.03,47.97,46.86,47.67,5439056,0.0,47.573999999999955,,51.75007396787726,-0.13275222163794353,-0.20224201600571304,0.0694897943677695
2020-02-12,48.1,48.345,47.59,47.77,4408533,0.0,47.47199999999995,,52.25525952860808,-0.07880246672216629,-0.1775541061490037,0.0987516394268374
2020-02-13,47.39,47.6,47.15,47.3,4887845,0.0,47.36399999999995,,49.62535234284743,-0.07312898390528488,-0.15666908170025992,0.08354009779497504
2020-02-14,47.12,47.315,46.68,47.24,4746109,0.0,47.349999999999945,,49.28434987616076,-0.07263689356265957,-0.13986264407273985,0.06722575051008028
2020-02-18,47.03,47.31,46.2,46.71,5726294,0.0,47.33799999999994,,46.26041297133985,-0.11370278410831958,-0.1346306720798558,0.02092788797153622
2020-02-19,46.99,47.845,46.83,47.41,5457612,0.0,47.28599999999993,,50.5738853306631,-0.08874070081380125,-0.1254526778266449,0.03671197701284365
2020-02-20,47.34,49.55,47.3,48.57,14463899,0.0,47.44599999999993,,56.7667951764815,0.024363389525944967,-0.09548946435612693,0.1198528538820719
2020-02-21,48.09,48.43,45.93,46.2,12189545,0.0,47.22599999999993,,44.49906508798076,-0.07635976920532528,-0.09166352532596661,0.015303756120641332
2020-02-24,44.48,44.56,43.48,43.8,11380768,0.0,46.53799999999993,,36.01188734139486,-0.3458567195594,-0.1425021641726533,-0.2033545553867467
2020-02-25,43.99,44.01,41.38,41.62,13222907,0.0,45.51999999999993,,30.349562494884808,-0.7269628006680264,-0.25939429147172793,-0.4675685091962985
2020-02-26,42.01,42.4,41.22,41.41,13256135,0.0,44.31999999999993,,29.86245822338317,-1.034017846543243,-0.414319002486031,-0.619698844057212
2020-02-27,40.18,43.0,40.09,41.91,25580971,0.0,42.98799999999993,,32.63476155843979,-1.2229183201315976,-0.5760388660151443,-0.6468794541164533
2020-02-28,40.25,41.62,39.505,40.75,21497361,0.0,41.89799999999993,,29.701558596282666,-1.4495164880981903,-0.7507343904317536,-0.6987820976664367
2020-03-02,40.9,42.05,39.57,41.98,15956049,0.0,41.533999999999935,,36.245020619174895,-1.5124123007432573,-0.9030699724940545,-0.6093423282492028
2020-03-03,41.62,41.95,37.95,38.29,24832807,0.0,40.86799999999993,,27.865270160112843,-1.8388131533769325,-1.09021860867063,-0.7485945447063025
2020-03-04,38.45,38.54,36.74,37.16,23075685,0.0,40.01799999999993,,25.89116160349289,-2.1637276316127014,-1.3049204132590444,-0.858807218353657
2020-03-05,35.9,35.9,34.45,34.8,34147115,0.0,38.59599999999993,,22.332664918613773,-2.581894500525472,-1.5603152307123298,-1.021579269813142
2020-03-06,33.05,35.06,32.64,34.13,53809344,0.0,37.27199999999993,,21.432075691448162,-2.9335421100665258,-1.8349606065831692,-1.0985815034833566
2020-03-09,30.86,31.87,30.185,30.26,44928766,0.0,34.927999999999926,,17.134065299244796,-3.484336765860043,-2.164835838438544,-1.3195009274214988
2020-03-10,31.88,32.94,30.0,32.94,36967628,0.0,33.85799999999993,,27.915004890206006,-3.662374325061691,-2.4643435357631738,-1.1980307892985174
2020-03-11,31.9,33.89,31.25,32.43,50381372,0.0,32.911999999999935,,27.19005054136629,-3.80080974238421,-2.731636777087381,-1.0691729652968291
2020-03-12,29.96,30.31,28.11,28.435,59136762,0.0,31.638999999999932,,22.30373195685327,-4.184645926982945,-3.022238607066494,-1.162407319916451
2020-03-13,30.38,33.9,30.04,33.87,47265816,0.0,31.586999999999932,,38.49702975679344,-4.004122756204374,-3.21861543689407,-0.7855073193103044
2020-03-16,28.59,32.66,28.0,30.58,39209482,0.0,31.650999999999932,,33.892177983967244,-4.079506337432505,-3.390793617001757,-0.6887127204307482
2020-03-17,31.39,33.73,28.92,33.68,39809772,0.0,31.798999999999932,,41.0476756525185,-3.8447839997915025,-3.4815916935597064,-0.3631923062317961
2020-03-18,31.09,34.08,30.36,32.42,39712566,0.0,31.796999999999933,,39.190874143197554,-3.717582350644946,-3.5287898249767546,-0.1887925256681915
2020-03-19,31.45,32.95,30.03,31.81,30612484,0.0,32.47199999999994,,38.28788554470087,-3.6242182967478414,-3.547875519330972,-0.07634277741686946
2020-03-20,32.5,32.9365,30.03,30.75,28530982,0.0,31.847999999999935,,36.70523148082577,-3.5943265930193604,-3.5571657340686498,-0.03716085895071064
2020-03-23,30.82,30.82,28.01,28.46,36338484,0.0,31.423999999999932,,33.484985614777926,-3.7126242428842957,-3.588257435831779,-0.12436680705251657
2020-03-24,30.26,31.53,29.24,30.72,32244712,0.0,30.83199999999993,,39.15809918782997,-3.5827135783296526,-3.587148664331354,0.004435086001701283
2020-03-25,31.12,36.87,30.44,34.24,40918896,0.0,31.195999999999934,,46.77282259464616,-3.1593053530708346,-3.5015800020792502,0.34227464900841564
2020-03-26,34.17,36.3,32.97,34.14,28987990,0.0,31.66199999999993,,46.59440930972837,-2.7995489902262207,-3.3611737997086446,0.5616248094824239
2020-03-27,32.56,34.87,32.13,33.64,21301606,0.0,32.23999999999993,,45.65664797667757,-2.5256709396758623,-3.1940732277020887,0.6684022880262264
2020-03-30,33.19,34.57,32.69,34.32,17609500,0.0,33.41199999999993,,47.21265628418975,-2.22806653038797,-3.0008718882392653,0.7728053578512952
2020-03-31,33.89,34.81,33.0,33.61,17523590,0.0,33.989999999999924,,45.74001848594139,-2.0261477877221026,-2.805927068135833,0.7797792804137305
2020-04-01,31.83,33.55,31.59,32.96,19938868,0.0,33.733999999999924,,44.37537491200342,-1.8967111911864762,-2.624083892745962,0.727372701559486
2020-04-02,32.42,34.55,32.32,34.39,25285854,0.0,33.78399999999992,,48.04765200185189,-1.6596117358815121,-2.4311894613730725,0.7715777254915603
2020-04-03,34.08,34.97,33.01,33.6,11878734,0.0,33.77599999999992,,46.23178214865524,-1.5179570431396527,-2.2485429777263883,0.7305859345867356
2020-04-06,35.36,36.42,34.51,36.01,18170508,0.0,34.11399999999992,,52.17038240287827,-1.1974246537477242,-2.0383193129306556,0.8408946591829314
2020-04-07,37.8,37.8,34.73,34.82,21722432,0.0,34.355999999999916,,49.276298421849624,-1.0275781987683175,-1.836171090098188,0.8085928913298706
2020-04-08,35.45,36.76,34.63,36.46,14121158,0.0,35.05599999999991,,53.134803873606735,-0.75197111069307,-1.6193310942171646,0.8673599835240946
2020-04-09,37.21,37.945,36.11,36.48,21892046,0.0,35.47399999999991,,53.18157693454934,-0.5258747184894688,-1.4006398190716254,0.8747651005821566
2020-04-13,36.4,36.62,34.49,34.85,16702716,0.0,35.72399999999991,,48.89825237742153,-0.4727692862104149,-1.2150657124993833,0.7422964262889684
2020-04-14,35.64,36.36,34.61,36.19,20445132,0.0,35.75999999999991,,52.29954627329683,-0.3188801949808351,-1.0358286089956739,0.7169484140148388
2020-04-15,34.53,34.97,33.7,34.69,21462578,0.0,35.73399999999991,,48.41484111794719,-0.3143359759835249,-0.8915300823932442,0.5771941064097192
2020-04-16,34.12,35.04,33.665,34.62,19808986,0.0,35.365999999999914,,48.234783318967,-0.31277755966388554,-0.7757795778473725,0.46300201818348696
2020-04-17,36.2,37.045,35.36,35.77,24153878,0.0,35.22399999999992,,51.43059163857722,-0.21625426984462592,-0.6638745162468231,0.4476202464021972
2020-04-20,35.13,36.84,35.11,36.54,18890008,0.0,35.56199999999991,,53.500579485189775,-0.07674167218173267,-0.5464479474338051,0.4697062752520724
2020-04-21,35.54,36.17,35.19,35.94,18059958,0.0,35.511999999999915,,51.653235703301355,-0.014425629315574895,-0.44004348381015906,0.42561785449458417
2020-04-22,36.47,36.55,35.66,35.94,14189662,0.0,35.761999999999915,,51.653235703301355,0.03456187582817449,-0.3451224118824924,0.37968428771066687
2020-04-23,36.18,36.49,35.33,35.61,16339816,0.0,35.95999999999991,,50.540076733375905,0.04622374594560341,-0.2668531803168733,0.3130769262624767
2020-04-24,36.13,36.33,34.455,35.39,14028764,0.0,35.88399999999991,,49.770023186627206,0.03728391488722593,-0.20602576127605346,0.2433096761632794
2020-04-27,35.92,37.07,35.65,36.83,20567316,0.0,35.94199999999991,,54.641576652162534,0.14472668069747385,-0.135875272881348,0.2806019535788219
2020-04-28,37.66,37.94,36.925,37.06,13746644,0.0,36.16599999999991,,55.38584103029251,0.24560375726451156,-0.059579466852176105,0.30518322411668763
2020-04-29,38.12,39.085,37.81,38.8,14636478,0.0,36.73799999999991,,60.646698670135976,0.4606430194493427,0.04446503040812766,0.41617798904121506
2020-04-30,38.0,38.6,37.547,37.72,13765239,0.0,37.15999999999991,,56.21570914350731,0.5377177346146738,0.14311557124943688,0.3946021633652369
2020-05-01,36.7,36.95,36.28,36.45,14668290,0.0,37.371999999999915,,51.454858112051255,0.4906655287229569,0.2126255627441409,0.278039965978816
2020-05-04,36.07,36.25,35.19,35.62,12282504,0.0,37.12999999999992,,48.56039408601986,0.3819988086799029,0.2465002119312933,0.1354985967486096
2020-05-05,36.25,36.25,34.86,34.9,13138572,0.0,36.697999999999915,,46.13590675327981,0.23507190484355078,0.2442145505137448,-0.009142645670194016
2020-05-06,35.33,35.48,34.54,34.56,10311722,0.0,35.84999999999992,,44.993505549108235,0.09015684451770767,0.2134030093145374,-0.12324616479682973
2020-05-07,34.695,36.27,34.61,35.17,20505262,0.0,35.339999999999925,,47.50500502241194,0.02425294432488556,0.17557299631660703,-0.15132005199172147
2020-05-08,35.88,36.66,35.81,36.51,15379610,0.0,35.35199999999992,,52.62243071457478,0.07923703455188758,0.15630580396366314,-0.07706876941177557
2020-05-11,35.93,36.36,35.795,35.85,16320178,0.0,35.39799999999992,,50.03521161802521,0.06876317892287176,0.1387972789555049,-0.07003410003263313
2020-05-12,36.01,36.01,33.97,34.32,19536772,0.0,35.28199999999991,,44.56517652062041,-0.06227774134399766,0.09858227489560438,-0.16086001623960205
2020-05-13,34.04,34.15,32.62,33.17,18613836,0.0,35.00399999999992,,40.942114768761336,-0.2559733029052822,0.027671159335427062,-0.28364446224070927
2020-05-14,32.23,33.5,31.89,33.41,18904598,0.0,34.651999999999916,,42.00183791749709,-0.3856667109330161,-0.054996414718261576,-0.3306702962147545
2020-05-15,32.87,33.24,32.44,32.55,12488672,0.0,33.85999999999992,,39.28178333774353,-0.5514872817703207,-0.15429458812867342,-0.3971926936416473
2020-05-18,33.86,34.59,33.04,34.21,28914998,0.0,33.531999999999925,,46.485770362862176,-0.5426972756540138,-0.2319751256337415,-0.3107221500202723
2020-05-19,34.0,34.3,32.97,32.97,12502254,0.0,33.26199999999993,,42.43552124588671,-0.6285433133047249,-0.3112887631679382,-0.3172545501367867
2020-05-20,33.0,33.94,32.78,33.68,16487844,0.0,33.36399999999993,,45.37053408310846,-0.6320005415119283,-0.3754311188367362,-0.2565694226751921
2020-05-21,33.24,33.6639,32.9,33.23,13999524,0.0,33.32799999999993,,43.84468618744318,-0.6634043466142927,-0.43302576439224755,-0.23037858222204516
2020-05-22,33.09,33.23,32.435,32.83,13972236,0.0,33.38399999999992,,42.47719254037367,-0.7123571358356529,-0.4888920386809286,-0.22346509715472423
2020-05-26,34.2,34.96,34.025,34.49,26732956,0.0,33.43999999999993,,49.514518026400914,-0.6101707782645036,-0.5131477865976437,-0.0970229916668599
2020-05-27,36.2,37.09,35.81,37.09,24752654,0.0,34.263999999999925,,58.150434954304224,-0.3157493211558915,-0.4736680935092933,0.1579187723534018
2020-05-28,37.56,37.63,35.91,36.04,14242552,0.0,34.73599999999992,,54.12389833280497,-0.1652396402741516,-0.41198240286226495,0.24674276258811334
2020-05-29,35.42,36.07,35.22,35.89,18369284,0.0,35.26799999999992,,53.55340260193558,-0.05740168926681122,-0.3410662601431742,0.283664570876363
2020-06-01,36.04,36.63,35.94,36.51,13244048,0.0,36.00399999999992,,55.63496425599821,0.07719957365081598,-0.2574130933843762,0.33461266703519216
2020-06-02,37.0,37.525,36.76,37.14,10303750,0.0,36.533999999999914,,57.709002895672086,0.23203304660734858,-0.15952386538603122,0.39155691199337983
2020-06-03,38.3,39.65,38.1,39.515,17715598,0.0,37.018999999999906,,64.45521050059858,0.5401557613555426,-0.019587940037716467,0.559743701393259
2020-06-04,40.02,41.715,39.15,41.69,43591838,0.0,38.14899999999991,,69.28706096680068,0.9489110989918146,0.17411186776818977,0.7747992312236248
2020-06-05,44.71,45.86,42.71,42.8,36154676,0.0,39.53099999999991,,71.42214772317988,1.3468942142453955,0.4086683370636309,0.9382258771817645
2020-06-08,43.01,43.27,41.32,41.82,22144938,0.0,40.59299999999992,,66.99404076456914,1.565178487287426,0.6399703671083901,0.9252081201790359
2020-06-09,40.65,41.09,40.09,40.18,21245464,0.0,41.20099999999992,,60.26082229347864,1.587535926425339,0.8294834789717799,0.7580524474535592
2020-06-10,39.65,39.95,38.04,38.15,21425034,0.0,40.92799999999992,,53.14123167364243,1.4250235391239912,0.9485914910022222,0.476432048121769
2020-06-11,36.54,37.57,36.08,36.18,20494200,0.0,39.82599999999992,,47.30081940674319,1.124308437516106,0.983734880304999,0.1405735572111071
2020-06-12,37.65,37.7,36.02,36.025,7676556,0.0,38.470999999999925,,46.86439895417487,0.8635281335496359,0.9596935309539264,-0.09616539740429053
2020-06-15,35.35,37.15,35.16,36.66,18349200,0.0,37.43899999999992,,48.94275761857286,0.7000275747890115,0.9077603397209435,-0.20773276493193205
2020-06-16,37.87,38.0,36.42,36.92,22792547,0.0,36.78699999999992,,49.80842299220406,0.5846920649362275,0.8431466847640003,-0.25845461982777285
2020-06-17,37.04,37.21,36.44,36.66,20796750,0.0,36.48899999999992,,48.915278134416724,0.4669255878158296,0.7679024653743662,-0.30097687755853664
2020-06-18,36.3,37.07,36.01,36.87,17782460,0.0,36.62699999999992,,49.69982561385145,0.3860894523190339,0.6915398627632998,-0.3054504104442659
2020-06-19,37.66,37.66,35.76,36.68,21112525,0.0,36.75799999999992,,48.967083046410686,0.30319972277232665,0.6138718347651052,-0.31067211199277855
2020-06-22,36.41,36.765,36.17,36.43,6816420,0.0,36.71199999999992,,47.9650262576969,0.21485933953461966,0.5340693357190082,-0.3192099961843885
2020-06-23,36.82,37.07,35.88,35.88,8233029,0.0,36.50399999999992,,45.74704188652026,0.09932360520839012,0.4471201896168846,-0.3477965844084945
2020-06-24,35.5,35.54,33.6662,33.8,13168538,0.0,35.93199999999992,,38.49692280103055,-0.1582536636250751,0.3260454189684927,-0.4842990825935678
2020-06-25,33.58,34.23,33.28,34.05,13754650,0.0,35.36799999999992,,39.733216047871224,-0.3383127356327762,0.19317378804823893,-0.5314865236810151
2020-06-26,33.62,33.75,31.63,31.75,16636266,0.0,34.38199999999991,,33.134270109171965,-0.6590050258310356,0.022738025272384027,-0.6817430511034196
2020-06-29,32.1,32.78,31.93,32.77,11398675,0.0,33.64999999999991,,38.048229816275786,-0.82138211899683,-0.1460860035814588,-0.6752961154153712
2020-06-30,32.6,33.985,32.53,33.73,14424141,0.0,33.219999999999914,,42.34296188127473,-0.8626589627136596,-0.289400595407899,-0.5732583673057606
2020-07-01,33.68,34.115,32.81,33.02,29710558,0.0,33.06399999999992,,40.12734541608201,-0.9418056754523292,-0.41988161141678504,-0.5219240640355441
2020-07-02,33.8,34.19,33.28,33.38,7198603,0.0,32.929999999999914,,41.790512798526635,-0.964364431296552,-0.5287781753927385,-0.4355862559038135
2020-07-06,34.1,34.89,34.01,34.21,11781995,0.0,33.42199999999992,,45.54625256740168,-0.9048379359460696,-0.6039901275034048,-0.3008478084426649
2020-07-07,33.8,34.18,33.53,33.9,6144078,0.0,33.64799999999992,,44.39413809277401,-0.8726181696635393,-0.6577157359354318,-0.21490243372810758
2020-07-08,34.02,34.53,33.76,34.44,6298648,0.0,33.78999999999992,,46.91324119441625,-0.7943534733491546,-0.6850432834181763,-0.1093101899309783
2020-07-09,34.31,34.46,33.42,33.87,7449218,0.0,33.959999999999916,,44.615621766926225,-0.7694526033210849,-0.701925147398758,-0.0675274559223269
2020-07-10,33.81,34.905,33.81,34.8,5598957,0.0,34.243999999999915,,49.004069707859784,-0.6669866498424355,-0.6949374478874935,0.027950798045057956
2020-07-13,35.21,35.435,34.31,34.43,7859808,0.0,34.28799999999991,,47.39505448835968,-0.6086217387142412,-0.6776743060528431,0.06905256733860188
2020-07-14,34.28,34.88,33.97,34.54,7177585,0.0,34.41599999999991,,47.942308000090456,-0.5471834551954018,-0.6515761358813549,0.10439268068595309
2020-07-15,35.11,35.81,34.79,35.67,9059727,0.0,34.66199999999991,,53.31519795186528,-0.40266988884651056,-0.6017948864743861,0.1991249976278755
2020-07-16,34.89,36.08,34.45,34.94,10804196,0.0,34.875999999999905,,49.74339448870236,-0.34309179681992674,-0.5500542685434942,0.2069624717235674
2020-07-17,34.92,35.09,33.43,33.43,10265110,0.0,34.601999999999904,,43.283859212538474,-0.4129597669208067,-0.5226353682189567,0.10967560129815002
2020-07-20,33.42,33.94,33.04,33.84,8601459,0.0,34.48399999999991,,45.35867098192771,-0.4302869826189806,-0.5041656910989616,0.07387870847998101
2020-07-21,34.05,35.36,34.02,35.23,10506241,0.0,34.62199999999991,,51.7968503808751,-0.32807569027288963,-0.4689476909337472,0.1408720006608576
2020-07-22,35.05,35.17,34.47,34.85,6857323,0.0,34.4579999999999,,50.06029474369414,-0.274570253930257,-0.4300722035330492,0.15550194960279218
2020-07-23,34.8,35.85,34.51,35.21,6942797,0.0,34.5119999999999,,51.711983836281384,-0.20080308581074746,-0.3842183799885889,0.18341529417784141
2020-07-24,35.275,35.33,34.72,34.93,5233925,0.0,34.811999999999905,,50.318036938981955,-0.16305612405545133,-0.3399859288019614,0.17692980474651004
2020-07-27,34.55,34.68,33.65,33.84,10140706,0.0,34.811999999999905,40.23040000000001,45.20906300923098,-0.21857567112403586,-0.3157038772663763,0.09712820614234041
