Date,Open,High,Low,Close,Volume,OpenInterest,5 day sma,200 day sma,rsi,macd,signal,histogram
2019-10-08,322.5,325.69,310.8,311.05,1924242,0.0,,,,,,
2019-10-09,313.5,316.71,311.67,313.99,1411136,0.0,,,,,,
2019-10-10,314.47,329.29,311.01,324.46,2137062,0.0,,,,,,
2019-10-11,330.87,337.33,324.46,329.29,2209881,0.0,,,,,,
2019-10-14,330.14,346.03,330.11,343.95,2028291,0.0,324.548,,,,,
2019-10-15,347.1,349.44,343.7,346.08,1995783,0.0,331.554,,,,,
2019-10-16,342.01,343.65,322.24,323.64,2437177,0.0,333.484,,,,,
2019-10-17,326.5,333.9199,324.0,331.62,1652745,0.0,334.916,,,,,
2019-10-18,332.0,335.0,312.13,314.14,2398332,0.0,331.88599999999997,,,,,
2019-10-21,317.0,326.56,311.61,319.71,1744826,0.0,327.03799999999995,,,,,
2019-10-22,323.5,326.8,295.3,299.59,3023321,0.0,317.73999999999995,,,,,
2019-10-23,298.21,309.7722,291.06,297.14,2242777,0.0,312.43999999999994,,,,,
2019-10-24,301.96,324.24,301.03,323.2,2972978,0.0,310.756,,,,,
2019-10-25,316.72,321.36,309.1201,317.59,2109471,0.0,311.4459999999999,,,,,
2019-10-28,322.49,329.18,312.82,324.92,2787913,0.0,312.48799999999994,,54.621176784167396,,,
2019-10-29,306.0,321.88,298.64,312.6,4906524,0.0,315.0899999999999,,50.18437498528297,,,
2019-10-30,313.32,319.9399,308.46,319.12,1999746,0.0,319.486,,52.38853001472544,,,
2019-10-31,313.25,315.5,308.74,313.6,1193448,0.0,317.5659999999999,,50.3570479970252,,,
2019-11-01,316.25,322.08,312.87,316.75,1542277,0.0,317.39799999999997,,51.51252809651762,,,
2019-11-04,318.38,321.0,303.77,307.75,2571117,0.0,313.96399999999994,,48.06986582348732,,,
2019-11-05,308.09,309.05,294.4617,295.5,2740638,0.0,310.544,,43.78097269360472,,,
2019-11-06,296.92,300.6999,291.51,295.005,1607902,0.0,305.721,,43.611644773295566,,,
2019-11-07,295.55,297.49,282.44,285.75,2387208,0.0,300.151,,40.460756025972806,,,
2019-11-08,282.08,298.81,282.08,297.73,2392594,0.0,296.34700000000004,,45.9085913695114,,,
2019-11-11,296.04,305.1998,293.46,303.55,1716908,0.0,295.507,,48.37970105263299,,,
2019-11-12,301.82,310.7485,301.82,305.56,1632267,0.0,297.519,,49.242133029039216,-9.077038114136087,,
2019-11-13,305.0,314.84,302.64,314.44,1932223,0.0,301.40600000000006,,52.97971865009646,-7.673958833810957,,
2019-11-14,314.32,319.89,309.355,312.44,1602609,0.0,306.744,,52.050086876079675,-6.646771832601132,,
2019-11-15,314.93,315.31,309.7,312.41,1002326,0.0,309.68000000000006,,52.03533743276706,-5.768642166894267,,
2019-11-18,312.73,325.83,310.35,323.01,1694264,0.0,313.57200000000006,,56.70379383315687,-4.16932528160379,,
2019-11-19,323.23,325.7799,314.51,316.2799,1404813,0.0,315.71598000000006,,53.16558970838805,-3.4056596275259494,,
2019-11-20,314.38,325.1178,312.0,317.05,1628219,0.0,316.23798000000005,,53.522960875186584,-2.707102666325113,,
2019-11-21,317.5,321.98,314.2,316.09,1314982,0.0,316.96798,,52.980239206334915,-2.2055312275913934,,
2019-11-22,318.76,320.0,309.7334,314.6,1089670,0.0,317.40598000000006,,52.097257688279875,-1.906288291516944,-4.840035338000626,2.933747046483682
2019-11-25,315.09,318.74,312.32,317.07,1347194,0.0,316.21798,,53.481334875966226,-1.4530775775951952,-4.16264378591954,2.709566208324345
2019-11-26,317.94,337.17,317.08,336.1,2802047,0.0,320.1820000000001,,62.4768450559209,0.4366240082705417,-3.242790227081524,3.679414235352066
2019-11-27,337.51,342.65,330.08,341.22,2328778,0.0,325.0160000000001,,64.46769181180005,2.3206167150511874,-2.1301088386549822,4.450725553706169
2019-11-29,339.9,344.0,335.685,336.67,1136906,0.0,329.1320000000001,,61.352417566213376,3.407270639565297,-1.0226329430109264,4.429903582576223
2019-12-02,336.0,336.0,311.532,330.82,2919484,0.0,332.3760000000001,,57.5048372432225,3.7531417127366353,-0.06747801186141411,3.8206197245980493
2019-12-03,321.01,351.31,320.0,350.88,3176765,0.0,339.13800000000015,,65.49562993070846,5.581580397269818,1.0623336699648323,4.519246727304985
2019-12-04,350.0,376.9099,349.51,371.99,5492117,0.0,346.31600000000014,,71.5569649758869,8.634498678345437,2.5767666716409536,6.057732006704484
2019-12-05,371.03,376.5899,360.26,363.87,3185899,0.0,350.8460000000001,,66.70304797186971,10.280238087412215,4.117460954795206,6.162777132617009
2019-12-06,367.8,372.29,360.75,364.8,2124891,0.0,356.4720000000001,,66.97932071501683,11.526669384117952,5.599302640659755,5.9273667434581965
2019-12-09,365.18,381.11,364.0,369.79,3991487,0.0,364.26600000000013,,68.49003972968049,12.769922743256416,7.033426661179088,5.736496082077328
2019-12-10,373.51,373.97,364.5456,368.0,1455656,0.0,367.69000000000017,,67.30056943682439,13.45566343496597,8.317874015936464,5.137789419029506
2019-12-11,368.41,374.5,365.51,373.19,1764233,0.0,367.9300000000002,,68.9825878763815,14.253600860835661,9.505019384916304,4.748581475919357
2019-12-12,371.195,376.3,364.91,371.83,2083197,0.0,369.5220000000002,,67.99556463039937,14.607841284399285,10.5255837648129,4.082257519586385
2019-12-13,370.45,392.0,370.45,385.58,3185422,0.0,373.6780000000002,,72.30944443712221,15.815775048907483,11.583622021631816,4.2321530272756664
2019-12-16,389.74,396.67,383.0,393.37,2443524,0.0,378.39400000000023,,74.41363874416305,17.20334965017281,12.707567547340016,4.495782102832795
2019-12-17,393.0,397.0,380.63,387.96,2347575,0.0,382.38600000000025,,70.41193492457609,17.662864227800412,13.698626883432096,3.964237344368316
2019-12-18,391.02,404.8,390.535,396.95,2828718,0.0,387.1380000000002,,73.00941272488055,18.5387475666505,14.666651020075777,3.8720965465747224
2019-12-19,395.59,401.98,391.27,393.07,1905412,0.0,391.38600000000025,,70.14719728533747,18.70419750373651,15.474160316807925,3.230037186928584
2019-12-20,393.05,398.69599999999997,387.51,390.07,1583877,0.0,392.2840000000003,,67.92972829615415,18.38135403559886,16.055599060566113,2.3257549750327478
2019-12-23,392.87,398.71,388.03,389.13,1358918,0.0,391.4360000000003,,67.21277585857268,17.84395412141015,16.41327007273492,1.4306840486752286
2019-12-24,389.81,400.64,386.14,399.14,1485775,0.0,393.6720000000003,,70.75279597612199,18.018082916602395,16.734232641508417,1.2838502750939789
2019-12-26,402.76,416.6,402.4,408.75,2259507,0.0,396.03200000000027,,73.68976764708282,18.715784019199134,17.13054291704656,1.5852411021525725
2019-12-27,411.51,415.8,403.1101,408.39,1770888,0.0,399.09600000000034,,73.39244325131565,19.020412700501936,17.508516873737637,1.5118958267642988
2019-12-30,408.38,409.32,392.11,396.44,1767288,0.0,400.3700000000003,,64.14100589967197,18.0890487020867,17.624623239407452,0.4644254626792481
2019-12-31,394.96,403.9399,391.0101,397.62,1059354,0.0,402.0680000000003,,64.61532634651222,17.24733561270631,17.549165714067225,-0.3018301013609168
2020-01-02,403.99,408.21,398.36,407.81,1315955,0.0,403.8020000000003,,68.49130216702488,17.204200450226438,17.48017266129907,-0.2759722110726308
2020-01-03,401.6,408.4028,397.0,404.28,974576,0.0,402.90800000000036,,65.80229410506365,16.692750389021683,17.322688206843594,-0.6299378178219115
2020-01-06,398.59,413.5199,395.42,413.27,1620256,0.0,403.88400000000036,,69.12666793593483,16.818961875097443,17.221942940494365,-0.40298106539692213
2020-01-07,415.75,422.48,410.12,414.5,1444158,0.0,407.4960000000004,,69.56263139403096,16.82429609495631,17.142413571386754,-0.3181174764304444
2020-01-08,413.93,422.5447,411.86,418.1,1439962,0.0,411.5920000000004,,70.85964203688957,16.923924944190958,17.098715845947595,-0.17479090175663714
2020-01-09,423.1,431.71,421.79,430.25,1715502,0.0,416.0800000000004,,74.76762784602894,17.778347262603347,17.234642129278747,0.5437051333246004
2020-01-10,432.49,438.56,427.67,429.0,1738232,0.0,421.02400000000034,,73.67295435820816,18.14544911021875,17.416803525466747,0.7286455847520017
2020-01-13,434.99,446.745,433.75,440.35,1954923,0.0,426.44000000000034,,76.97006978778523,19.131691878461993,17.7597811960658,1.3719106823961944
2020-01-14,442.77,445.92,430.5001,441.22,1450141,0.0,431.7840000000004,,77.20571900291021,19.755765934738463,18.158978143800333,1.59678779093813
2020-01-15,441.92,453.0,441.22,448.6586,1582101,0.0,437.8957200000003,,79.16841206997934,20.612968503789943,18.649776215798255,1.9631922879916885
2020-01-16,452.74,453.78,446.64,451.3,1401084,0.0,442.10572000000036,,79.83247131167857,21.260370305710182,19.17189503378064,2.0884752719295427
2020-01-17,452.73,458.91,452.0,454.97,1767312,0.0,447.2997200000003,,80.75062958676148,21.818074050169457,19.701130837058404,2.1169432131110533
2020-01-21,454.99,472.86,454.09,465.45,4144717,0.0,452.3197200000003,,83.11466726543178,22.842393803803702,20.329383430407464,2.513010373396238
2020-01-22,470.0,476.7856,463.17,464.78,4528170,0.0,457.0317200000003,,82.41778882843512,23.33116405176446,20.929739554678864,2.4014244970855962
2020-01-23,464.77,473.0,460.0,469.28,4706881,0.0,461.1560000000003,,83.42310995079248,23.807195852283314,21.505230814199756,2.3019650380835586
2020-01-24,474.0,476.51,457.83,465.25,4184170,0.0,463.94600000000025,,79.06314862388858,23.587366683433117,21.92165798804643,1.6657086953866873
2020-01-27,447.62,459.8999,436.7401,451.3,2119680,0.0,463.2120000000003,,66.17118632680209,22.033513440790557,21.944029078595257,0.0894843621953001
2020-01-28,453.5,468.67,451.1,467.64,1480637,0.0,463.65000000000026,,71.9422987611068,21.868488667315205,21.92892099633925,-0.06043232902404583
2020-01-29,473.39,480.046,471.15,471.9,1692324,0.0,465.07400000000035,,73.22477161634964,21.82981126738639,21.90909905054868,-0.07928778316228957
2020-01-30,470.5,478.15,464.6601,476.85,1438948,0.0,466.5880000000003,,74.67338826096845,21.9456074780702,21.916400736052985,0.02920674201721596
2020-01-31,480.58,482.8697,463.02,465.66,2115776,0.0,466.67000000000024,,65.98259799194952,20.893589039397284,21.71183839672185,-0.8182493573245644
2020-02-03,468.25,474.88,457.25,469.38,1788581,0.0,470.28600000000023,,67.34330066001449,20.128006626882495,21.395072042753977,-1.2670654158714818
2020-02-04,476.39,487.68,471.791,485.46,1726298,0.0,473.85000000000025,,72.46958448634737,20.581547396258372,21.23236711345486,-0.6508197171964873
2020-02-05,493.5,495.0,467.9584,475.51,2045978,0.0,474.57200000000023,,65.60679178245148,19.908605863475827,20.967614863459055,-1.0590089999832273
2020-02-06,473.16,475.73,462.5,473.0,1618810,0.0,473.80200000000025,,63.961292619393085,18.954265849318915,20.56494506063103,-1.6106792113121138
2020-02-07,472.0,481.7295,466.78,478.78,1158483,0.0,476.4260000000002,,66.07162436841799,18.451643150485722,20.142284678601968,-1.6906415281162452
2020-02-10,479.11,491.6925,476.53,491.42,1798566,0.0,480.8340000000002,,70.18351779164279,18.855894390425703,19.885006620966717,-1.0291122305410134
2020-02-11,494.07,499.88,489.11,492.78,2595819,0.0,482.2980000000001,,70.59642778637892,19.066223488493506,19.721249994472075,-0.6550265059785687
2020-02-12,568.9,593.89,529.0,531.0,8946540,0.0,493.3960000000001,,79.28037733466644,22.062621232125025,20.189524242002665,1.8730969901223595
2020-02-13,533.01,554.78,530.707,532.79,4270441,0.0,505.3540000000001,,79.58448306838892,24.301592441726598,21.011937881947453,3.2896545597791444
2020-02-14,541.0,542.1999,523.33,530.81,2141866,0.0,515.76,,78.21694180071101,25.6208822219931,21.933726749956584,3.6871554720365154
2020-02-18,534.0,548.88,532.0,536.4,2468924,0.0,524.7560000000001,,79.29848878857158,26.808463876367227,22.908674175238716,3.899789701128512
2020-02-19,544.05,549.6845,538.64,543.18,1711157,0.0,534.836,,80.55927531658298,27.974250484479512,23.921789437086876,4.052461047392637
2020-02-20,542.69,547.185,507.4,535.39,2396976,0.0,535.714,,74.91388134218157,27.94739668189527,24.726910886048554,3.2204857958467166
2020-02-21,531.24,534.6,511.61,520.83,1872531,0.0,533.322,,65.65319507339683,26.446387045319113,25.07080611790267,1.3755809274164434
2020-02-24,482.0,504.045,476.0,491.16,3202205,0.0,525.392,,51.64327892201966,22.602161409308565,24.57707717618385,-1.9749157668752844
2020-02-25,500.0,502.43,456.46,466.46,3261625,0.0,511.404,,43.3498943663693,17.36235885791217,23.134133512529516,-5.771774654617346
2020-02-26,459.25,484.0,459.04,471.18,2456799,0.0,497.004,,45.16218508071444,13.435763025816243,21.194459415186863,-7.75869638937062
2020-02-27,452.28,467.9328,427.935,438.16,3587473,0.0,477.558,,36.391283006691744,7.572182097241807,18.470003951597853,-10.897821854356046
2020-02-28,420.5003,463.31,420.5003,463.1693,3370141,0.0,466.02586,,45.08956271191621,4.886959636424251,15.753395088563133,-10.866435452138882
2020-03-02,483.2,488.75,461.5964,488.75,3192439,0.0,465.54386000000005,,52.27794897417191,4.768086658445554,13.556333402539618,-8.788246744094064
2020-03-03,501.48,503.0,467.52,477.75,3048544,0.0,467.80186000000003,,49.28982427640558,3.743122511499905,11.593691224331677,-7.850568712831771
2020-03-04,489.0,514.0,486.0,512.95,2570797,0.0,476.15586000000013,,57.63478429475714,5.705408464616596,10.41603467238866,-4.710626207772064
2020-03-05,495.0,512.3746,491.25,498.38,3025126,0.0,488.19986000000017,,53.695911669897455,6.015513886977374,9.535930515306404,-3.5204166283290306
2020-03-06,480.0,491.2,459.1467,472.0877,5670066,0.0,489.9835400000002,,47.40050302772142,4.0925296579212045,8.447250343829364,-4.354720685908159
2020-03-09,436.6,446.0798,416.51,417.61,5549938,0.0,475.7555400000002,,37.57138090326105,-1.8065198623697256,6.396496302589546,-8.203016164959273
2020-03-10,445.0,450.5,420.63,450.17,5091648,0.0,470.2395400000002,,44.922542659510995,-3.8103162687244776,4.355133788326742,-8.16545005705122
2020-03-11,435.25,442.0,406.33,422.23,5517416,0.0,452.09554000000026,,40.51391746234631,-7.565651729330341,1.9709766847953254,-9.536628414125666
2020-03-12,371.0,403.57,366.1,377.52,8375828,0.0,427.92354000000023,,34.65326509819245,-13.988257554826987,-1.2208701631291372,-12.76738739169785
2020-03-13,404.0,406.42,363.02,390.82,6199986,0.0,411.67000000000024,,37.547432668678866,-17.799834682440235,-4.536663066991357,-13.263171615448877
2020-03-16,339.0,362.0,321.5,322.29,7986524,0.0,392.6060000000002,,30.140149372732225,-26.050046566667845,-8.839339766926656,-17.21070679974119
2020-03-17,330.02,358.0,307.67,354.98,8236078,0.0,373.5680000000002,,36.56854037934326,-29.609271871214617,-12.993326187784248,-16.61594568343037
2020-03-18,326.34,358.5562,305.3001,336.57,6308718,0.0,356.43600000000026,,34.635589713211175,-33.529015094193255,-17.10046396906605,-16.428551125127207
2020-03-19,336.16,345.7299,316.0,332.4901,6351216,0.0,347.43002000000024,,34.20409874587175,-36.54340405699202,-20.98905198665124,-15.554352070340776
2020-03-20,345.0,372.5428,342.0,346.07,8248156,0.0,338.4800200000003,,37.01668825059732,-37.405358896142104,-24.272313368549415,-13.133045527592689
2020-03-23,346.54,384.18,335.12,371.01,6957424,0.0,348.2240200000003,,41.9265545442637,-35.664892073298006,-26.550829109499134,-9.114062963798872
2020-03-24,412.76,432.99,406.6709,429.58,6769821,0.0,363.1440200000003,,51.49045104518794,-29.222590236901112,-27.08518133497953,-2.1374089019215816
2020-03-25,435.94,470.57,432.11,446.0,6818114,0.0,385.03002000000026,,53.788150578829196,-22.532324237024227,-26.174609915388473,3.642285678364246
2020-03-26,454.4,470.48,435.3,447.42,6002958,0.0,408.01600000000025,,53.99110926234488,-16.92060786404926,-24.323809505120632,7.403201641071373
2020-03-27,427.61,433.36,412.02,421.61,4977834,0.0,423.12400000000025,,49.717018797558794,-14.3900539209601,-22.33705838828853,7.94700446732843
2020-03-30,423.49,434.89,412.01099999999997,430.88,3087106,0.0,435.0980000000003,,51.210915410283064,-11.503949789810918,-20.17043666859301,8.666486878782091
2020-03-31,428.08,439.59,414.0,417.19,3720820,0.0,432.62000000000035,,48.900341762623476,-10.203737723642007,-18.177096879602807,7.9733591559608
2020-04-01,402.99,406.0,381.53,384.67,4265490,0.0,420.3540000000004,,43.840211576907706,-11.662959179223208,-16.874269339526887,5.211310160303679
2020-04-02,350.0,365.94,334.55,345.61,10022786,0.0,399.99200000000036,,38.664936034998696,-15.789210072579067,-16.657257486137325,0.8680474135582585
2020-04-03,358.03,363.79,345.0,356.49,5068074,0.0,386.9680000000003,,40.762610480476,-17.974173478227385,-16.920640684555337,-1.0535327936720478
2020-04-06,380.0,393.57,369.3,391.89,5351964,0.0,379.17000000000024,,47.10174099911723,-16.657273884610277,-16.867967324566326,0.2106934399560494
2020-04-07,408.99,408.99,374.02,378.22,6244224,0.0,371.3760000000003,,45.09490804666908,-16.526172791210968,-16.799608417895254,0.2734356266842859
2020-04-08,383.0,417.57,381.31,414.51,6524626,0.0,377.3440000000002,,51.05662452662906,-13.34019703095555,-16.107726140507314,2.767529109551763
2020-04-09,422.51,439.0,413.0,418.0,5675596,0.0,391.82200000000023,,51.600900445035585,-10.413632580260185,-14.96890742845789,4.555274848197705
2020-04-13,423.7,453.351,417.81,447.3,5657010,0.0,409.9840000000002,,56.022529672510046,-5.664744391478791,-13.10807482106207,7.443330429583279
2020-04-14,467.03,501.47,461.34,496.12,6990166,0.0,430.8300000000002,,62.216413534486826,2.014922928979331,-10.08347527105379,12.09839820003312
2020-04-15,481.12,500.44,477.11,497.14,5269160,0.0,454.61400000000015,,62.33577083210266,8.090161736415382,-6.448747869559956,14.538909605975338
2020-04-16,508.5,529.13,502.0101,526.43,6056674,0.0,476.99800000000016,,65.6877328993817,15.094292862054317,-2.1401397232371018,17.23443258529142
2020-04-17,540.5,591.83,539.0,591.5296,12113866,0.0,511.7039200000001,,71.71327713311744,25.602975734141125,3.408483368238544,22.194492365902583
2020-04-20,585.0,644.9499,584.0,630.1587,13393044,0.0,548.27566,,74.56731676942798,36.62602612413349,10.051991919417533,26.574034204715957
2020-04-21,647.0,665.74,556.01,585.0,21889220,0.0,566.0516600000001,,66.16297140651702,41.242525134821165,16.290098562498258,24.952426572322906
2020-04-22,615.99,635.0,603.2,627.155,9578040,0.0,592.05466,,69.60667621836741,47.75223205049019,22.582525260096645,25.169706790393548
2020-04-23,631.3,639.84,610.39,620.01,8630296,0.0,610.77066,,68.33718813972371,51.73827328583786,28.41367486524489,23.324598420592974
2020-04-24,624.0,651.99,605.6,643.95,10782192,0.0,621.2547400000001,,70.29222290052886,56.18137370343686,33.967214632883284,22.214159070553578
2020-04-27,662.6,662.6,623.04,628.49,7942238,0.0,620.921,,67.39806348936506,57.788915355932545,38.73155477749314,19.057360578439408
2020-04-28,634.0,639.76,610.1,633.41,7028720,0.0,630.6030000000001,,67.85170564315194,58.782300806110925,42.741703983216695,16.04059682289423
2020-04-29,637.0,645.55,621.13,640.51,4316854,0.0,633.2740000000001,,68.53218433908494,59.45709224649431,46.08478163587222,13.372310610622094
2020-04-30,625.0,645.9801,623.0,632.29,4749488,0.0,635.7300000000001,,66.77006013541279,58.6524748023902,48.598320269175815,10.054154533214387
2020-05-01,615.0,627.86,595.03,613.34,4968320,0.0,629.6080000000002,,62.76350424351605,55.8419913370393,50.047054482748514,5.794936854290789
2020-05-04,620.64,658.9,617.01,658.85,5314074,0.0,635.6800000000001,,67.76599217705088,56.63409698285227,51.36446298276927,5.269634000083002
2020-05-05,670.0,704.69,662.0001,686.96,10124424,0.0,646.3900000000001,,70.4102133212647,58.85168292207493,52.8619069706304,5.989775951444528
2020-05-06,672.88,739.24,669.0,733.5,12799254,0.0,664.988,,74.18585998348274,63.631025946570276,55.01573076581838,8.615295180751893
2020-05-07,719.94,738.71,715.0,722.76,8871650,0.0,683.0820000000001,,71.9056486258593,65.79363343360728,57.171311299376164,8.62232213423112
2020-05-08,705.55,721.0,703.0,710.18,7481032,0.0,702.4500000000002,,69.22180069480015,65.73466626893708,58.88398229328835,6.850683975648728
2020-05-11,706.96,752.5,703.78,749.58,7257742,0.0,720.5960000000002,,72.66325468184391,68.08237386050382,60.72366060673145,7.358713253772372
2020-05-12,769.0,770.95,733.95,741.56,7256030,0.0,731.5160000000002,,70.92481431816051,68.50610631702466,62.280149748790095,6.225956568234565
2020-05-13,750.0,768.59,717.29,756.99,8419714,0.0,736.2140000000002,,72.2980091886723,69.28827725797953,63.68177525062798,5.606502007351551
2020-05-14,749.89,758.09,733.0,754.96,5604304,0.0,742.6540000000001,,71.81744168385629,68.94954192957675,64.73532858641774,4.214213343159017
2020-05-15,754.3,774.79,751.25,767.395,5954846,0.0,754.0970000000002,,73.00131468031405,68.89036704915213,65.56633627896463,3.3240307701875054
2020-05-18,770.0,770.73,733.0,738.18,7063274,0.0,751.8170000000002,,65.98783760656633,65.72838824484052,65.59874667213981,0.12964157270070586
2020-05-19,745.42,765.0,713.19,753.0,10431062,0.0,754.1050000000002,,67.68392528888626,63.684235184541194,65.21584437462009,-1.5316091900788962
2020-05-20,768.0,778.0,751.74,774.62,6278726,0.0,757.6310000000003,,70.03175972182987,63.081616858841926,64.78899887146446,-1.7073820126225314
2020-05-21,791.86,809.87,782.07,801.97,8106468,0.0,767.0330000000004,,72.7307899344603,64.07236755114195,64.64567260739996,-0.5733050562580075
2020-05-22,804.63,826.3799,793.64,824.845,5497840,0.0,778.5230000000004,,74.77691930193143,65.94321362002506,64.90518080992499,1.038032810100077
2020-05-26,842.0,844.0,742.37,767.461,12702930,0.0,784.3792000000004,,62.17369638686998,62.079845570061366,64.34011376195227,-2.2602681918909013
2020-05-27,755.01,757.0,685.0,749.5688,13431174,0.0,783.6929600000003,,58.84349775175945,56.9182296269837,62.85573693495856,-5.937507307974855
2020-05-28,728.01,770.4,727.825,744.73,7404078,0.0,777.7149600000002,,57.93964457574516,51.839586598908795,60.652506867748606,-8.812920268839811
2020-05-29,756.15,769.39,738.0,757.35,6221834,0.0,768.7909600000003,,59.679187115966755,48.27655190057192,58.17731587431327,-9.900763973741356
2020-06-01,754.72,759.25,739.52,758.69,3585678,0.0,755.5599600000003,,59.86897674451013,45.04173495001646,55.55019968945392,-10.508464739437457
2020-06-02,764.43,784.3,744.0,779.5,5244006,0.0,757.9677600000002,,62.797616336117635,43.65409506054982,53.170978763673105,-9.516883703123284
2020-06-03,777.93,779.08,758.3787,762.66,3712966,0.0,760.5860000000002,,59.04264853801838,40.72606842281334,50.681996695501155,-9.955928272687814
2020-06-04,763.91,777.22,726.035,735.81,5438896,0.0,758.8020000000004,,53.545093048306725,35.826035377033236,47.710804431807574,-11.884769054774338
2020-06-05,721.1,740.86,702.02,727.5419999999999,4880862,0.0,752.8404000000003,,51.941267256261874,30.91914868444735,44.35247328233553,-13.43332459788818
2020-06-08,715.0,731.15,708.01,730.2810000000001,3619794,0.0,747.1586000000004,,52.44939141407202,26.940862544279526,40.87015113472434,-13.929288590444813
2020-06-09,743.91,754.8,733.25,741.5219999999999,3009532,0.0,739.5630000000004,,54.57222800403225,24.413671265865673,37.57885516095261,-13.165183895086933
2020-06-10,757.0,758.5,732.51,743.93,2930622,0.0,735.8170000000006,,55.03532098722016,22.347550791144045,34.53259428699089,-12.185043495846848
2020-06-11,733.34,765.52,724.0,725.055,4268328,0.0,733.6660000000006,,50.674655901114335,18.96842448426935,31.419760326446585,-12.451335842177237
2020-06-12,739.34,745.0,727.445,727.74,1108512,0.0,733.7056000000007,,51.266195145025115,16.318984506128004,28.39960516238287,-12.080620656254865
2020-06-15,777.0,807.39,769.865,805.59,7709356,0.0,748.7674000000006,,64.5434640680659,20.267497520334928,26.773183633973282,-6.505686113638355
2020-06-16,809.0,816.7799,787.5,805.87,5155488,0.0,761.6370000000006,,64.58084075282315,23.152429397330934,26.049032786644815,-2.8966033893138814
2020-06-17,813.0,827.4941,810.59,817.77,3592568,0.0,776.4050000000008,,66.21108377469383,26.098146059964847,26.058855441308825,0.03929061865602179
2020-06-18,832.5,869.7,830.5,863.8,5922335,0.0,804.1540000000007,,71.64720020682284,31.780537792114387,27.20319191146994,4.577345880644447
2020-06-19,876.0,895.56,866.0,884.0582,7658350,0.0,835.4176400000008,,73.65601767885815,37.48642148206511,29.259837825588974,8.226583656476137
2020-06-22,895.12,909.8698,892.1095,904.8901,2344231,0.0,855.2776600000007,,75.57262865741444,43.19145147866959,32.0461605562051,11.14529092246449
2020-06-23,919.19,928.0,907.26,910.92,2372019,0.0,876.2876600000006,,76.11432508755067,47.65001171556867,35.16693078807782,12.483080927490846
2020-06-24,910.01,924.0,868.0,897.01,3363859,0.0,892.1356600000006,,72.1400547089072,49.49053598418675,38.03165182729961,11.458884156887137
2020-06-25,886.56,917.6,873.2447,916.5908,2389669,0.0,902.6938200000006,,74.18355817608338,51.93054860507914,40.811431182855515,11.119117422223624
2020-06-26,916.0,927.045,894.0,910.0,2660351,0.0,907.8821800000005,,72.26224158141576,52.724676457857186,43.19408023785586,9.530596220001328
2020-06-29,913.99,923.0,876.43,922.42,2698567,0.0,911.3881600000007,,73.64734983318752,53.73677461649686,45.30261911358406,8.434155502912802
2020-06-30,925.5,958.76,922.0,949.58,2714115,0.0,919.1201600000006,,76.42030810603772,56.08395380498666,47.45888605186458,8.625067753122082
2020-07-01,948.01,1017.89,948.01,1016.5235,3356867,0.0,943.0228600000006,,81.56839181392102,62.62400070417391,50.49190898232645,12.132091721847459
2020-07-02,1034.99,1059.44,1022.0,1030.26,3388419,0.0,965.7567000000006,,82.41671222580543,68.13009442058376,54.01954606997791,14.110548350605846
2020-07-06,1052.49,1059.0,983.6482,986.11,4306138,0.0,980.9787000000006,,71.0913354196849,68.14563685457335,56.844764226897006,11.300872627676348
2020-07-07,985.0,1040.0,973.0,1013.45,3255663,0.0,999.1847000000005,,73.51815811922573,69.5621941820059,59.38825021791879,10.173943964087108
2020-07-08,1027.26,1035.3024,1002.5452,1017.0,2040308,0.0,1012.6687000000005,,73.82541691032348,70.16249186951563,61.54309854823816,8.619393321277471
2020-07-09,1025.01,1052.2499,1012.94,1040.75,2783354,0.0,1017.5140000000005,,75.84466267384562,71.72782490822544,63.58004382023562,8.14778108798982
2020-07-10,1040.02,1044.8499,1018.1301,1031.85,1686808,0.0,1017.8320000000003,,73.55468717207161,71.42684281709239,65.14940361960697,6.277439197485421
2020-07-13,1043.0,1074.9761,935.14,968.75,3792352,0.0,1014.3600000000004,,59.77474022537305,65.34343128908688,65.18820915350295,0.1552221355839265
2020-07-14,970.0,998.0,901.74,974.41,3518700,0.0,1006.5520000000004,,60.489760910426526,60.28408115986201,64.20738355477476,-3.923302394912753
2020-07-15,974.0,980.0,934.0,959.43,2309352,0.0,995.0380000000005,,57.5728859409686,54.43821902260777,62.25355064834137,-7.815331625733599
2020-07-16,942.01,952.8207,915.4,926.4,1981190,0.0,972.1680000000003,,51.65789486782192,46.602877245299055,59.1234159677329,-12.520538722433848
2020-07-17,932.2,940.9699,906.05,928.88,2016499,0.0,951.5740000000005,,52.05618220450025,40.130824545181895,55.32489768322271,-15.194073138040814
2020-07-20,929.0,1011.81,918.21,1009.39,3051601,0.0,959.7020000000006,,62.77771348306467,41.02524679386295,52.464967505350764,-11.439720711487816
2020-07-21,1022.22,1024.98,948.21,952.6294,2993099,0.0,955.3458800000005,,53.665906584716765,36.73056967480841,49.31808793924229,-12.587518264433882
2020-07-22,964.73,980.57,940.0,955.8,2160767,0.0,954.6198800000005,,54.06696104840683,33.20013751971101,46.09449785533604,-12.89436033562503
2020-07-23,966.82,979.99,926.6601,936.16,1888687,0.0,956.5718800000006,537.2552284999999,51.115481025354185,28.489056628740514,42.57340961001694,-14.084352981276425
