Date,Open,High,Low,Close,Volume,OpenInterest,5 day sma,200 day sma,rsi,macd,signal,histogram
2019-10-09,14.3,14.33,14.04,14.21,14268721,0.0,,,,,,
2019-10-10,14.19,14.38,14.01,14.071,14270882,0.0,,,,,,
2019-10-11,14.24,14.57,14.1,14.1627,25250333,0.0,,,,,,
2019-10-14,14.19,14.2,13.64,13.76,18753234,0.0,,,,,,
2019-10-15,13.87,14.15,13.86,14.09,18604530,0.0,14.05874,,,,,
2019-10-16,14.02,14.04,13.62,13.67,21199201,0.0,13.950740000000001,,,,,
2019-10-17,13.73,14.12,13.69,13.78,19342156,0.0,13.892540000000002,,,,,
2019-10-18,14.15,14.28,13.42,13.52,35456630,0.0,13.764000000000001,,,,,
2019-10-21,13.76,14.63,13.725,14.57,41451288,0.0,13.926000000000002,,,,,
2019-10-22,15.0,15.03,13.91,14.0054,62545212,0.0,13.90908,,,,,
2019-10-23,13.91,14.38,12.93,13.2,101586725,0.0,13.81508,,,,,
2019-10-24,13.18,13.65,12.71,13.53,42986097,0.0,13.765080000000001,,,,,
2019-10-25,13.41,14.01,13.32,13.95,26366078,0.0,13.851080000000001,,,,,
2019-10-28,14.04,14.73,14.01,14.66,30996151,0.0,13.869080000000002,,,,,
2019-10-29,14.5,14.95,14.37,14.63,19522366,0.0,13.994000000000003,,53.708019917364126,,,
2019-10-30,14.71,14.9,14.4324,14.86,16113924,0.0,14.326000000000002,,55.647791245142756,,,
2019-10-31,14.7585,15.17,14.73,15.055,12922964,0.0,14.631,,57.28214358231328,,,
2019-11-01,15.09,15.38,14.94,15.18,17754784,0.0,14.877,,58.341861744658445,,,
2019-11-04,15.31,15.38,15.15,15.35,15442025,0.0,15.015,,59.802373083014835,,,
2019-11-05,15.32,15.35,14.81,14.83,16160883,0.0,15.055000000000001,,53.6108579475196,,,
2019-11-06,14.87,14.88,14.23,14.41,19459577,0.0,14.965,,49.18177934247285,,,
2019-11-07,14.41,14.7,14.14,14.17,14608118,0.0,14.788,,46.80233898618938,,,
2019-11-08,14.18,14.52,14.09,14.2,12893742,0.0,14.592000000000002,,47.146560915083555,,,
2019-11-11,14.13,14.41,13.96,14.4,11666840,0.0,14.402000000000005,,49.492905567941726,,,
2019-11-12,14.38,14.64,14.32,14.39,12240431,0.0,14.314000000000004,,49.3748791334608,,,
2019-11-13,14.38,14.64,14.3401,14.4794,7927110,0.0,14.327880000000004,,50.51110915364195,0.1904113680893289,,
2019-11-14,14.42,14.59,14.21,14.37,11727501,0.0,14.367880000000005,,49.06002552344928,0.1687462836276339,,
2019-11-15,14.48,14.595,13.5,13.93,28971524,0.0,14.313880000000003,,43.63101268432204,0.11474946493396843,,
2019-11-18,14.08,14.74,14.04,14.69,30447705,0.0,14.37188,,53.25350828247034,0.13176335951945717,,
2019-11-19,14.58,15.26,14.39,15.16,23130738,0.0,14.52588,,58.02552257165517,0.1810846346560151,,
2019-11-20,15.07,15.52,15.01,15.31,19320314,0.0,14.692000000000002,,59.44830916447626,0.22962882874128177,,
2019-11-21,15.33,15.63,15.06,15.08,19796578,0.0,14.834,,56.29720636977591,0.24669759813867032,,
2019-11-22,15.18,15.5,15.01,15.25,19320444,0.0,15.098000000000003,,58.06646103250765,0.2708204505367533,,
2019-11-25,15.59,15.9,15.49,15.49,21420862,0.0,15.258000000000001,,60.49782070466936,0.3057791474237206,0.20440901507409215,0.10137013234962844
2019-11-26,15.46,15.545,15.161,15.45,14873625,0.0,15.316000000000003,,59.8747109420459,0.3264928940169458,0.22882579086266291,0.0976671031542829
2019-11-27,15.53,15.53,15.23,15.35,10533788,0.0,15.324000000000002,,58.25918505128637,0.33102368813964844,0.24926537031806004,0.0817583178215884
2019-11-29,15.23,15.355,15.19,15.26,5716380,0.0,15.360000000000003,,56.77444446998452,0.32362161871282424,0.2641366199970129,0.059484998715811366
2019-12-02,15.25,15.28,14.54,14.6,22950148,0.0,15.23,,47.262141409086084,0.2614847082648808,0.26360623765058644,-0.002121529385705645
2019-12-03,14.22,14.98,14.16,14.92,16934295,0.0,15.116000000000003,,51.50465789412321,0.2353491264807097,0.2579548154166111,-0.02260568893590137
2019-12-04,14.99,15.08,14.81,15.005,10479114,0.0,15.027000000000001,,52.595530335118056,0.21897111651897028,0.2501580756370829,-0.031186959118112645
2019-12-05,15.05,15.16,14.66,14.68,11216226,0.0,14.893,,48.13690269308649,0.17771801906725138,0.23567006432311663,-0.05795204525586525
2019-12-06,14.86,14.95,14.7,14.735,10454747,0.0,14.788,,48.92597439247473,0.14775940403735888,0.2180879322659651,-0.07032852822860622
2019-12-09,14.64,14.885,14.21,14.23,18666500,0.0,14.714000000000002,,42.52795067981258,0.08231878651778679,0.19093410311632947,-0.10861531659854268
2019-12-10,14.23,14.33,13.97,14.09,18711394,0.0,14.548000000000002,,40.929978482244685,0.0189414504381471,0.156535572580693,-0.1375941221425459
2019-12-11,14.01,14.25,13.96,14.23,10829327,0.0,14.393000000000004,,43.22728584212649,-0.019760923418413512,0.1212762733808717,-0.14103719679928522
2019-12-12,14.16,14.47,14.07,14.4474,15301104,0.0,14.346480000000003,,46.69419654719242,-0.032515650247132655,0.09051788865527084,-0.1230335389024035
2019-12-13,14.75,15.19,14.58,15.09,25681205,0.0,14.417480000000003,,55.36976661134206,0.009123417340019202,0.07423899439222051,-0.0651155770522013
2019-12-16,15.21,15.235,14.85,15.1,21594481,0.0,14.59148,,55.49116522152898,0.042440368670806805,0.06787926924793777,-0.02543890057713097
2019-12-17,15.1,15.42,15.05,15.1,20993010,0.0,14.793479999999999,,55.49116522152898,0.06805974229269651,0.06791536385688952,0.00014437843580698828
2019-12-18,15.07,15.39,15.06,15.12,13775964,0.0,14.97148,,55.77022589664861,0.08895173310993165,0.07212263770749795,0.0168290954024337
2019-12-19,15.05,15.47,15.0,15.4514,19078307,0.0,15.172279999999997,,60.22079645873485,0.1307428742560841,0.08384668501721519,0.046896189238868916
2019-12-20,15.54,15.74,15.29,15.55,19932154,0.0,15.264279999999996,,61.46326383345081,0.16986080108847013,0.10104950823146619,0.06881129285700394
2019-12-23,15.55,15.59,15.23,15.48,13669752,0.0,15.340279999999998,,60.02975204680392,0.19298896825243794,0.11943740023566055,0.0735515680167774
2019-12-24,15.53,15.65,15.385,15.62,8121024,0.0,15.444280000000001,,61.94158954005936,0.22007811382816556,0.13956554295416157,0.08051257087400399
2019-12-26,15.6,16.18,15.5,15.98,21014204,0.0,15.61628,,66.39304873426693,0.2675117394065527,0.1651547822446398,0.1023569571619129
2019-12-27,16.08,16.18,15.780999999999999,16.0252,13975745,0.0,15.731040000000002,,66.91627171867796,0.30523196754452897,0.19317021930461764,0.11206174823991133
2019-12-30,16.05,16.17,15.68,15.89,14477991,0.0,15.799040000000002,,63.720611667179604,0.32052124067206655,0.21864042357810745,0.1018808170939591
2019-12-31,15.78,16.35,15.77,16.32,15825598,0.0,15.96704,,68.82063891663486,0.36314934650506814,0.2475422081634996,0.11560713834156855
2020-01-02,16.62,16.95,16.46,16.7701,21786943,0.0,16.19706,,73.0856628231514,0.4283143941348566,0.283696645357771,0.1446177487770856
2020-01-03,16.43,17.1,16.35,16.75,18100688,0.0,16.351059999999997,,72.60801199822512,0.47288513636178564,0.32153434355857397,0.15135079280321168
2020-01-06,16.65,16.79,16.41,16.78,14889842,0.0,16.502019999999998,,72.89276833035143,0.5048093915383074,0.3581893531545207,0.14662003838378668
2020-01-07,16.87,17.065,16.55,17.025,17594496,0.0,16.72902,,75.16351881639038,0.5436126183399868,0.3952740061916139,0.14833861214837285
2020-01-08,16.98,17.01,16.65,16.67,13015920,0.0,16.799020000000002,,66.47422498872997,0.5394999029471172,0.4241191855427146,0.11538071740440264
2020-01-09,17.29,17.93,17.04,17.34,47849404,0.0,16.913000000000004,,72.8529175955576,0.5835768364376346,0.4560107157216986,0.12756612071593598
2020-01-10,17.66,17.73,17.285,17.41,23765101,0.0,17.045,,73.42188186735453,0.6170436437428819,0.48821730132593527,0.12882634241694663
2020-01-13,17.48,18.0,17.3,18.0,19956668,0.0,17.289,,77.66993941002332,0.6832977674863905,0.5272333945580263,0.15606437292836417
2020-01-14,17.99,18.09,17.665,17.99,23758673,0.0,17.482,,77.44400279017157,0.7266216790519735,0.5671110514568157,0.15951062759515777
2020-01-15,18.0,18.52,17.97,18.19,21334759,0.0,17.785999999999998,,78.77390135701793,0.7682387416284051,0.6073365894911337,0.16090215213727144
2020-01-16,18.02,18.41,17.7766,18.25,23988288,0.0,17.967999999999996,,79.17067034279535,0.7968761696683053,0.645244505526568,0.15163166414173734
2020-01-17,19.1,19.29,18.76,19.115,38278885,0.0,18.308999999999997,,83.85590029220828,0.879234540130696,0.6920425124473937,0.18719202768330234
2020-01-21,19.02,19.25,18.77,19.01,41537506,0.0,18.511,,81.46059394878914,0.9253644937393446,0.7387069087057839,0.18665758503356067
2020-01-22,19.23,19.53,19.06,19.09,41923472,0.0,18.731,,81.88516195616141,0.9573424973502256,0.7824340264346723,0.17490847091555328
2020-01-23,19.18,19.43,18.91,19.26,34112705,0.0,18.945,,82.78724289680098,0.9850478563348197,0.8229567924147019,0.16209106392011785
2020-01-24,19.71,19.755,18.84,19.05,61903724,0.0,19.105,,77.64358931225085,0.9787765808232081,0.8541207500964031,0.12465583072680497
2020-01-27,18.47,18.77,18.27,18.62,17050194,0.0,19.006000000000004,,68.28770857823265,0.9284070449571473,0.868978009068552,0.05942903588859527
2020-01-28,18.8,19.11,18.705,18.98,14956532,0.0,19.000000000000004,,71.39537283819396,0.9070815448346572,0.8765987162217732,0.030482828612883983
2020-01-29,19.15,19.27,18.9301,19.145,13007204,0.0,19.011000000000003,,72.71513132662626,0.8931988134585218,0.8799187356691229,0.01328007778939888
2020-01-30,18.81,18.965,18.58,18.87,15666860,0.0,18.933,,67.15399597040042,0.8502058038224192,0.8739761492997822,-0.02377034547736301
2020-01-31,18.73,18.79,18.18,18.36,22688145,0.0,18.795,,58.25583478414704,0.766149106200718,0.8524107406799694,-0.08626163447925139
2020-02-03,18.65,18.85,18.2,18.23,27198854,0.0,18.717000000000002,,56.211230074088974,0.6811913048594889,0.8181668535158733,-0.1369755486563844
2020-02-04,18.48,19.035,18.23,18.99,37880839,0.0,18.719,,64.13595387501029,0.6674928416450285,0.7880320511417044,-0.12053920949667585
2020-02-05,18.02,18.08,16.11,16.185,97826672,0.0,18.127000000000002,,37.30297764712268,0.42539298765483835,0.7155042384443312,-0.29011125078949285
2020-02-06,16.36,17.14,16.28,16.98,36960520,0.0,17.749000000000002,,44.402679271540606,0.29428463495420587,0.6312603177463062,-0.33697568279210033
2020-02-07,16.96,17.18,16.68,17.13,25850559,0.0,17.503,,45.65315800017632,0.2001765565140623,0.5450435654998574,-0.34486700898579514
2020-02-10,17.05,17.6,17.0,17.57,17958588,0.0,17.371000000000002,,49.25838668271649,0.1592636568072372,0.46788758376133344,-0.30862392695409624
2020-02-11,17.65,17.8,17.44,17.61,17250582,0.0,17.095000000000002,,49.585805275222356,0.1285853033981006,0.40002712768868687,-0.2714418242905863
2020-02-12,17.66,17.66,17.19,17.39,16281654,0.0,17.336000000000002,,47.76041986602323,0.08553433929239063,0.33712857000942764,-0.251594230717037
2020-02-13,17.22,17.74,17.17,17.59,10986547,0.0,17.458000000000002,,49.577659512329305,0.06678461710937356,0.28305977942941685,-0.2162751623200433
2020-02-14,17.54,17.86,17.43,17.56,13684427,0.0,17.544000000000004,,49.30062054885765,0.048940423181260684,0.23623590817978563,-0.18729548499852494
2020-02-18,17.44,17.53,16.7435,17.16,27079569,0.0,17.462,,45.63867969786942,0.002493371833804048,0.18948740091058933,-0.18699402907678528
2020-02-19,17.23,17.33,17.1,17.2,12889629,0.0,17.380000000000003,,46.070073056401604,-0.030734299413733623,0.14544306084572475,-0.17617736025945838
2020-02-20,17.09,17.39,16.6,16.93,21029513,0.0,17.288000000000004,,43.55741159555187,-0.07795558828956572,0.10076333101866666,-0.1787189193082324
2020-02-21,16.83,16.91,16.5,16.71,12967072,0.0,17.112000000000002,,41.56802989198158,-0.13161379936562412,0.05428790494180852,-0.18590170430743264
2020-02-24,15.69,16.415,15.56,16.15,20341420,0.0,16.830000000000002,,36.9427756737307,-0.2168262006432684,6.508382479313013e-05,-0.21689128446806155
2020-02-25,16.31,16.35,15.76,15.9,18257860,0.0,16.578000000000003,,35.06687476580382,-0.3010601195856566,-0.06015995685729682,-0.2409001627283598
2020-02-26,15.93,16.495,15.43,15.68,19035383,0.0,16.274000000000004,,33.456849225196635,-0.38117432822045316,-0.1243628311299281,-0.2568114970905251
2020-02-27,15.18,15.28,14.63,14.67,28233787,0.0,15.822000000000003,,27.26727450863288,-0.5201678041796782,-0.20352382573987815,-0.3166439784398001
2020-02-28,13.86,14.28,13.63,14.18,37162446,0.0,15.316000000000003,,24.863985984978655,-0.6622263075189032,-0.2952643220956832,-0.36696198542322
2020-03-02,14.35,14.53,13.745,14.39,24697169,0.0,14.964000000000004,,27.80098208899706,-0.7492268294226392,-0.3860568235610744,-0.3631700058615648
2020-03-03,14.5,14.74,13.35,13.55,27363544,0.0,14.494000000000003,,23.79439521435293,-0.8758599810062222,-0.484017455050104,-0.3918425259561182
2020-03-04,13.82,13.85,13.21,13.62,31080094,0.0,14.082000000000004,,24.767419813913676,-0.9595086327482729,-0.5791156905897379,-0.38039294215853503
2020-03-05,13.68,14.2098,13.53,13.8601,50638655,0.0,13.920020000000005,,28.15591391503989,-0.9949574780419219,-0.6622840480801747,-0.3326734299617472
2020-03-06,13.46,13.549000000000001,12.665,13.0,75679878,0.0,13.684020000000004,,23.987856519489554,-1.0800042089353301,-0.7458280802512058,-0.3341761286841243
2020-03-09,11.7,12.13,11.0,11.44,65106216,0.0,13.094020000000004,,18.60748684022441,-1.2587729672257737,-0.8484170576461194,-0.4103559095796543
2020-03-10,11.91,11.99,10.99,11.98,66786474,0.0,12.780020000000004,,24.88784939799777,-1.3414120460319516,-0.9470160553232859,-0.3943959907086657
2020-03-11,11.57,11.67,10.57,10.805,69676818,0.0,12.217020000000003,,21.076880676317472,-1.4846032098142068,-1.0545334862214701,-0.43006972359273665
2020-03-12,10.07,11.13,9.712,10.42,71966740,0.0,11.529000000000002,,19.996422725510314,-1.6105837146599704,-1.1657435319091702,-0.4448401827508002
2020-03-13,11.09,11.35,10.78,11.35,50863286,0.0,11.199000000000002,,29.409941193651918,-1.6167441248421515,-1.2559436504957664,-0.36080047434638507
2020-03-16,9.61,10.2,9.03,9.05,87133342,0.0,10.721,,22.392549895809253,-1.7866220060408153,-1.3620793216047762,-0.42454268443603915
2020-03-17,9.19,9.365,8.205,8.91,76253148,0.0,10.107,,22.047700302835466,-1.9105249385350316,-1.4717684449908275,-0.4387564935442041
2020-03-18,8.03,9.08,7.89,8.395,85245914,0.0,9.624999999999998,,20.77994774633555,-2.0269101427565968,-1.5827967845439814,-0.44411335821261533
2020-03-19,8.3,9.68,8.1,9.47,69289150,0.0,9.434999999999999,,29.847688630403027,-2.009241454978545,-1.6680857186308944,-0.3411557363476505
2020-03-20,9.98,10.4,9.65,10.09,94484742,0.0,9.182999999999996,,34.50404653441443,-1.9230424380016835,-1.7190770625050522,-0.2039653754966313
2020-03-23,10.12,10.95,10.05,10.65,56668786,0.0,9.502999999999997,,38.476221676023165,-1.78892021743005,-1.7330456934900518,-0.055874523939998255
2020-03-24,11.32,11.58,10.68,11.01,51268504,0.0,9.922999999999996,,40.95532054241936,-1.6347342016838375,-1.7133833951288089,0.07864919344497134
2020-03-25,11.15,11.645,10.47,11.23,57863514,0.0,10.489999999999998,,42.48067060965181,-1.4777538850543692,-1.6662574931139211,0.1885036080595519
2020-03-26,11.31,12.07,11.26,11.9599,37020490,0.0,10.987979999999999,,47.34121544119484,-1.2796974673525998,-1.588945487961657,0.3092480206090571
2020-03-27,11.59,12.41,11.32,12.175,50805358,0.0,11.404979999999998,,48.716555388813276,-1.0927826390409283,-1.4897129181775113,0.39693027913658296
2020-03-30,12.05,12.27,11.59,11.845,61031004,0.0,11.643979999999997,,46.70131637656812,-0.9602108204031126,-1.3838124986226314,0.4236016782195189
2020-03-31,11.65,12.6,11.63,11.9,53183652,0.0,11.821979999999998,,47.09413066524451,-0.8410139730896873,-1.2752527935160427,0.4342388204263554
2020-04-01,11.32,11.69,10.98,11.21,47920870,0.0,11.817979999999997,,42.82946912200258,-0.7930846599741592,-1.178819166807666,0.38573450683350674
2020-04-02,11.18,11.8183,11.0221,11.265,36341220,0.0,11.678999999999998,,43.270455691140924,-0.7421077376189817,-1.0914768809699291,0.3493691433509474
2020-04-03,11.3,11.4498,10.85,11.06,30541000,0.0,11.455999999999998,,41.9709511430834,-0.7100647615558788,-1.0151944570871192,0.30512969553124036
2020-04-06,11.5,12.25,11.32,12.11,42292204,0.0,11.508999999999997,,50.217677926942834,-0.5931072759046625,-0.9307770208506279,0.33766974494596536
2020-04-07,12.6,12.73,12.01,12.09,46915874,0.0,11.546999999999999,,50.07171116710948,-0.49631030252089126,-0.8438836771846806,0.34757337466378935
2020-04-08,12.57,13.45,12.5,13.21,55427026,0.0,11.947,,57.51851247825452,-0.3254715307527434,-0.7402012478982932,0.41472971714554985
2020-04-09,13.52,13.87,13.21,13.625,46917762,0.0,12.418999999999997,,59.90483866635687,-0.15480899981470309,-0.6231227982815751,0.46831379846687204
2020-04-13,13.69,13.82,13.16,13.54,30900462,0.0,12.914999999999997,,59.17167744609635,-0.026115461332594236,-0.503721330891779,0.4776058695591847
2020-04-14,13.7,14.09,13.55,13.77,33424332,0.0,13.246999999999996,,60.577640130620004,0.09335800000048344,-0.3843054647133265,0.47766346471380994
2020-04-15,13.46,13.69,13.37,13.59,27294146,0.0,13.546999999999997,,58.869085388726674,0.17153968053209034,-0.2731364356642431,0.44467611619633346
2020-04-16,13.63,13.65,12.63,13.03,60542994,0.0,13.510999999999996,,53.78644275543504,0.1861659011134691,-0.18127596830870069,0.3674418694221698
2020-04-17,13.2,13.465,12.84,12.955,40782300,0.0,13.376999999999995,,53.12489937715079,0.18952073602921082,-0.10711662744111838,0.2966373634703292
2020-04-20,12.77,13.335,12.52,12.915,50231674,0.0,13.251999999999999,,52.75224190231364,0.18679850428480016,-0.048333601095934674,0.23513210538073484
2020-04-21,12.71,13.04,12.44,12.4427,58959180,0.0,12.98654,,48.43219459607171,0.1448605904761031,-0.00969476278152712,0.15455535325763023
2020-04-22,15.18,17.06,14.85,16.965,306410868,0.0,13.661539999999999,,72.04162807581295,0.4711056940108733,0.08646532857695298,0.38464036543392033
2020-04-23,16.51,16.86,16.03,16.1,167901302,0.0,14.275540000000001,,65.83304781026294,0.6523392572473927,0.19964011431104095,0.4526991429363518
2020-04-24,15.94,16.22,15.58,16.01,121132858,0.0,14.886540000000002,,65.20341089647539,0.7797178124070889,0.3156556539302506,0.46406215847683835
2020-04-27,16.25,17.0,16.1021,16.9184,77661626,0.0,15.687220000000002,,68.48020329206881,0.9430951098979374,0.44114354512378795,0.5019515647741495
2020-04-28,17.03,17.26,16.15,16.41,53219386,0.0,16.48068,,64.80217604943013,1.019793618075692,0.5568735597141687,0.46292005836152317
2020-04-29,16.8,17.87,16.6,17.83,80047620,0.0,16.65368,,69.69763983696717,1.1815398154448662,0.6818068108603083,0.49973300458455794
2020-04-30,17.5,17.99,17.23,17.61,54590086,0.0,16.95568,,68.1169301503238,1.2772493454013993,0.8008953177685265,0.4763540276328728
2020-05-01,17.0,17.3,16.53,16.79,53084583,0.0,17.11168,,62.433295452849116,1.2722667908613463,0.8951696123870905,0.37709717847425583
2020-05-04,16.6,17.19,16.53,17.1,33704260,0.0,17.148000000000003,,63.667532307734284,1.278593657921288,0.9718544214939301,0.3067392364273579
2020-05-05,17.17,17.755,17.122,17.505,48613574,0.0,17.367,,65.27278490412692,1.3012874294591779,1.0377410230869797,0.26354640637219817
2020-05-06,17.02,17.82,17.01,17.32,48423440,0.0,17.265,,63.884291076946404,1.289480128761408,1.0880888442218655,0.20139128453954247
2020-05-07,17.6,18.17,17.53,18.13,61903484,0.0,17.369,,67.17655019353819,1.3301498489695778,1.136501045171408,0.19364880379816984
2020-05-08,18.18,18.26,17.76,18.24,37955918,0.0,17.659,,67.60839007526398,1.355630115811083,1.180326859299343,0.17530325651174006
2020-05-11,18.1,18.46,18.01,18.1,34167298,0.0,17.858999999999998,,66.41082957461455,1.348976420421252,1.214056771523725,0.13491964889752706
2020-05-12,18.2,18.27,17.38,17.38,34313182,0.0,17.833999999999996,,60.477731772529104,1.2709545631167263,1.2254363298423252,0.045518233274401076
2020-05-13,17.4,17.59,16.43,16.77,42690240,0.0,17.723999999999997,,55.91958249280018,1.1466815459907682,1.2096853730720138,-0.06300382708124563
2020-05-14,16.65,17.15,16.42,16.93,37792044,0.0,17.483999999999998,,56.83847489946486,1.0490125833309385,1.1775508151237988,-0.12853823179286028
2020-05-15,16.8,17.235,16.62,17.105,29644136,0.0,17.256999999999998,,57.872863330272736,0.974496870895674,1.136940026278174,-0.16244315538249987
2020-05-18,17.5,18.2,17.45,17.49,54326788,0.0,17.134999999999998,,60.13631723644742,0.9357224879803461,1.0966965186186084,-0.16097403063826232
2020-05-19,17.28,17.88,17.245,17.49,26630972,0.0,17.156999999999996,,60.13631723644741,0.8946801938104372,1.0562932536569742,-0.16161305984653707
2020-05-20,17.67,18.25,17.67,18.23,35139432,0.0,17.448999999999998,,64.40013312876027,0.9113601035769179,1.027306623640963,-0.11594652006404504
2020-05-21,18.2,18.39,17.52,17.552,28195297,0.0,17.5734,,58.2523679915152,0.8599570687378133,0.993836712660333,-0.13387964392251972
2020-05-22,17.67,17.68,17.29,17.67,22902348,0.0,17.6864,,58.98620142390602,0.819297060601901,0.9589287822486467,-0.13963172164674575
2020-05-26,18.0,18.03,17.38,17.405,23682781,0.0,17.6694,,56.58082275444926,0.7569646090925488,0.9185359476174273,-0.16157133852487848
2020-05-27,17.39,17.39,16.51,17.0,44988028,0.0,17.5714,,53.02217964607898,0.6671945731910007,0.868267672732142,-0.20107309954114128
2020-05-28,16.9,18.38,16.842,18.265,89668046,0.0,17.5784,,61.225373673212744,0.6901702479326275,0.8326481877722391,-0.14247793983961166
2020-05-29,18.29,19.0,17.925,18.955,102005662,0.0,17.858999999999998,,64.83260179994863,0.7553486797338138,0.8171882861645541,-0.06183960643074027
2020-06-01,19.0,19.59,18.72,19.545,68975566,0.0,18.233999999999998,,67.60756476204635,0.8448719675582907,0.8227250224433014,0.02214694511498938
2020-06-02,19.66,19.87,19.18,19.7581,46676480,0.0,18.70462,,68.57216537286466,0.9223825552548668,0.8426565290056145,0.07972602624925229
2020-06-03,19.83,19.83,18.91,19.73,73931488,0.0,19.250619999999998,,68.28341224160809,0.9703571461253446,0.8681966524295606,0.10216049369578406
2020-06-04,19.49,20.03,19.06,19.26,81289512,0.0,19.44962,,63.46927365574487,0.9593929977062032,0.8864359214848891,0.07295707622131409
2020-06-05,19.45,20.34,19.32,20.31,68348805,0.0,19.72062,,68.76703835548618,1.0236302831589406,0.9138747938196995,0.10975548933924106
2020-06-08,20.3,20.76,20.06,20.65,40336600,0.0,19.941619999999997,,70.2705128882284,1.089415845457708,0.9489830041473012,0.1404328413104069
2020-06-09,20.46,21.14,20.42,21.0925,53353334,0.0,20.208499999999997,,72.14954517107505,1.1638413903304432,0.9919546813839297,0.17188670894651348
2020-06-10,21.24,21.36,20.3,21.19,65557184,0.0,20.500499999999995,,72.56106437756011,1.216666630440642,1.036897071195272,0.17976955924536986
2020-06-11,20.05,20.95,19.615,19.755,67273960,0.0,20.599499999999995,,58.79190777838434,1.1297158455646965,1.0554608260691571,0.07425501949553936
2020-06-12,20.42,20.44,19.93,19.9333,16073390,0.0,20.524159999999995,,59.81233169541163,1.0629411184332298,1.0569568845419717,0.005984233891258128
2020-06-15,19.81,20.79,19.74,20.755,31373108,0.0,20.545159999999992,,64.21075735151214,1.0640601656272857,1.0583775407590346,0.005682624868251107
2020-06-16,21.3,21.455,20.635,20.9,39944199,0.0,20.506659999999993,,64.93997318383009,1.064377821797816,1.0595775969667909,0.004800224831025046
2020-06-17,21.0,21.95,20.86,21.815,47194417,0.0,20.631659999999993,,69.20413574579722,1.1254884889194834,1.0727597753573295,0.05272871356215392
2020-06-18,21.81,22.01,21.66,21.975,33827454,0.0,21.075659999999992,,69.893680947418,1.1733046698390872,1.092868754253681,0.08043591558540619
2020-06-19,22.41,22.695,21.95,22.6,48077510,0.0,21.60899999999999,,72.48534733878694,1.2472540461169643,1.1237458126263378,0.12350823349062656
2020-06-22,22.84,23.6,22.71,23.203000000000003,24850922,0.0,22.098599999999994,,74.74427944863321,1.339080434413109,1.166812736983692,0.17226769742941705
2020-06-23,23.46,23.915,23.08,23.665,25463773,0.0,22.65159999999999,,76.34657465134497,1.4326187108911377,1.2199739317651812,0.21264477912595647
2020-06-24,23.52,23.95,22.88,23.65,25430331,0.0,23.018599999999992,,76.17759127937435,1.4883809649877016,1.2736553384096854,0.2147256265780162
2020-06-25,23.51,24.5,23.45,24.48,25265421,0.0,23.51959999999999,,78.9535035815056,1.5813185604765998,1.3351879828230684,0.2461305776535314
2020-06-26,24.84,24.9,23.05,23.08,33282572,0.0,23.61559999999999,,65.16101751064882,1.5244312798997939,1.3730366422384135,0.1513946376613804
2020-06-29,22.86,23.2,22.03,23.09,28312969,0.0,23.59299999999999,,65.20777057201664,1.4632867577396205,1.3910866653386549,0.07220009240096559
2020-06-30,23.06,23.6675,22.68,23.49,20506725,0.0,23.557999999999993,,67.10913167393144,1.4306147046769269,1.3989922732063094,0.031622431470617496
2020-07-01,23.65,24.225,23.585,23.73,20847527,0.0,23.57399999999999,,68.23094994486517,1.4078589399733694,1.4007656065597216,0.007093333413647818
2020-07-02,24.01,24.12,23.105,23.22,17361581,0.0,23.32199999999999,,63.29089240984171,1.3333026121859888,1.387273007684975,-0.0539703954989863
2020-07-06,23.51,23.97,23.36,23.41,17271540,0.0,23.38799999999999,,64.32712398559752,1.2748518982535835,1.364788785798697,-0.08993688754511342
2020-07-07,23.73,25.58,23.55,24.8099,38775362,0.0,23.731979999999993,,70.85503995451629,1.3262018870728802,1.3570714060535338,-0.0308695189806536
2020-07-08,25.28,26.5,25.14,26.4062,38388439,0.0,24.31521999999999,,76.20272522464703,1.4786601189162312,1.3813891486260732,0.09727097029015797
2020-07-09,26.05,26.76,25.25,25.935,20810086,0.0,24.75621999999999,,72.00293108861268,1.543668020002432,1.413844922901345,0.12982309710108697
2020-07-10,25.92,25.93,24.91,25.53,23251468,0.0,25.21821999999999,,68.50804137291613,1.5447007855827586,1.4400160954376278,0.10468469014513082
2020-07-13,25.82,26.28,24.23,24.27,20670469,0.0,25.390219999999992,,58.92538464271734,1.4273936841362023,1.4374916131773428,-0.010097929041140485
2020-07-14,24.0,24.27,23.02,23.75,29798411,0.0,25.178239999999995,,55.47655796548773,1.2777383347505946,1.405540957491993,-0.12780262274139842
2020-07-15,24.15,24.65,23.69,24.54,23820071,0.0,24.804999999999993,,59.367468580398125,1.2089458150353707,1.3662219290006685,-0.15727611396529784
2020-07-16,24.18,24.42,23.44,23.9,19254710,0.0,24.39799999999999,,55.161768760773164,1.0902172504147778,1.3110209932834904,-0.22080374286871263
2020-07-17,23.94,24.68,23.79,24.55,16869245,0.0,24.20199999999999,,58.38614530484311,1.0366240188696985,1.256141598400732,-0.21951757953103357
2020-07-20,24.86,25.32,24.46,25.27,18888559,0.0,24.401999999999994,,61.67387438231843,1.0402575380994001,1.2129647863404658,-0.17270724824106565
2020-07-21,25.58,25.74,24.58,24.78,33964064,0.0,24.607999999999993,,58.29819308511229,0.9921612065773822,1.168804070387849,-0.1766428638104669
2020-07-22,23.49,23.79,22.46,23.21,80553277,0.0,24.341999999999995,,49.0369028610929,0.8179300498968516,1.0986292662896497,-0.28069921639279816
2020-07-23,22.78,23.09,21.93,21.97,31011183,0.0,23.955999999999996,,43.199711129342596,0.573185638823535,0.9935405407964268,-0.4203549019728918
2020-07-24,21.88,22.45,21.53,22.15,21187367,0.0,23.475999999999996,16.685843500000004,44.23738190414463,0.38926126389346294,0.8726846854158341,-0.48342342152237117
