Date,Open,High,Low,Close,Volume,OpenInterest,5 day sma,200 day sma,rsi,macd,signal,histogram
2019-10-08,10.04,10.445,10.01,10.125,6147728,0.0,,,,,,
2019-10-09,10.32,10.45,9.54,9.79,7173910,0.0,,,,,,
2019-10-10,9.74,10.06,9.65,9.78,4474306,0.0,,,,,,
2019-10-11,9.92,10.08,9.73,9.98,5121739,0.0,,,,,,
2019-10-14,9.93,10.01,9.64,9.66,4908355,0.0,9.866999999999999,,,,,
2019-10-15,9.65,9.71,9.28,9.46,5340591,0.0,9.733999999999998,,,,,
2019-10-16,9.46,9.57,9.12,9.28,4649019,0.0,9.632,,,,,
2019-10-17,9.3,9.61,9.1,9.46,4855800,0.0,9.568,,,,,
2019-10-18,9.41,9.73,9.325,9.55,4184817,0.0,9.482,,,,,
2019-10-21,9.4696,10.33,9.43,10.18,3273868,0.0,9.585999999999999,,,,,
2019-10-22,10.18,10.24,9.14,9.315,4492943,0.0,9.556999999999999,,,,,
2019-10-23,9.28,9.7,9.28,9.3596,2306218,0.0,9.572919999999998,,,,,
2019-10-24,9.44,9.54,9.2,9.25,2022554,0.0,9.530919999999998,,,,,
2019-10-25,9.16,9.26,8.75,9.21,3190584,0.0,9.462919999999997,,,,,
2019-10-28,9.27,9.5656,9.235,9.31,1967061,0.0,9.288919999999997,,37.667211427879685,,,
2019-10-29,9.36,9.595,9.18,9.415,2377594,0.0,9.308919999999997,,39.72978935094519,,,
2019-10-30,9.33,9.39,8.37,8.39,7030516,0.0,9.114999999999998,,29.476048784987228,,,
2019-10-31,9.55,10.48,8.72,8.7691,8822451,0.0,9.018819999999998,,36.0499277588612,,,
2019-11-01,8.8,8.97,8.165,8.83,5161957,0.0,8.942819999999998,,37.06483565236867,,,
2019-11-04,8.88,8.94,8.28,8.305,4674015,0.0,8.741819999999997,,32.30509482915264,,,
2019-11-05,8.3,8.63,8.035,8.54,3831966,0.0,8.566819999999996,,36.251352540541745,,,
2019-11-06,8.49,8.88,8.45,8.72,2473526,0.0,8.632819999999997,,39.17613004976632,,,
2019-11-07,8.79,8.875,8.46,8.48,2170534,0.0,8.574999999999996,,36.754772007053575,,,
2019-11-08,8.41,8.455,8.32,8.38,2021208,0.0,8.484999999999996,,35.76292663018087,,,
2019-11-11,8.93,9.63,8.46,8.47,8491409,0.0,8.517999999999997,,37.40023372879156,,,
2019-11-12,8.51,9.07,8.345,8.525,3857308,0.0,8.514999999999997,,38.43298879225064,-0.47139591948464776,,
2019-11-13,8.5,8.59,7.975,7.99,4493437,0.0,8.368999999999996,,32.76965381084949,-0.49335337390537326,,
2019-11-14,8.0,8.05,7.605,7.99,5043265,0.0,8.270999999999997,,32.76965381084949,-0.5049342470394986,,
2019-11-15,8.05,8.4,8.04,8.29,1796507,0.0,8.252999999999997,,38.648969652937375,-0.48432172032646825,,
2019-11-18,7.95,8.4,7.93,8.26,2395889,0.0,8.210999999999997,,38.28838011657681,-0.4650461313595482,,
2019-11-19,8.33,8.68,8.25,8.53,2609353,0.0,8.211999999999998,,43.40605141615336,-0.42310604164062937,,
2019-11-20,8.47,8.49,7.37,7.42,8022738,0.0,8.097999999999997,,31.749183003036762,-0.47397228426380345,,
2019-11-21,7.93,7.94,7.0,7.15,15579995,0.0,7.929999999999997,,29.66246249453596,-0.5299618215410629,,
2019-11-22,7.15,7.29,6.88,7.2,6353554,0.0,7.711999999999998,,30.572489430037137,-0.5638002131794728,-0.4899879725267227,-0.0738122406527501
2019-11-25,7.21,7.49,7.12,7.36,4199498,0.0,7.531999999999998,,33.53588074066661,-0.5711231671619377,-0.5062150114537658,-0.06490815570817188
2019-11-26,7.4,7.42,7.13,7.23,2711427,0.0,7.271999999999997,,32.32848184748407,-0.5807223685195719,-0.521116482866927,-0.05960588565264491
2019-11-27,7.23,7.61,7.2,7.59,2371524,0.0,7.305999999999997,,38.88990228251678,-0.5529072428764712,-0.527474634868836,-0.02543260800763525
2019-11-29,7.52,7.645,7.41,7.48,1314211,0.0,7.371999999999998,,37.68746149119562,-0.533588757054936,-0.528697459306056,-0.004891297748879975
2019-12-02,7.49,7.5,7.2,7.29,2975000,0.0,7.389999999999998,,35.63779467801193,-0.5275291028408553,-0.528463788013016,0.0009346851721606653
2019-12-03,7.17,7.47,7.14,7.42,2182934,0.0,7.401999999999998,,38.11765698289864,-0.5063994124698148,-0.5240509129043758,0.017651500434560985
2019-12-04,7.47,7.56,7.33,7.38,1733808,0.0,7.4319999999999995,,37.6371336132196,-0.4872647614672063,-0.5166936826169419,0.02942892114973561
2019-12-05,7.41,7.47,7.0,7.0866,6562027,0.0,7.33132,,34.22863802232689,-0.4901254792119749,-0.5113800419359485,0.021254562723973636
2019-12-06,7.11,7.4,7.08,7.245,2800017,0.0,7.284319999999999,,37.51849795619616,-0.4741454093058879,-0.5039331154099365,0.029787706104048572
2019-12-09,7.24,7.38,7.17,7.22,1912733,0.0,7.27032,,37.20221276374764,-0.458216347022705,-0.4947897617324902,0.0365734147097852
2019-12-10,7.21,7.26,7.125,7.205,1465334,0.0,7.227319999999999,,37.000664586309,-0.44171105495442475,-0.4841740203768771,0.04246296542245237
2019-12-11,7.19,7.58,7.14,7.55,2371350,0.0,7.261319999999998,,44.454374461657515,-0.39622444658236056,-0.4665841056179738,0.07035965903561325
2019-12-12,7.55,7.59,7.4,7.54,2066456,0.0,7.3519999999999985,,44.29079995128141,-0.3568691329394902,-0.4446411110822771,0.08777197814278692
2019-12-13,7.51,7.83,7.51,7.67,2330117,0.0,7.436999999999999,,47.02003433329034,-0.31159794267297336,-0.4180324774004164,0.10643453472744302
2019-12-16,7.74,8.3,7.74,7.9089,4455349,0.0,7.57478,,51.70271075228481,-0.25352053784680884,-0.3851300894896949,0.13160955164288607
2019-12-17,8.0,8.005,7.72,7.88,2092870,0.0,7.70978,,51.114151745529256,-0.20743458776537782,-0.34959098914483155,0.14215640137945373
2019-12-18,7.89,8.09,7.86,7.9489,1984507,0.0,7.789560000000002,,52.50236052217972,-0.1634671386957054,-0.31236621905500633,0.14889908035930094
2019-12-19,8.0,8.08,7.63,7.69,3035964,0.0,7.819560000000001,,47.09099344689137,-0.14780982516595387,-0.27945494027719586,0.131645115111242
2019-12-20,7.75,7.81,7.545,7.7,3283496,0.0,7.825560000000001,,47.31686027210758,-0.13306053593135125,-0.25017605940802695,0.1171155234766757
2019-12-23,7.72,7.92,7.65,7.87,1827404,0.0,7.817780000000001,,51.135836162809284,-0.10642721204747296,-0.22142628993591618,0.11499907788844321
2019-12-24,7.88,8.06,7.82,8.05,848347,0.0,7.851780000000001,,54.86647167684129,-0.0699888276706746,-0.19113879748286788,0.12114996981219328
2019-12-26,8.06,8.42,8.06,8.27,3262559,0.0,7.916000000000001,,58.98782639249285,-0.023092784894883422,-0.157529594965271,0.13443681007038757
2019-12-27,8.33,8.37,7.92,7.9799,2204908,0.0,7.973980000000002,,52.216714609220844,-0.009229585741260316,-0.12786959312046886,0.11864000737920855
2019-12-30,7.9,7.95,7.67,7.86,2187643,0.0,8.005980000000001,,49.67853412602439,-0.007827596823278604,-0.10386119386103082,0.09603359703775222
2019-12-31,7.74,7.85,7.57,7.8,3316765,0.0,7.991980000000001,,48.410390925477465,-0.011426293861061865,-0.08537421386103704,0.07394791999997517
2020-01-02,7.9,7.9014,7.68,7.84,1688007,0.0,7.949980000000002,,49.33886097553461,-0.01092468847629302,-0.07048430878408823,0.059559620307795214
2020-01-03,7.73,7.775,7.35,7.37,4330731,0.0,7.769980000000001,,40.18692473823845,-0.04790007242297012,-0.06596746151186461,0.018067389088894492
2020-01-06,7.23,7.54,7.085,7.47,3347584,0.0,7.668000000000001,,42.62546467771707,-0.06834631258150026,-0.06644323172579175,-0.0019030808557085055
2020-01-07,7.49,7.78,7.38,7.64,2007294,0.0,7.6240000000000006,,46.61042336024772,-0.07002531769053189,-0.06715964891873978,-0.0028656687717921042
2020-01-08,7.58,7.785,7.46,7.68,2614646,0.0,7.600000000000001,,47.53380234457601,-0.06735188502449674,-0.06719809613989118,-0.0001537888846055574
2020-01-09,7.73,8.025,7.71,7.89,2346237,0.0,7.610000000000002,,52.20717288958243,-0.04773763567048572,-0.0633060040460101,0.015568368375524375
2020-01-10,7.92,7.945,7.7,7.75,1581198,0.0,7.686000000000003,,49.06917391779968,-0.04299441881853383,-0.05924368700051485,0.016249268181981018
2020-01-13,7.71,8.52,7.71,8.415,5100274,0.0,7.875000000000003,,61.04623688560219,0.01426017465599827,-0.04454291466921222,0.05880308932521049
2020-01-14,8.48,8.89,8.3201,8.65,5772379,0.0,8.077000000000002,,64.24604950796015,0.07770169176959385,-0.020093993381451007,0.09779568515104486
2020-01-15,8.6,8.71,8.15,8.63,4446623,0.0,8.267000000000003,,63.76597247194011,0.12492565313472515,0.008909935921784226,0.11601571721294092
2020-01-16,8.7,8.94,8.68,8.78,2572831,0.0,8.445000000000004,,65.82838687076429,0.17246664106313503,0.041621276950054395,0.13084536411308062
2020-01-17,8.87,8.97,8.69,8.77,2456309,0.0,8.649000000000004,,65.56047322999723,0.2069507012228513,0.07468716180461378,0.13226353941823754
2020-01-21,8.82,8.9,8.545,8.77,4446469,0.0,8.720000000000002,,65.56047322999723,0.2316097147243621,0.10607167238856345,0.12553804233579863
2020-01-22,8.82,8.97,8.64,8.72,3943662,0.0,8.734000000000004,,64.04888820806748,0.24430142371016927,0.13371762265288462,0.11058380105728466
2020-01-23,8.84,9.25,8.625,9.06,6968254,0.0,8.820000000000004,,69.24214851633894,0.27858351566531603,0.1626908012553709,0.11589271440994514
2020-01-24,9.1,9.18,8.65,8.78,5576709,0.0,8.820000000000004,,61.378760956289206,0.27993178126361684,0.1861389972570201,0.09379278400659674
2020-01-27,8.5,8.51,8.2,8.38,2208453,0.0,8.742000000000004,,52.249995540561706,0.24588917703136204,0.1980890332118885,0.047800143819473534
2020-01-28,8.47,8.72,8.44,8.65,1343904,0.0,8.718000000000004,,56.908766040712926,0.23795392668379733,0.2060620119062703,0.031891914777527036
2020-01-29,8.7,8.9,8.6,8.65,1892911,0.0,8.704000000000004,,56.908766040712926,0.22902512454044732,0.21065463443310573,0.018370490107341597
2020-01-30,8.6,8.98,8.53,8.73,2420006,0.0,8.638000000000002,,58.30661624097811,0.22580141773821616,0.21368399109412783,0.012117426644088325
2020-01-31,8.67,8.73,8.47,8.53,2123100,0.0,8.588000000000003,,53.62333523735476,0.20474807004144502,0.21189680688359128,-0.007148736842146258
2020-02-03,8.56,8.82,8.55,8.785,1949113,0.0,8.669,,58.23004884867398,0.20626185096230643,0.2107698156993343,-0.004507964737027886
2020-02-04,8.93,9.42,8.8887,9.28,3165365,0.0,8.795000000000002,,65.41233422326982,0.24458447873833933,0.21753274830713532,0.027051730431204013
2020-02-05,9.47,9.8901,9.315,9.52,2965178,0.0,8.969000000000001,,68.26184974893037,0.2909673411983267,0.2322196668853736,0.05874767431295308
2020-02-06,9.76,9.9,9.5,9.79,3122167,0.0,9.181000000000001,,71.14222953462252,0.34552978510631505,0.2548816905295619,0.09064809457675316
2020-02-07,9.81,10.09,9.39,9.52,4168274,0.0,9.379,,64.8081641100097,0.36280201568828474,0.2764657555613065,0.08633626012697826
2020-02-10,9.62,9.769,9.21,9.5,3015183,0.0,9.522,,64.35111583916765,0.3706044525751473,0.29529349496407464,0.07531095761107265
2020-02-11,9.59,9.97,9.59,9.88,3368779,0.0,9.642,,68.84659651853636,0.40280745067653356,0.31679628610656646,0.0860111645699671
2020-02-12,10.21,11.175,10.1,10.945,8905528,0.0,9.927000000000001,,77.4350542578352,0.5084045865032412,0.3551179461859014,0.15328664031733974
2020-02-13,9.74,9.75,8.75,8.81,13628139,0.0,9.731000000000002,,48.543382474976184,0.41503021045290467,0.3671003990393021,0.047929811413602585
2020-02-14,8.95,8.98,8.26,8.325,8436663,0.0,9.492,,44.483079397092894,0.29845450032283516,0.3533712192960087,-0.05491671897317352
2020-02-18,8.28,9.24,8.16,9.22,8402065,0.0,9.436000000000002,,52.396016191854606,0.27511507500357624,0.3377199904375222,-0.06260491543394597
2020-02-19,9.58,10.77,9.53,10.41,11466874,0.0,9.542,,60.46475059763561,0.34862276086451516,0.3399005445229208,0.008722216341594369
2020-02-20,10.38,10.83,10.04,10.69,7151963,0.0,9.491,,62.09284314066283,0.4245775260163658,0.3568359408216098,0.06774158519475598
2020-02-21,10.42,10.42,9.9146,10.2,4750009,0.0,9.769,,57.620889481605985,0.4401594357391403,0.3735006398051159,0.0666587959340244
2020-02-24,9.44,10.135,9.23,9.94,4789262,0.0,10.091999999999999,,55.34326321452285,0.4266106819807529,0.38412264824024334,0.04248803374050958
2020-02-25,9.97,10.1,9.33,9.51,4420392,0.0,10.149999999999999,,51.70327209309121,0.37683190701927316,0.38266449999604935,-0.005832592976776185
2020-02-26,9.45,9.75,8.78,8.885,4513847,0.0,9.844999999999999,,46.87720338074897,0.28367951174154094,0.36286750234514764,-0.0791879906036067
2020-02-27,8.53,8.76,8.12,8.37,5175963,0.0,9.380999999999998,,43.29138074156332,0.16638142983743087,0.3235702878436043,-0.15718885800617344
2020-02-28,8.05,8.64,7.81,8.57,6111750,0.0,9.054999999999998,,45.04933477339948,0.08853955450130613,0.2765641411751447,-0.1880245866738386
2020-03-02,8.7,8.74,8.18,8.72,3937330,0.0,8.810999999999998,,46.3915966663176,0.03850914442882747,0.22895314182588128,-0.1904439973970538
2020-03-03,8.91,9.225,8.71,8.91,4964363,0.0,8.690999999999999,,48.12025500067311,0.014029374207613188,0.18596838830222767,-0.17193901409461448
2020-03-04,9.06,9.24,8.8201,9.23,3476640,0.0,8.759999999999998,,50.98687262752619,0.020217253672955238,0.1528181613763732,-0.13260090770341795
2020-03-05,8.99,9.41,8.895,9.35,4212919,0.0,8.956,,52.05670506893338,0.0344075609045138,0.12913604128200132,-0.09472848037748752
2020-03-06,9.03,9.26,8.41,8.55,4347813,0.0,8.952,,45.004109978055936,-0.018684449793317626,0.09957194306693753,-0.11825639286025516
2020-03-09,7.81,7.95,6.85,6.86,10977566,0.0,8.58,,34.40115906400982,-0.194882641083149,0.04068102623692023,-0.23556366732006923
2020-03-10,7.33,7.3754,6.385,6.86,4863936,0.0,8.169999999999998,,34.40115906400982,-0.3307087722522972,-0.03359693346092326,-0.297111838791374
2020-03-11,6.62,6.82,6.15,6.23,10816880,0.0,7.5699999999999985,,31.221028233954982,-0.4836129061055914,-0.1236001279898569,-0.3600127781157345
2020-03-12,5.56,5.59,4.85,5.05,15668884,0.0,6.709999999999998,,26.314320282570108,-0.6920293881148041,-0.23728598001484635,-0.4547434080999577
2020-03-13,5.53,5.61,4.89,5.09,10001074,0.0,6.017999999999997,,26.734663672535305,-0.8442413966620235,-0.3586770633442818,-0.4855643333177417
2020-03-16,4.49,4.79,4.03,4.485,9442844,0.0,5.5429999999999975,,24.46172233460068,-1.0021369429977431,-0.4873690392749741,-0.514767903722769
2020-03-17,4.56,5.65,4.25,5.33,5756555,0.0,5.236999999999997,,33.02626258933226,-1.0470165084402838,-0.599298533108036,-0.4477179753322478
2020-03-18,4.89,5.53,4.63,4.92,10530394,0.0,4.974999999999998,,31.179070854394695,-1.1029533017819864,-0.7000294868428262,-0.4029238149391602
2020-03-19,4.91,5.99,4.77,5.56,4558262,0.0,5.076999999999997,,37.09369963222141,-1.0831550253199929,-0.7766545945382596,-0.3065004307817333
2020-03-20,5.86,6.135,5.32,5.8,6583347,0.0,5.218999999999998,,39.20378231257152,-1.0361546089999694,-0.8285545974306017,-0.2076000115693677
2020-03-23,5.89,6.26,5.51,6.15,10469272,0.0,5.551999999999998,,42.2462568452784,-0.9596026633475301,-0.8547642106139874,-0.10483845273354264
2020-03-24,6.59,6.915,6.39,6.78,4945336,0.0,5.841999999999999,,47.35339867402063,-0.8384340146073281,-0.8514981714126556,0.013064156805327465
2020-03-25,6.89,7.37,6.42,6.67,6436843,0.0,6.191999999999998,,46.57889447402975,-0.7427214377925564,-0.8297428246886358,0.08702138689607941
2020-03-26,6.75,6.86,6.24,6.37,9863792,0.0,6.353999999999998,,44.44389398787668,-0.6832005136465948,-0.8004343624802277,0.11723384883363286
2020-03-27,6.1,6.11,5.44,5.4685,4871892,0.0,6.287699999999999,,38.70296472730027,-0.7006960800433868,-0.7804867059928596,0.07979062594947284
2020-03-30,5.6,5.6,5.25,5.39,3666731,0.0,6.135699999999998,,38.23975907633103,-0.7126804003822595,-0.7669254448707397,0.05424504448848011
2020-03-31,5.38,5.49,5.01,5.08,8200422,0.0,5.795699999999998,,36.38767522474677,-0.7386774559140568,-0.7612758470794031,0.022598391165346343
2020-04-01,4.94,4.95,4.515,4.73,4740906,0.0,5.407699999999997,,34.36400252070271,-0.7785477705795509,-0.7647302317794327,-0.013817538800118268
2020-04-02,4.74,5.19,4.71,4.8827,3211412,0.0,5.110239999999997,,36.035405946987126,-0.7887316607524637,-0.7695305175740389,-0.019201143178424807
2020-04-03,4.69,4.93,4.61,4.74,7104844,0.0,4.964539999999997,,35.134978934167364,-0.7991055728736631,-0.7754455286339639,-0.02366004423969925
2020-04-06,5.0,5.6,5.0,5.55,8988512,0.0,4.996539999999997,,43.72991064509043,-0.7335112809700615,-0.7670586791011835,0.033547398131122064
2020-04-07,5.85,6.007999999999999,5.61,5.65,6907638,0.0,5.110539999999998,,44.70405830148357,-0.6657834308351003,-0.7468036294479669,0.08102019861286658
2020-04-08,5.8,6.03,5.6,5.9,5032002,0.0,5.344539999999997,,47.16658290142219,-0.5851900048793883,-0.7144809045342512,0.12929089965486285
2020-04-09,6.05,6.36,6.04,6.29,6888366,0.0,5.625999999999998,,50.84423828570084,-0.48426706426019184,-0.6684381364794394,0.18417107221924756
2020-04-13,6.23,6.46,5.995,6.4,2544952,0.0,5.957999999999997,,51.862039072616966,-0.39090274252993584,-0.6129310576895387,0.22202831515960286
2020-04-14,6.6,6.84,6.49,6.65,2569059,0.0,6.177999999999996,,54.18391156955996,-0.29335630536201585,-0.5490161072240342,0.2556598018620183
2020-04-15,6.35,6.54,6.2,6.49,7128612,0.0,6.3459999999999965,,52.440569020235,-0.2263514750411435,-0.48448318078745606,0.25813170574631256
2020-04-16,6.57,6.76,6.22,6.46,3874428,0.0,6.457999999999997,,52.102073179886126,-0.17366847151292486,-0.4223202389325499,0.24865176741962502
2020-04-17,6.69,6.82,6.55,6.67,6116652,0.0,6.533999999999997,,54.32461958370574,-0.11366134941517103,-0.36058846102907416,0.24692711161390313
2020-04-20,6.46,6.59,6.25,6.2965,8731131,0.0,6.513299999999998,,49.890494646806644,-0.09514680817715693,-0.30750013045869073,0.2123533222815338
2020-04-21,6.26,6.37,6.0,6.145,6305582,0.0,6.4122999999999974,,48.17289978738884,-0.09164228945019826,-0.26432856225699225,0.172686272806794
2020-04-22,6.35,6.44,6.23,6.37,4927796,0.0,6.3882999999999965,,50.877705853712605,-0.06990350937123946,-0.2254435516798417,0.15554004230860224
2020-04-23,6.48,6.98,6.45,6.83,5639134,0.0,6.462299999999996,,55.94037989864746,-0.01537992373249697,-0.18343082609037276,0.1680509023578758
2020-04-24,6.85,6.91,6.49,6.67,4811467,0.0,6.462299999999996,,53.86105195039332,0.014749722266317988,-0.1437947164190346,0.1585444386853526
2020-04-27,6.75,7.0492,6.71,6.88,8053764,0.0,6.578999999999996,,56.16414284370547,0.05493961902018896,-0.10404784933118989,0.15898746835137884
2020-04-28,7.0,7.21,6.85,7.12,2118258,0.0,6.773999999999996,,58.701349711394506,0.10494663648809155,-0.062248952167333615,0.16719558865542516
2020-04-29,7.3,7.75,7.26,7.7228,2409265,0.0,7.044559999999995,,64.29173577010434,0.1910165602992624,-0.011595849674014412,0.2026124099732768
2020-04-30,7.55,7.62,7.3303,7.35,4385681,0.0,7.148559999999996,,58.97481855157398,0.2265344030538925,0.03603020087156698,0.19050420218232553
2020-05-01,7.05,7.13,6.7388,6.84,2216510,0.0,7.182559999999995,,52.56980478443889,0.2110964234108943,0.07104344537943244,0.14005297803146186
2020-05-04,6.72,7.13,6.6804,7.12,2710893,0.0,7.230559999999994,,55.43168967783012,0.21893166530414732,0.10062108936437542,0.1183105759397719
2020-05-05,7.4,7.6,7.2,7.21,2191791,0.0,7.248559999999995,,56.34352225642804,0.22975492701191857,0.12644785689388405,0.10330707011803453
2020-05-06,7.29,7.66,7.2228,7.51,2520348,0.0,7.205999999999994,,59.33043087154703,0.2595480246232853,0.15306789043976432,0.10648013418352098
2020-05-07,7.55,7.63,7.175,7.265,2848554,0.0,7.188999999999995,,55.96296303864577,0.26038822332594247,0.17453195701699997,0.0858562663089425
2020-05-08,8.01,8.35,7.605,7.7197,12917418,0.0,7.364939999999993,,60.449594963738,0.2943514761747368,0.19849586084854734,0.09585561532618944
2020-05-11,7.56,7.82,7.35,7.375,2384243,0.0,7.415939999999994,,55.80767848453804,0.29010899363547793,0.21681848740593349,0.07329050622954444
2020-05-12,7.45,7.61,7.07,7.08,2672068,0.0,7.389939999999993,,52.1190427178826,0.25994626237382956,0.2254440423995127,0.03450221997431685
2020-05-13,7.17,7.31,6.63,6.81,9131694,0.0,7.249939999999993,,48.93128801229888,0.21181368076001572,0.2227179700716133,-0.010904289311597593
2020-05-14,6.61,6.69,6.1,6.47,10544528,0.0,7.090939999999994,,45.18355456199205,0.1445666304271418,0.20708770214271904,-0.06252107171557725
2020-05-15,6.32,6.43,6.16,6.34,2119442,0.0,6.814999999999992,,43.80213239876858,0.07986234164295691,0.18164263004276665,-0.10178028839980974
2020-05-18,6.65,7.195,6.57,7.17,6739888,0.0,6.773999999999992,,53.56376484346302,0.09446881234887439,0.16420786650398822,-0.06973905415511383
2020-05-19,7.14,7.71,7.11,7.46,3777064,0.0,6.8499999999999925,,56.412605215369446,0.12796996390081716,0.15696028598335401,-0.02899032208253685
2020-05-20,7.69,7.85,6.96,7.13,3684718,0.0,6.913999999999993,,52.46797715695612,0.12643417136856971,0.15085506306039717,-0.024420891691827457
2020-05-21,7.09,7.27,6.82,6.87,2931180,0.0,6.993999999999993,,49.529400235225594,0.10304932911260867,0.14129391627083948,-0.038244587158230814
2020-05-22,6.89,6.94,6.7,6.71,1751734,0.0,7.0679999999999925,,47.756805994240906,0.07078998741221021,0.12719313049911363,-0.05640314308690342
2020-05-26,6.99,7.5,6.98,7.27,6207458,0.0,7.087999999999991,,53.96653513685597,0.08938121556816991,0.11963074751292488,-0.030249531944754965
2020-05-27,7.405,7.54,6.865,7.29,2750873,0.0,7.0539999999999905,,54.17602468074322,0.10452384485767396,0.11660936698187471,-0.012085522124200748
2020-05-28,7.29,7.43,6.98,7.02,2143283,0.0,7.031999999999989,,50.814075336794225,0.093658111738538,0.11201911593320737,-0.018361004194669378
2020-05-29,7.0,7.25,6.9,7.22,3725504,0.0,7.10199999999999,,53.13409646663477,0.10003216001569815,0.10962172474970554,-0.009589564734007391
2020-06-01,7.18,7.45,7.11,7.405,5079854,0.0,7.24099999999999,,55.237357763184825,0.11864393960588693,0.11142616772094183,0.007217771884945101
2020-06-02,7.41,7.63,7.27,7.38,2460078,0.0,7.262999999999991,,54.878935581622926,0.12987944852006983,0.11511682388076744,0.01476262463930239
2020-06-03,7.48,7.8,7.4,7.78,4526898,0.0,7.360999999999992,,59.416437448531596,0.16911092190274868,0.1259156434851637,0.04319527841758497
2020-06-04,7.78,7.93,7.44,7.6,2737443,0.0,7.476999999999992,,56.655377626789814,0.18356166689598474,0.13744484816732794,0.046116818728656805
2020-06-05,7.69,8.2,7.63,8.01,5552840,0.0,7.634999999999993,,61.0906401294279,0.2254981575101036,0.15505551003588308,0.07044264747422052
2020-06-08,8.15,8.94,8.02,8.925,6366072,0.0,7.938999999999993,,68.77075208942327,0.32877605576891344,0.18979961918248917,0.13897643658642428
2020-06-09,8.63,8.6642,7.8501,8.08,8761470,0.0,8.078999999999992,,57.48591678068289,0.338537644937281,0.21954722433344753,0.11899042060383347
2020-06-10,8.13,8.2,7.56,7.635,5721076,0.0,8.049999999999992,,52.59156138666889,0.30682905930067683,0.23700359132689341,0.06982546797378342
2020-06-11,7.15,7.43,6.965,7.01,3638731,0.0,7.931999999999991,,46.59162571669129,0.22863197301216154,0.23532926766394704,-0.006697294651785507
2020-06-12,7.32,7.428,7.02,7.04,1301395,0.0,7.737999999999991,,46.90474668198838,0.16715411938996816,0.22169423800915128,-0.05454011861918312
2020-06-15,7.09,7.4157,7.0082,7.36,2476948,0.0,7.424999999999992,,50.25491316168438,0.1426098851345161,0.20587736743422427,-0.06326748229970816
2020-06-16,7.7,7.84,7.46,7.67,6593080,0.0,7.342999999999992,,53.3272609723446,0.1464842328245819,0.19399874051229582,-0.047514507687713925
2020-06-17,7.85,7.85,6.97,7.04,9372565,0.0,7.223999999999992,,46.97729071220917,0.09759394417349831,0.17471778124453635,-0.07712383707103804
2020-06-18,7.05,7.395,7.01,7.08,4468096,0.0,7.237999999999992,,47.405510549802464,0.06136828845913378,0.15204788268745584,-0.09067959422832206
2020-06-19,7.19,7.88,7.1601,7.26,7455611,0.0,7.281999999999992,,49.38643974210387,0.046645985110738586,0.1309675031721124,-0.0843215180613738
2020-06-22,7.26,7.3,7.015,7.15,2721762,0.0,7.239999999999992,,48.191881164437696,0.025804910007456883,0.1099349845391813,-0.08413007453172441
2020-06-23,7.22,7.52,7.15,7.4519,2414133,0.0,7.1963799999999924,,51.64859881627085,0.033265550197109306,0.0946010976707669,-0.06133554747365759
2020-06-24,7.32,7.43,6.92,7.23,3311653,0.0,7.234379999999992,,49.05769043943874,0.021030262024361868,0.07988693054148589,-0.058856668517124025
2020-06-25,7.19,7.72,7.13,7.7,3410281,0.0,7.358379999999992,,54.28823320935621,0.04869742642435426,0.07364902971805957,-0.024951603293705313
2020-06-26,7.6,7.71,7.19,7.205,2809803,0.0,7.347379999999992,,48.6255218338137,0.030331843815523563,0.06498559253755237,-0.03465374872202881
2020-06-29,7.31,7.6,7.25,7.48,1739069,0.0,7.413379999999994,,51.64330157281535,0.03753451449161904,0.059495376928365706,-0.021960862436746664
2020-06-30,7.46,8.16,7.46,7.67,4189646,0.0,7.456999999999994,,53.66829665249876,0.05790658394449544,0.05917761833159165,-0.0012710343870962135
2020-07-01,7.6,7.75,7.4291,7.64,1916190,0.0,7.538999999999993,,53.28884541063381,0.07081454053641245,0.061505002772555814,0.009309537763856637
2020-07-02,7.93,8.06,7.59,7.76,2204324,0.0,7.550999999999992,,54.6694639357705,0.08969325820203089,0.06714265385845083,0.022550604343580055
2020-07-06,7.95,8.65,7.93,8.48,4308006,0.0,7.805999999999992,,61.9384733585929,0.1608980283593997,0.08589372875864061,0.07500429960075909
2020-07-07,8.41,8.89,8.2699,8.61,3852570,0.0,8.031999999999991,,63.08935728258837,0.2252220160512488,0.11375938621716225,0.11146262983408656
2020-07-08,8.64,9.52,8.58,9.42,4610949,0.0,8.38199999999999,,69.3151621245189,0.33766705465823943,0.1585409199053777,0.17912613475286174
2020-07-09,9.66,10.56,9.4172,9.77,8357180,0.0,8.80799999999999,,71.54832044150787,0.4498371896961002,0.2168001738635222,0.233037015832578
2020-07-10,9.68,9.82,9.09,9.23,3460714,0.0,9.101999999999991,,63.82987128922262,0.48951650131042346,0.2713434393529025,0.21817306195752095
2020-07-13,9.38,9.7,8.86,8.97,3998921,0.0,9.199999999999992,,60.44859184746725,0.49428500469702463,0.31593175242172694,0.1783532522752977
2020-07-14,8.79,10.16,8.77,9.86,6260800,0.0,9.449999999999992,,66.91034889747206,0.5633852850745953,0.36542245895230063,0.19796282612229466
2020-07-15,10.5,10.88,9.9,10.6,7231861,0.0,9.685999999999991,,71.1332674049186,0.6701346752840927,0.4263649022186591,0.24376977306543357
2020-07-16,10.46,10.59,9.7,9.8,5626255,0.0,9.691999999999993,,61.931429700994485,0.6823157111999762,0.47755506401492254,0.2047606471850537
2020-07-17,9.92,10.04,9.28,9.61,4790697,0.0,9.767999999999992,,59.94796465582811,0.6689268850805128,0.5158294282280407,0.1530974568524721
2020-07-20,9.75,10.66,9.68,10.35,5175586,0.0,10.043999999999993,,64.69105107126035,0.7098453046726085,0.5546326035169542,0.15521270115565433
2020-07-21,10.38,10.48,9.615,9.79,4027037,0.0,10.029999999999992,,58.99716730820781,0.6891421256672992,0.5815345079470232,0.10760761772027594
2020-07-22,9.77,9.98,9.56,9.85,2492584,0.0,9.879999999999992,,59.409395618578586,0.6698545395444224,0.5991985142665031,0.07065602527791937
2020-07-23,9.89,10.37,9.74,10.235,2607590,0.0,9.966999999999993,7.892800499999994,62.04617427575026,0.6778217636413775,0.614923164141478,0.06289859949989951
