Date,Open,High,Low,Close,Volume,OpenInterest,5 day sma,200 day sma,rsi,macd,signal,histogram
2019-10-08,61.85,62.19,60.63,60.81,3953392,0.0,,,,,,
2019-10-09,61.43,62.52,61.27,62.235,3809829,0.0,,,,,,
2019-10-10,62.25,62.63,61.56,62.01,3596973,0.0,,,,,,
2019-10-11,62.76,63.56,61.5,61.53,8429864,0.0,,,,,,
2019-10-14,61.87,62.29,61.4,61.83,3334745,0.0,61.68300000000001,,,,,
2019-10-15,62.22,64.49,62.22,64.29,5921035,0.0,62.379000000000005,,,,,
2019-10-16,63.82,63.88,62.56,63.01,3988849,0.0,62.534000000000006,,,,,
2019-10-17,63.02,64.55,63.02,63.38,4963997,0.0,62.80800000000001,,,,,
2019-10-18,63.17,63.43899999999999,59.7825,60.46,7229285,0.0,62.59400000000001,,,,,
2019-10-21,60.7,61.48,59.8301,61.15,5146863,0.0,62.458000000000006,,,,,
2019-10-22,61.28,61.49,58.55,58.82,6622409,0.0,61.364,,,,,
2019-10-23,58.9,59.69,57.62,58.34,6638894,0.0,60.42999999999999,,,,,
2019-10-24,59.62,61.77,59.59,61.69,7446571,0.0,60.092,,,,,
2019-10-25,61.48,63.25,61.11,62.8701,4778462,0.0,60.57402,,,,,
2019-10-28,62.82,63.43,61.91,62.82,5747095,0.0,60.90802,,55.72969521442172,,,
2019-10-29,62.8,63.6168,62.38,62.41,3882295,0.0,61.626020000000004,,54.361262237842986,,,
2019-10-30,62.51,62.73,61.475,62.1859,4591440,0.0,62.3952,,53.58673473988604,,,
2019-10-31,61.24,61.8,61.04,61.46,2729800,0.0,62.349199999999996,,51.04951237944621,,,
2019-11-01,61.57,62.8143,61.46,62.61,5661241,0.0,62.297180000000004,,54.70820945463426,,,
2019-11-04,63.3,63.83,62.36,62.39,5681347,0.0,62.21118,,53.87855943082219,,,
2019-11-05,62.5,62.55,59.91,61.05,7526146,0.0,61.93918000000001,,49.00394496082784,,,
2019-11-06,61.33,61.93,60.5779,61.34,8996255,0.0,61.77000000000002,,50.057061117459526,,,
2019-11-07,61.91,66.6,60.54,64.41,22907678,0.0,62.36000000000003,,59.57450104585004,,,
2019-11-08,63.18,63.4507,61.33,62.49,11205833,0.0,62.33600000000003,,52.79792327604528,,,
2019-11-11,61.88,64.895,61.88,63.77,11499800,0.0,62.61200000000002,,56.36170587183871,,,
2019-11-12,63.88,63.99,60.82,61.53,10632757,0.0,62.70800000000003,,49.341000051214806,0.3948426936442928,,
2019-11-13,61.3,62.14,60.85,61.54,4516877,0.0,62.748000000000026,,49.371320101360666,0.3008050931756827,,
2019-11-14,61.65,63.0,61.35,62.99,7030723,0.0,62.464000000000034,,53.6986466932877,0.3393704478720565,,
2019-11-15,63.2,64.72,63.1,64.7,7324499,0.0,62.90600000000003,,58.232564775424635,0.5021282562766558,,
2019-11-18,64.5,66.38,64.23,65.74,7128841,0.0,63.30000000000003,,60.74990877653047,0.7068857613654274,,
2019-11-19,65.7,66.5,65.14,66.4,6579275,0.0,64.27400000000004,,62.302690442948276,0.9119022025447734,,
2019-11-20,66.36,67.75,66.02,67.18,7386093,0.0,65.40200000000004,,64.1097860179503,1.1243577937531555,,
2019-11-21,67.17,67.67,66.28,67.4,7388111,0.0,66.28400000000003,,64.624874124369,1.2955482678479981,,
2019-11-22,67.49,68.07,67.0345,67.75,5283110,0.0,66.89400000000003,,65.47382772459106,1.4428280037587982,0.7798520578043155,0.6629759459544826
2019-11-25,68.32,69.53,68.09,68.21,7486377,0.0,67.38800000000003,,66.60806020535425,1.578470782563457,0.9395758027561438,0.6388949798073131
2019-11-26,69.13,69.44,67.93,68.97,7945505,0.0,67.90200000000004,,68.4520769627413,1.727382124560691,1.0971370671170533,0.6302450574436378
2019-11-27,68.94,69.73,68.4,69.65,4209637,0.0,68.39600000000004,,70.04596757960252,1.8786103027686494,1.2534317142473725,0.6251785885212768
2019-11-29,69.34,69.6,68.94,69.16,1985719,0.0,68.74800000000005,,67.40331045247552,1.9365969346664116,1.3900647583311803,0.5465321763352313
2019-12-02,68.95,68.96,66.11,66.9,5611822,0.0,68.57800000000005,,56.76576935384797,1.7796736755017974,1.4679865417653037,0.3116871337364937
2019-12-03,65.3,67.33,64.68,67.05,4243750,0.0,68.34600000000005,,57.24803201523216,1.6484127325608284,1.5040717799244088,0.14434095263641966
2019-12-04,67.47,68.43,67.19,67.82,3462524,0.0,68.11600000000006,,59.73121422076707,1.5882121335892947,1.520899850657386,0.0673122829319086
2019-12-05,67.59,67.89,66.66,67.18,3315776,0.0,67.62200000000004,,56.7792178831806,1.4718930075165702,1.511098482029223,-0.03920547451265288
2019-12-06,67.67,68.3232,67.61,67.98,3589513,0.0,67.38600000000005,,59.47527590396117,1.4278037434138184,1.4944395343061423,-0.06663579089232385
2019-12-09,67.78,68.06,66.72,67.11,3423657,0.0,67.42800000000007,,55.42611530168768,1.3075878955451259,1.457069206553939,-0.14948131100881312
2019-12-10,67.3,67.4299,65.42,65.83,5090124,0.0,67.18400000000005,,50.02940309429401,1.0963921412828057,1.3849337934997124,-0.28854165221690664
2019-12-11,65.9,66.07,64.875,65.67,5909576,0.0,66.75400000000006,,49.382142095312595,0.9056673521453007,1.28908050522883,-0.3834131530835294
2019-12-12,65.65,66.2,65.09,65.85,4282136,0.0,66.48800000000007,,50.16330313297396,0.7602770774404632,1.1833198196711567,-0.4230427422306935
2019-12-13,66.02,66.34,64.4849,64.79,6093798,0.0,65.85000000000007,,45.69142877063455,0.553144787259285,1.0572848131887824,-0.5041400259294975
2019-12-16,65.0,67.3,65.0,66.47,4974643,0.0,65.72200000000007,,52.86356170824737,0.5185751036442952,0.949542871279885,-0.43096776763558986
2019-12-17,66.53,66.55,65.12,65.55,4075216,0.0,65.66600000000008,,49.043873239039726,0.4121905925084093,0.8420724155255899,-0.4298818230171806
2019-12-18,65.91,66.3,65.1,65.13,2787307,0.0,65.55800000000008,,47.36142231229964,0.2906393021027043,0.7317857928410127,-0.44114649073830847
2019-12-19,64.9,65.57,64.12,64.5,5258376,0.0,65.28800000000008,,44.874657389921644,0.14183827056429266,0.6137962883856688,-0.47195801782137614
2019-12-20,64.57,65.13,63.55,63.61,5401113,0.0,65.05200000000008,,41.555182901891946,-0.04735727574716009,0.481565575559103,-0.5289228513062632
2019-12-23,63.52,64.22,62.675,62.8,4619622,0.0,64.31800000000007,,38.74603170727339,-0.2596631051849414,0.3333198394102942,-0.5929829445952356
2019-12-24,62.8,64.02,62.37,63.96,3378703,0.0,64.00000000000007,,44.529274389238886,-0.33050484499874244,0.2005549025284869,-0.5310597475272294
2019-12-26,64.08,64.9153,63.73,64.05,3719205,0.0,63.78400000000007,,44.96344223282155,-0.37506170844262954,0.08543158033426362,-0.46049328877689316
2019-12-27,64.33,64.4,63.06,63.82,4073113,0.0,63.64800000000007,,44.01531283950382,-0.42404430278251937,-0.016463596289092983,-0.40758070649342637
2019-12-30,63.5,63.76,61.55,61.8,6077125,0.0,63.28600000000007,,36.696496083259056,-0.6187281666923212,-0.13691651036973865,-0.4818116563225826
2019-12-31,61.15,62.7,61.0,62.56,5005015,0.0,63.23800000000007,,40.69222156619685,-0.7035804456336905,-0.25024929742252905,-0.45333114821116144
2020-01-02,62.99,64.05,62.95,63.83,4571798,0.0,63.21200000000007,,46.7418510175206,-0.6607315992700009,-0.33234575779202347,-0.32838584147797745
2020-01-03,62.59,63.27,62.33,63.0,4870465,0.0,63.002000000000066,,43.61093397693177,-0.6858416871700186,-0.40304494366762256,-0.28279674350239603
2020-01-06,61.36,62.58,61.13,62.57,5681852,0.0,62.752000000000066,,42.039841426727676,-0.7320009675797721,-0.4688361484500525,-0.26316481912971956
2020-01-07,64.57,65.49,63.66,64.57,8302437,0.0,63.30600000000006,,50.89987215309942,-0.6002795950508997,-0.4951248377702219,-0.10515475728067775
2020-01-08,64.56,68.0,64.15,67.6,11170180,0.0,64.31400000000006,,60.70115217299867,-0.2485288946929387,-0.4458056491547653,0.19727675446182658
2020-01-09,68.22,68.3099,66.7,67.92,7398838,0.0,65.13200000000008,,61.57356551021711,0.055418564501394485,-0.3455608064235334,0.40097937092492786
2020-01-10,68.46,69.51,67.89,67.99,6029443,0.0,66.13000000000008,,61.773478037328964,0.2985065332205892,-0.2167473384947089,0.5152538717152981
2020-01-13,68.24,69.05,67.82,68.66,7421428,0.0,67.34800000000008,,63.71906155407025,0.5390055795593298,-0.06559675488390115,0.604602334443231
2020-01-14,68.99,69.28,68.1,68.16,5437792,0.0,68.06600000000009,,61.21512279561734,0.6814022047015413,0.08380303703318735,0.597599167668354
2020-01-15,68.54,71.0,68.5,70.37,8363893,0.0,68.62000000000009,,67.32671164718428,0.9614975411553957,0.25934193785762905,0.7021556032977666
2020-01-16,70.95,71.0,69.19,69.53,5612457,0.0,68.94200000000009,,63.247230608382054,1.102979670386702,0.4280694843634437,0.6749101860232584
2020-01-17,69.84,70.3,69.19,69.38,4203612,0.0,69.22000000000008,,62.51873928473029,1.1892921115749004,0.5803140098057351,0.6089781017691653
2020-01-21,69.2,69.62,68.31,68.31,8179275,0.0,69.15000000000009,,57.43657600488817,1.158006507245716,0.6958525092937313,0.46215399795198464
2020-01-22,68.92,70.047,68.69,68.69,8921836,0.0,69.25600000000009,,58.71997832826277,1.1506117288425628,0.7868043532034976,0.3638073756390652
2020-01-23,68.86,69.44,67.55,69.29,7613202,0.0,69.04000000000009,,60.733255184322864,1.1795689625285064,0.8653572750684995,0.31421168746000694
2020-01-24,70.63,71.92,70.02,71.16,20346245,0.0,69.3660000000001,,66.25687659326681,1.3379876617123188,0.9598833523972634,0.37810430931505534
2020-01-27,68.39,72.45,68.34,71.06,10321862,0.0,69.7020000000001,,65.7244386872859,1.438879945554774,1.0556826710287655,0.3831972745260086
2020-01-28,71.47,74.98,71.03,74.82,13958897,0.0,71.0040000000001,,74.1393562774114,1.8014721343708828,1.2048405636971888,0.596631570673694
2020-01-29,74.5,77.07,74.27,76.16,10739678,0.0,72.4980000000001,,76.36625034866123,2.171919323507481,1.3982563156592474,0.7736630078482338
2020-01-30,75.42,76.39,74.06,76.1,8134749,0.0,73.8600000000001,,76.0504640870794,2.432618183104438,1.6051286891482854,0.8274894939561526
2020-01-31,75.8,76.38,74.33,74.68,6131006,0.0,74.5640000000001,,68.79945362601279,2.495870928565239,1.7832771370316762,0.7125937915335627
2020-02-03,74.89,79.805,74.6,79.795,13498227,0.0,76.3110000000001,,77.22356908964886,2.9250191373614456,2.0116255370976304,0.9133936002638152
2020-02-04,79.9,81.68,79.25,80.9,10103672,0.0,77.5270000000001,,78.56971279936795,3.316060963200499,2.2725126223182044,1.0435483408822948
2020-02-05,81.98,82.1,77.84,78.39,9490287,0.0,77.9730000000001,,68.64514288205356,3.3844149753171138,2.4948930929179864,0.8895218823991273
2020-02-06,78.66,79.2,77.8217,78.5,5928441,0.0,78.45300000000009,,68.83095909981189,3.408174785661288,2.677549431466647,0.730625354194641
2020-02-07,77.8,80.0,77.34,78.85,4278226,0.0,79.28700000000009,,69.45130160998681,3.415870650909156,2.825213675355149,0.590656975554007
2020-02-10,79.6,80.62,78.9,80.17,3931100,0.0,79.3620000000001,,71.73601666175506,3.48827201939784,2.957825344163687,0.530446675234153
2020-02-11,80.56,81.45,79.61,79.88,3730674,0.0,79.15800000000009,,70.48872579499712,3.482110447479883,3.062682364826926,0.41942808265295684
2020-02-12,80.01,80.9059,79.61,79.98,3506744,0.0,79.47600000000008,,70.67805167933244,3.4455780427295792,3.139261500407457,0.30631654232212213
2020-02-13,79.3,82.54,79.08,81.0,5912803,0.0,79.97600000000008,,72.60835269370175,3.4590574630223045,3.2032206929304268,0.2558367700918778
2020-02-14,81.39,82.59,81.01,81.86,4718956,0.0,80.57800000000009,,74.15332218254031,3.4988027927328744,3.2623371128909167,0.23646567984195777
2020-02-18,81.68,82.98,81.3508,82.425,4271183,0.0,81.02900000000008,,75.14517481180273,3.535141124640205,3.3168979152407747,0.21824320939943043
2020-02-19,83.01,86.48,82.93,85.24,8536942,0.0,82.10100000000008,,79.38898891074847,3.747883223717011,3.403094976936022,0.34478824678098885
2020-02-20,85.23,87.25,80.3,85.74,11564371,0.0,83.25300000000009,,80.04086295208648,3.9117366264271283,3.504823306834244,0.40691331959288446
2020-02-21,85.63,86.21,82.725,83.49,7232330,0.0,83.75100000000009,,69.4033092405502,3.816046424830475,3.56706793043349,0.24897849439698483
2020-02-24,76.57,80.8451,76.07,80.22,10170565,0.0,83.42300000000009,,57.45269274007624,3.43673305976381,3.541000956299554,-0.10426789653574398
2020-02-25,80.74,81.3999,75.79,77.03,8704543,0.0,82.34400000000008,,48.651629599678536,2.845912240298304,3.4019832130993044,-0.5560709728010003
2020-02-26,77.68,79.0775,76.0,76.66,8777209,0.0,80.62800000000009,,47.738176407749435,2.321070718035614,3.1858007140865663,-0.8647299960509525
2020-02-27,81.39,85.9354,79.05,79.32,33972617,0.0,79.34400000000008,,54.37094674342612,2.0956128790202797,2.967763147073309,-0.8721502680530291
2020-02-28,76.44,84.15,76.42,83.34,22075592,0.0,79.31400000000008,,62.1824242337822,2.2157742543897996,2.817365368536607,-0.6015911141468075
2020-03-02,82.8,84.42,79.57,80.7,16883458,0.0,79.41000000000008,,55.46678608864023,2.0740685028486467,2.6687059953990153,-0.5946374925503686
2020-03-03,80.49,80.6,75.81,78.82,16748764,0.0,79.76800000000007,,51.224175059017846,1.7894378598708442,2.492852368293381,-0.7034145084225369
2020-03-04,78.35,79.48,75.82,79.217,11847710,0.0,80.27940000000008,,52.058111011018624,1.5777137052885593,2.309824635692417,-0.7321109304038576
2020-03-05,77.78,79.02,75.66,76.3221,15086367,0.0,79.67982000000008,,45.89598579272671,1.1629211202991598,2.0804439326137656,-0.9175228123146058
2020-03-06,75.03,75.94,70.27,73.08,30245884,0.0,77.62782000000007,,40.16225005216707,0.5660594526259928,1.7775670366162113,-1.2115075839902185
2020-03-09,66.24,67.41,63.33,65.83,30637316,0.0,74.65382000000007,,30.873699859896277,-0.48636560840142806,1.3247805076126835,-1.8111461160141116
2020-03-10,68.32,68.56,63.37,67.25,22311558,0.0,72.33982000000006,,34.08900916987976,-1.192096176347107,0.8214051708207255,-2.0135013471678325
2020-03-11,66.35,66.35,60.82,62.43,25285798,0.0,68.98242000000008,,29.13518485477681,-2.1159352688817847,0.23393708288022347,-2.3498723517620084
2020-03-12,55.0,58.045,52.9701,53.58,36172172,0.0,64.43400000000005,,22.63195378181433,-3.521610509256462,-0.5171724355471137,-3.0044380737093483
2020-03-13,56.74,57.79,52.31,57.78,27529332,0.0,61.37400000000006,,30.554196073364153,-4.247747970982999,-1.2632875426342909,-2.9844604283487084
2020-03-16,49.25,49.25,40.0,41.21,51412872,0.0,56.45000000000006,,21.291303267444093,-6.090075065258958,-2.2286450471592243,-3.8614300180997336
2020-03-17,43.79,45.2917,39.0,44.73,43371202,0.0,51.94600000000006,,26.396132848089877,-7.183293443221494,-3.2195747263716785,-3.9637187168498156
2020-03-18,41.0,42.0805,32.33,39.4627,46326703,0.0,47.352540000000054,,23.898340422454936,-8.378126150249457,-4.2512850111472344,-4.126841139102223
2020-03-19,40.18,47.42,37.0,39.99,47547618,0.0,44.63454000000006,,24.666862756680544,-9.176707602761404,-5.2363695294700685,-3.9403380732913353
2020-03-20,41.85,43.84,37.81,38.03,50048716,0.0,40.684540000000055,,23.70845864331082,-9.854152243871773,-6.15992607235041,-3.694226171521364
2020-03-23,38.47,40.55,36.11,40.01,40880814,0.0,40.44454000000005,,26.802491030148445,-10.114666965609281,-6.950874251002185,-3.163792714607096
2020-03-24,43.5,48.88,42.56,46.36,49665998,0.0,40.770540000000054,,35.79553861722225,-9.696954374769902,-7.5000902757557295,-2.1968640990141726
2020-03-25,50.29,58.1,49.53,52.44,64510070,0.0,43.366000000000064,,43.01471793726021,-8.774165827818592,-7.754905386168303,-1.0192604416502897
2020-03-26,53.79,59.25,53.78,56.07,38161036,0.0,46.582000000000065,,46.85672918683175,-7.661620204676467,-7.7362483498699355,0.0746281451934685
2020-03-27,54.0,54.4173,51.48,53.34,27956202,0.0,49.64400000000007,,44.4305740924915,-6.920433517546009,-7.573085383405151,0.6526518658591423
2020-03-30,52.9,55.44,51.5301,55.0,22638946,0.0,52.642000000000074,,46.25292314021883,-6.128444705491717,-7.284157247822464,1.1557125423307477
2020-03-31,54.69,55.24,51.135,52.39,27440598,0.0,53.84800000000007,,43.8196988390214,-5.646305952964937,-6.956586988850959,1.310281035886022
2020-04-01,49.78,50.01,46.05,46.81,31118720,0.0,52.72200000000007,,39.08559224607451,-5.649344754227826,-6.695138541926332,1.0457937876985062
2020-04-02,46.33,48.03,45.0,45.86,24409150,0.0,50.68000000000008,,38.32641885955323,-5.663129060012395,-6.488736645543545,0.8256075855311504
2020-04-03,46.02,46.68,42.33,43.75,34775566,0.0,48.76200000000007,,36.62487195041881,-5.777710734800735,-6.346531463394983,0.5688207285942486
2020-04-06,47.22,51.1,46.19,50.42,43105722,0.0,47.846000000000075,,44.94567411143873,-5.269560072771078,-6.1311371852702035,0.8615771124991252
2020-04-07,54.78,54.91,49.7,50.3,30371432,0.0,47.428000000000075,,44.831630496259315,-4.82095701764505,-5.8691011517451726,1.0481441341001227
2020-04-08,51.81,57.75,51.81,57.06,47071396,0.0,49.47800000000008,,52.19103321431768,-3.875288447188524,-5.470338610833843,1.5950501636453192
2020-04-09,58.88,64.94,58.5,59.21,58301698,0.0,52.14800000000007,,54.28001635025137,-2.9187072202247037,-4.960012332712016,2.0413051124873123
2020-04-13,60.1,60.1,56.12,59.44,28209178,0.0,55.28600000000007,,54.50901083134069,-2.1176397948801267,-4.3915378251456385,2.273898030265512
2020-04-14,60.02,62.61,59.6145,62.41,33592501,0.0,57.68400000000007,,57.471216484204525,-1.22896714203317,-3.759023688523145,2.530056546489975
2020-04-15,59.67,61.76,59.33,61.3,24062736,0.0,59.88400000000007,,56.00345377371064,-0.6072553240814713,-3.1286700156348104,2.521414691553339
2020-04-16,58.1,59.3,56.63,57.29,37304296,0.0,59.93000000000008,,50.94187009215039,-0.4331249217081279,-2.589560996849474,2.1564360751413463
2020-04-17,59.5,61.44,58.7,61.08,27028178,0.0,60.30400000000007,,55.07465281246042,0.010574110598135178,-2.069533975359952,2.0801080859580874
2020-04-20,59.44,63.59,59.15,61.05,25348214,0.0,60.626000000000076,,55.03513086689009,0.3556878924836866,-1.5844896017912244,1.940177494274911
2020-04-21,60.0,60.44,56.86,57.38,29515216,0.0,59.620000000000076,,50.28151188854848,0.32925922709506494,-1.2017398360139668,1.5309990631090318
2020-04-22,59.35,61.245,58.01,61.07,22720782,0.0,59.57400000000007,,54.53375814890714,0.5991597402282522,-0.8415599207655231,1.4407196609937754
2020-04-23,61.31,63.5,60.9209,61.8275,24297698,0.0,60.48150000000006,,55.37747283965869,0.8642195754154685,-0.5004040215293248,1.3646235969447933
2020-04-24,62.23,62.56,61.04,61.975,17944818,0.0,60.66050000000007,,55.55044175776304,1.0738052630930284,-0.1855621646048542,1.2593674276978826
2020-04-27,63.61,64.24,61.81,63.64,18996022,0.0,61.178500000000064,,57.55072318768993,1.35859398975672,0.12326906626746065,1.2353249234892594
2020-04-28,64.17,65.025,60.9,61.74,22552538,0.0,62.05050000000007,,54.53479243985417,1.4146695563478602,0.3815491642835406,1.0331203920643195
2020-04-29,63.44,66.72,63.39,65.75,27218914,0.0,62.98650000000007,,59.37375953974456,1.76236785431702,0.6577129022902365,1.1046549520267837
2020-04-30,65.0,66.89,64.72,65.11,19156600,0.0,63.64300000000007,,58.307125576640146,1.9636429555257067,0.9188989129373306,1.044744042588376
2020-05-01,62.84,63.9095,61.44,62.97,19275340,0.0,63.84200000000008,,54.764398753088884,1.9282471749282308,1.1207685653355108,0.80747860959272
2020-05-04,61.34,64.17,61.09,63.68,13837142,0.0,63.85000000000008,,55.72556458533034,1.9351792878512555,1.2836507098386598,0.6515285780125957
2020-05-05,66.0,68.59,65.21,66.685,23234346,0.0,64.83900000000008,,59.634833253594344,2.1582722049521834,1.4585750088613647,0.6996971960908187
2020-05-06,67.32,69.81,67.12,68.23,26955344,0.0,65.33500000000008,,61.516264691685095,2.4317122715702624,1.6532024614031442,0.7785098101671182
2020-05-07,69.86,76.8,69.58,74.63,60029038,0.0,67.23900000000008,,68.14076548125753,3.1287754317802055,1.9483170554785567,1.1804583763016487
2020-05-08,72.04,76.4,72.0,76.06,39621398,0.0,69.85700000000008,,69.40790911216034,3.7533260509557493,2.3093188545739953,1.444007196381754
2020-05-11,75.7,75.9027,74.36,74.93,24319268,0.0,72.10700000000008,,67.13558450259754,4.109730940042496,2.6694012716676956,1.4403296683748006
2020-05-12,76.0,77.39,74.31,75.2,32837424,0.0,73.81000000000009,,67.4101298225061,4.363669460665534,3.0082549094672633,1.3554145511982707
2020-05-13,75.32,75.8,70.82,73.77,26556186,0.0,74.91800000000008,,64.34425198965481,4.398821641089114,3.2863682557916336,1.1124533852974805
2020-05-14,72.17,78.25,71.07,78.1927,30971110,0.0,75.63054000000008,,69.03495113485283,4.729041478844451,3.5749029004021975,1.1541385784422533
2020-05-15,77.75,81.13,76.65,80.39,30614078,0.0,76.49654000000007,,71.07117436848213,5.109151705247129,3.881752661371184,1.2273990438759448
2020-05-18,78.7,81.35,76.44,76.62,31389030,0.0,76.83454000000008,,63.37131148103398,5.047994170887435,4.115000963274435,0.9329932076130003
2020-05-19,76.45,82.14,76.25,79.23,27800580,0.0,77.64054000000007,,66.10884654393145,5.150756852846243,4.322152141188797,0.8286047116574462
2020-05-20,81.5,83.1,80.52,82.03,19557162,0.0,79.29254000000007,,68.80260619636917,5.3959326651746835,4.536908245985974,0.8590244191887093
2020-05-21,79.5,81.7,78.76,81.52,19030508,0.0,79.95800000000007,,67.74638363727188,5.485846105999826,4.726695817988745,0.7591502880110816
2020-05-22,81.23,82.49,80.83,81.5,12173004,0.0,80.18000000000008,,67.70249018948746,5.492178903159115,4.879792435022819,0.6123864681362958
2020-05-26,83.98,84.09,80.5,80.8,18083716,0.0,81.01600000000008,,66.0885315232527,5.3787111071653015,4.979576169451315,0.39913493771398656
2020-05-27,80.04,81.14,76.02,80.96,22619144,0.0,81.36200000000007,,66.28636508536005,5.241279516490195,5.031916838859091,0.20936267763110372
2020-05-28,81.02,82.32,79.0,79.65,19041816,0.0,80.88600000000008,,63.04349427802549,4.969374087710662,5.019408288629406,-0.050034200918744
2020-05-29,79.73,81.95,79.34,81.13,14346364,0.0,80.80800000000008,,65.11965656627174,4.817774403194377,4.979081511542401,-0.16130710834802375
2020-06-01,81.0,83.42,80.12,82.72,16618760,0.0,81.05200000000009,,67.24839856816912,4.770933916428703,4.937451992519662,-0.16651807609095925
2020-06-02,82.96,88.27,82.38,88.0101,35066056,0.0,82.49402000000008,,73.12517714574581,5.10186819128262,4.970335232272254,0.13153295901036532
2020-06-03,88.0,92.5496,87.09,91.96,33066994,0.0,84.69402000000008,,76.51382188360769,5.618097971395713,5.099887780096946,0.5182101912987669
2020-06-04,90.96,92.9599,86.19,87.72,26032718,0.0,86.30802000000008,,66.77984567727187,5.620293976083815,5.203969019294321,0.4163249567894942
2020-06-05,90.0,91.45,88.06700000000001,90.05,21373116,0.0,88.09202000000008,,69.1058045048488,5.743834504245882,5.311942116284634,0.4318923879612484
2020-06-08,90.5,91.23,88.03,89.59,17028656,0.0,89.46602000000007,,68.09216365216201,5.7384735561763165,5.39724840426297,0.34122515191334646
2020-06-09,89.02,91.6538,87.87,89.6,15020530,0.0,89.78400000000008,,68.10311694442984,5.66967539394318,5.451733802199012,0.21794159174416805
2020-06-10,90.26,92.97,89.5,91.96,17616058,0.0,89.78400000000009,,70.66267247372241,5.739424122746911,5.509271866308592,0.23015225643831894
2020-06-11,87.75,90.0,85.77,86.12,28200560,0.0,89.46400000000008,,58.21385268940003,5.26279507411455,5.459976507869785,-0.1971814337552349
2020-06-12,89.02,89.18,85.72,85.76,5399378,0.0,88.60600000000008,,57.5408929916167,4.800674935452562,5.32811619338634,-0.5274412579337779
2020-06-15,84.79,91.3,84.06,91.09,19013228,0.0,88.90600000000006,,64.1489526176122,4.8090916366666505,5.224311282042403,-0.4152196453757524
2020-06-16,93.07,95.8681,92.56,94.79,25467220,0.0,89.94400000000005,,67.88544579289663,5.056038150305412,5.190656655695005,-0.13461850538959297
2020-06-17,94.78,100.0,94.7,97.01,33213432,0.0,90.95400000000005,,69.91170874308801,5.368990112269628,5.22632334700993,0.14266676525969846
2020-06-18,97.0,98.6499,95.82,98.27,16298028,0.0,93.38400000000006,,71.02898326852184,5.653508143868137,5.311760306381572,0.34174783748656523
2020-06-19,100.1,102.26,97.94,97.99,26407198,0.0,95.83000000000007,,70.4033385312699,5.789657506016638,5.407339746308585,0.3823177597080534
2020-06-22,99.74,105.46,99.25,104.24,16101162,0.0,98.46000000000006,,75.5750329289771,6.328923729853585,5.591656543017585,0.7372671868360001
2020-06-23,105.0,106.36,103.05,104.74,13391491,0.0,100.45000000000006,,75.93728380809003,6.7191873100124155,5.817162696416552,0.9020246135958638
2020-06-24,104.0,105.7492,98.93,100.88,12894746,0.0,101.22400000000007,,67.60171640389183,6.640457211162342,5.981821599365711,0.6586356117966314
2020-06-25,102.46,106.15,101.286,104.88,12446004,0.0,102.54600000000008,,71.1373966339601,6.822187678317846,6.149894815156138,0.672292863161708
2020-06-26,105.03,107.84,102.5176,104.3,13559670,0.0,103.80800000000006,,69.945432944481,6.84055556365827,6.288026964856565,0.5525285988017057
2020-06-29,105.15,105.28,101.22,103.67,8907260,0.0,103.69400000000005,,68.6008372579771,6.726734897601247,6.375768551405502,0.3509663461957455
2020-06-30,103.5,105.3,102.8875,104.85,6777339,0.0,103.71600000000005,,69.77291068932857,6.655032268666545,6.4316212948577105,0.2234109738088348
2020-07-01,106.92,117.13,106.54,115.9,21806540,0.0,106.72000000000006,,78.03974297034833,7.404495653191589,6.626196166524487,0.7782994866671018
2020-07-02,118.0,118.78,113.23,113.46,14032499,0.0,108.43600000000006,,73.27426465268098,7.712656474079381,6.843488228035466,0.8691682460439152
2020-07-06,118.79,128.36,118.03,118.975,33916325,0.0,111.37100000000007,,76.73268176371023,8.306142513531881,7.136019085134749,1.1701234283971322
2020-07-07,121.2,129.84,120.03,125.62,27932000,0.0,115.76100000000008,,80.07785066640935,9.20655302861823,7.550125873831446,1.656427154786785
2020-07-08,127.2,133.43,127.0,133.39,24520060,0.0,121.46900000000008,,83.13173660126692,10.426913938972291,8.125483486859615,2.301430452112676
2020-07-09,132.54,133.81,127.67,129.39,21029172,0.0,124.16700000000007,,76.62019900924479,10.94512361017307,8.689411511522305,2.255712098650765
2020-07-10,128.39,129.6,125.255,128.07,10852045,0.0,127.08900000000008,,74.5451204489067,11.121098439630416,9.175748897143928,1.945349542486488
2020-07-13,131.05,133.24,116.67,118.74,16973312,0.0,127.04200000000007,,61.80417935708083,10.387960788183818,9.418191275351907,0.9697695128319115
2020-07-14,118.59,121.8536,111.14,121.24,16443215,0.0,126.16600000000008,,63.599463204389,9.894614072227839,9.513475834727092,0.38113823750074616
2020-07-15,124.01,124.48,117.66,122.2,9364921,0.0,123.92800000000008,,64.29349682088426,9.471910929273974,9.50516285363647,-0.0332519243624958
2020-07-16,119.94,123.3,117.55,120.19,10767005,0.0,122.08800000000008,,61.64335863802303,8.872449367936639,9.378620156496504,-0.5061707885598654
2020-07-17,120.98,122.38,118.59,120.72,6456094,0.0,120.61800000000008,,62.08712329095861,8.343954419675896,9.171687009132382,-0.8277325894564864
2020-07-20,121.26,129.46,120.53,128.39,11204550,0.0,122.54800000000007,,67.8788425090533,8.446655478221757,9.026680702950259,-0.5800252247285016
2020-07-21,129.95,130.8,125.07,127.0,8670569,0.0,123.70000000000007,,65.9136713468315,8.319977897558587,8.885340141871925,-0.5653622443133379
2020-07-22,127.49,131.71,127.06,129.12,7727095,0.0,125.08400000000006,,67.46097732370605,8.29503132698136,8.767278378893813,-0.4722470519124542
2020-07-23,127.74,129.8494,122.69,123.82,5461360,0.0,125.81000000000003,74.10384049999993,60.114186988648264,7.758163998728747,8.5654555028608,-0.8072915041320528
