Date,Open,High,Low,Close,Volume,OpenInterest,5 day sma,200 day sma,rsi,macd,signal,histogram
2019-10-09,132.89,133.41899999999998,132.71,133.02,120919,0.0,,,,,,
2019-10-10,132.46,133.0,132.3,132.56,75675,0.0,,,,,,
2019-10-11,135.2,136.22,135.06,135.43,121651,0.0,,,,,,
2019-10-14,135.28,135.56,135.025,135.08,38924,0.0,,,,,,
2019-10-15,136.8,137.36,136.38,136.87,153460,0.0,134.592,,,,,
2019-10-16,137.18,137.43,136.59,136.74,149600,0.0,135.336,,,,,
2019-10-17,136.18,136.35,135.61,135.99,104173,0.0,136.02200000000002,,,,,
2019-10-18,135.92,135.98,135.3822,135.77,102793,0.0,136.09,,,,,
2019-10-21,136.42,136.6995,136.21,136.35,84821,0.0,136.344,,,,,
2019-10-22,136.6,136.99,136.3,136.41,68460,0.0,136.252,,,,,
2019-10-23,136.75,137.31,136.61,137.31,90457,0.0,136.36599999999999,,,,,
2019-10-24,137.9,138.17,137.67,138.15,118601,0.0,136.79799999999997,,,,,
2019-10-25,138.22,138.44,137.72,138.29,136623,0.0,137.30199999999996,,,,,
2019-10-28,137.95,138.36,137.66,138.34,106932,0.0,137.7,,,,,
2019-10-29,138.2,138.74,138.2,138.68,137753,0.0,138.15399999999997,,79.8523206751055,,,
2019-10-30,137.42,139.09,137.42,139.04,125934,0.0,138.49999999999994,,80.6439039600873,,,
2019-10-31,138.51,138.65,138.25,138.54,125195,0.0,138.57799999999995,,76.16784848553496,,,
2019-11-01,139.62,140.09,139.45,139.8,97719,0.0,138.87999999999997,,79.2877221253762,,,
2019-11-04,140.03,140.63,140.03,140.56,125111,0.0,139.32399999999996,,80.91097172772868,,,
2019-11-05,140.88,140.94,140.41,140.78,69391,0.0,139.74399999999997,,81.36622396055155,,,
2019-11-06,140.63,140.85,140.19,140.41,89007,0.0,140.01799999999997,,77.99714867013057,,,
2019-11-07,142.7,143.5,142.64,142.84,166989,0.0,140.878,,82.9812196693698,,,
2019-11-08,144.0,144.5792,143.93,144.365,180926,0.0,141.791,,85.2407482997191,,,
2019-11-11,144.95,145.41,144.35,145.06,197792,0.0,142.69099999999997,,86.14364499182318,,,
2019-11-12,144.77,145.28,143.68,144.5,105109,0.0,143.435,,81.8013236440443,,,
2019-11-13,144.49,144.71,144.03,144.57,88654,0.0,144.267,,81.92398173006552,3.3168887497647006,,
2019-11-14,143.5,143.87,142.88,143.86,81889,0.0,144.47099999999998,,76.30624410659489,3.2205078814029378,,
2019-11-15,144.01,144.4,143.922,144.27,100984,0.0,144.45199999999997,,77.27532123495456,3.1410014132402466,,
2019-11-18,143.3,143.76,143.27,143.6,121255,0.0,144.16,,72.08666389768251,2.9894678394576317,,
2019-11-19,143.56,143.56,142.8,142.88,104324,0.0,143.83599999999998,,66.88896602996918,2.779241047013045,,
2019-11-20,141.75,141.87,140.5,141.34,78126,0.0,143.19,,57.36202482830633,2.4600121806018933,,
2019-11-21,142.1,142.38,141.86,142.16,50429,0.0,142.85,,60.58144401424498,2.2472828729509615,,
2019-11-22,143.1,143.1,142.345,142.51,54467,0.0,142.498,,61.903662004846296,2.0829247786609244,,
2019-11-25,140.75,142.7,140.75,142.59,99585,0.0,142.296,,62.21563792303449,1.9367989238335497,2.686013965213988,-0.7492150413804382
2019-11-26,141.98,142.0,141.28,141.91,76380,0.0,142.102,,57.87705526527141,1.7459960583838097,2.4980103838479524,-0.7520143254641427
2019-11-27,141.49,141.86,141.01,141.65,125798,0.0,142.164,,56.26154728418431,1.5558685021666747,2.309582007511697,-0.7537135053450221
2019-11-29,140.578,140.58,140.125,140.25,92281,0.0,141.78199999999998,,48.42364989669157,1.2774965592367948,2.1031649178567164,-0.8256683586199216
2019-12-02,141.35,141.35,139.7,140.33,106032,0.0,141.346,,48.86205720907791,1.0512222841864798,1.8927763911226694,-0.8415541069361896
2019-12-03,140.51,140.79,139.95,140.72,97237,0.0,140.972,,51.04664233569579,0.8930732392418008,1.6928357607464957,-0.7997625215046948
2019-12-04,144.02,144.02,142.74,143.45,159240,0.0,141.28,,62.97132051985456,0.9767675973137386,1.5496221280599445,-0.5728545307462058
2019-12-05,143.1,143.1314,142.58,142.8,79499,0.0,141.51000000000002,,59.26937580352338,0.9793569935545463,1.435569101158865,-0.45621210760431863
2019-12-06,142.35,142.85,142.33,142.77,80335,0.0,142.014,,59.096695458965925,0.9678317969506054,1.3420216403172132,-0.37418984336660777
2019-12-09,143.13,143.13,141.86,142.02,91166,0.0,142.352,,54.798318703778726,0.8879436024950564,1.251206032752782,-0.36326243025772564
2019-12-10,141.3,141.66,141.0,141.21,130693,0.0,142.45,,50.52417652520925,0.7506187367250732,1.1510885735472405,-0.4004698368221673
2019-12-11,141.33,141.83,140.9804,141.59,126594,0.0,142.07800000000003,,52.399916801789324,0.6647873605608652,1.0538283309499654,-0.38904097038910024
2019-12-12,140.85,141.8,140.23,141.58,139446,0.0,141.834,,52.34367684409145,0.589166910739209,0.9608960469078142,-0.37172913616860515
2019-12-13,142.61,142.88,141.78,142.1,75668,0.0,141.70000000000002,,55.04560954949663,0.5646874482209512,0.8816543271704417,-0.3169668789494905
2019-12-16,142.19,142.65,142.18,142.53,67874,0.0,141.80200000000002,,57.20625773968721,0.57337519185225,0.8199985001068034,-0.24662330825455336
2019-12-17,142.38,142.86,142.29,142.77,59426,0.0,142.114,,58.40783295877946,0.5927929375251892,0.7745573875904807,-0.1817644500652914
2019-12-18,142.42,142.54,142.14,142.31,60056,0.0,142.258,,55.208162425355624,0.5645556392629771,0.73255703792498,-0.1680013986620028
2019-12-19,142.98,143.0,142.46,142.77,81649,0.0,142.496,,57.703467321084126,0.572693874080187,0.7005844051560215,-0.12789053107583448
2019-12-20,140.56,142.255,140.56,141.93,80771,0.0,142.46200000000002,,52.00597061181136,0.5055350110557129,0.6615745263359598,-0.15603951528024695
2019-12-23,142.12,142.12,141.7,141.86,71172,0.0,142.32800000000003,,51.54919021484924,0.44157253989916967,0.6175741290486019,-0.1760015891494322
2019-12-24,141.5,141.68,141.19,141.38,57898,0.0,142.05,,48.409323956693655,0.3481367287092496,0.5636866489807315,-0.2155499202714819
2019-12-26,141.36,141.53,140.84,141.5,60736,0.0,141.888,,49.24170281061708,0.2805373127774544,0.5070567817400762,-0.22651946896262176
2019-12-27,142.0,142.0,141.24,141.28,121080,0.0,141.59,,47.72153903533704,0.20682794345452749,0.44701101408296645,-0.24018307062843897
2019-12-30,141.46,141.46,140.44,140.57,79262,0.0,141.31799999999998,,43.097420627390306,0.09008324733594009,0.3756254607335612,-0.2855422133976211
2019-12-31,140.58,140.731,140.13,140.57,80976,0.0,141.05999999999997,,43.09742062739031,-0.0024099846354488363,0.3000183716597592,-0.30242835629520803
2020-01-02,142.0,142.35,141.53,142.23,106055,0.0,141.22999999999996,,54.9373764910643,0.057572924613566556,0.2515292822505207,-0.19395635763695412
2020-01-03,141.23,141.42,140.3,140.78,160543,0.0,141.08599999999996,,45.94454106707027,-0.011757535941910646,0.19887191861203443,-0.21062945455394508
2020-01-06,139.46,140.8909,139.46,140.8,141534,0.0,140.98999999999995,,46.07565844544191,-0.06434684223532372,0.1462281664425628,-0.21057500867788653
2020-01-07,142.13,142.43,141.36,141.51,109501,0.0,141.17799999999997,,50.651854007325966,-0.04817781620039341,0.10734696991397158,-0.155524786114365
2020-01-08,140.91,141.58,140.6,141.16,105950,0.0,141.29599999999996,,48.46826173721263,-0.06288096883744743,0.07330138216368778,-0.1361823510011352
2020-01-09,141.16,141.16,140.11,140.5,104396,0.0,140.94999999999996,,44.56662755245267,-0.1263335132814234,0.03337440307466555,-0.15970791635608894
2020-01-10,140.0,140.16,139.47,139.75,151236,0.0,140.74399999999997,,40.569979524743125,-0.23443640692516965,-0.020187758925301492,-0.21424864799986815
2020-01-13,140.16,140.65,139.72,140.56,103532,0.0,140.69599999999997,,46.18320398376752,-0.25184538163838965,-0.06651928346791913,-0.18532609817047052
2020-01-14,140.42,140.71,140.02,140.36,75904,0.0,140.46599999999995,,45.05172214855107,-0.27856927485657934,-0.10892928174565117,-0.16963999311092817
2020-01-15,139.61,139.82,139.28,139.35,125064,0.0,140.10399999999998,,39.75474003433277,-0.3769020199721922,-0.16252382939095938,-0.2143781905812328
2020-01-16,139.44,140.1,139.37,140.1,93658,0.0,140.02399999999997,,44.93244692612032,-0.38981910494908334,-0.20798288450258418,-0.18183622044649916
2020-01-17,139.68,140.06,139.47,140.05,76907,0.0,140.08399999999997,,44.656899366670494,-0.399485549247828,-0.24628341745163296,-0.15320213179619502
2020-01-21,141.75,142.96,141.4,142.33,309822,0.0,140.43799999999996,,57.46608191922713,-0.22062609051610593,-0.24115195206452755,0.02052586154842162
2020-01-22,141.93,142.23,141.22,141.54,300949,0.0,140.67399999999995,,52.89761052078618,-0.14099972153238127,-0.22112150595809832,0.08012178442571705
2020-01-23,142.45,143.1,142.1,143.09,316022,0.0,141.42199999999997,,59.67180148424877,0.046639168372593076,-0.16756937109196005,0.21420853946455312
2020-01-24,143.49,143.76,142.24,142.76,347512,0.0,141.95399999999995,,57.76695111032405,0.16679340783241514,-0.10069681530708502,0.26749022313950016
2020-01-27,141.44,141.54,140.68,141.08,167267,0.0,142.15999999999994,,49.16279453918056,0.12501347113757788,-0.055554758018152434,0.18056822915573031
2020-01-28,141.67,142.59,141.67,142.58,222517,0.0,142.20999999999995,,55.53145940136194,0.21051336721839675,-0.0023411329708425965,0.21285450018923935
2020-01-29,142.58,142.58,141.55,141.55,90584,0.0,142.21199999999993,,50.823209927993574,0.19293621039034292,0.03671433570139451,0.1562218746889484
2020-01-30,140.5,141.19,139.73,141.16,95733,0.0,141.82599999999994,,49.12483507664475,0.1458551193097719,0.05854249242307,0.08731262688670191
2020-01-31,140.05,140.6,138.51,138.77,252196,0.0,141.02799999999993,,40.24840877170893,-0.08334921266853712,0.03016415140474857,-0.11351336407328569
2020-02-03,138.55,139.875,138.55,138.92,134039,0.0,140.59599999999992,,40.96933817754102,-0.25000959569806014,-0.025870598015813172,-0.22413899768224696
2020-02-04,140.74,141.63,140.53,140.96,193003,0.0,140.2719999999999,,49.83424559435128,-0.2149998149297403,-0.0636964413985986,-0.1513033735311417
2020-02-05,142.2,142.2,141.46,141.72,86215,0.0,140.3059999999999,,52.68502290974437,-0.12449357854509913,-0.07585586882789871,-0.04863770971720041
2020-02-06,144.0,144.39,143.06,143.96,169536,0.0,140.86599999999993,,59.91528240278142,0.12652405484504925,-0.035379884093309125,0.16190393893835836
2020-02-07,142.99,143.16,142.26,142.385,82867,0.0,141.5889999999999,,53.7014634623652,0.19610739661973753,0.01091757204930021,0.1851898245704373
2020-02-10,140.93,141.9,140.71,141.3,123971,0.0,142.06499999999994,,49.86483918911724,0.16183671115410903,0.04110139987026198,0.12073531128384704
2020-02-11,141.99,142.34,141.7026,142.14,135417,0.0,142.30099999999993,,52.68329894477878,0.20015071301259013,0.07291126249872762,0.1272394505138625
2020-02-12,142.0,142.66,141.95,142.44,83978,0.0,142.44499999999994,,53.68472824571315,0.25181950976198664,0.10869291195137942,0.14312659781060721
2020-02-13,141.0,141.4566,140.78,141.03,120075,0.0,141.85899999999992,,48.49024060906678,0.17695239029484355,0.12234480762007227,0.05460758267477128
2020-02-14,140.6,140.99,139.755,140.06,122199,0.0,141.39399999999992,,45.24672206840594,0.038900346378483164,0.10565591537175445,-0.06675556899327129
2020-02-18,139.055,139.96,138.58,139.39,261884,0.0,141.0119999999999,,43.10211196226071,-0.12315068912724314,0.059894594471954936,-0.18304528359919808
2020-02-19,137.63,138.68,137.5205,137.82,291170,0.0,140.14799999999988,,38.49740293679395,-0.3739524897185902,-0.026874822366154093,-0.3470776673524361
2020-02-20,138.63,139.41,138.24,139.11,226884,0.0,139.48199999999989,,43.809223728088526,-0.4632820771936679,-0.11415627333165686,-0.34912580386201103
2020-02-21,139.3,139.81,138.64,139.04,133760,0.0,139.0839999999999,,43.58922401713539,-0.5335741234810314,-0.1980398433615318,-0.3355342801194996
2020-02-24,135.12,135.31,134.01,134.46,371958,0.0,137.96399999999988,,32.196698412597115,-0.9479217480824786,-0.3480162243057212,-0.5999055237767574
2020-02-25,136.26,136.26,133.3,134.03,304018,0.0,136.89199999999988,,31.367779008351476,-1.2960525451567548,-0.5376234884759279,-0.7584290566808269
2020-02-26,135.2,136.28,134.62,135.13,271591,0.0,136.3539999999999,,35.91324254343884,-1.4662854768228044,-0.7233558861453032,-0.7429295906775012
2020-02-27,133.16,133.73,131.225,131.4,289232,0.0,134.8119999999999,,28.919083805888164,-1.8804989078794279,-0.9547844904921281,-0.9257144173872998
2020-02-28,128.85,130.8,128.0,130.79,352171,0.0,133.1619999999999,,27.960070111476682,-2.232255881979313,-1.210278768789565,-1.021977113189748
2020-03-02,131.0,132.98,130.14,132.71,246171,0.0,132.8119999999999,,35.239638349377344,-2.3292477462230465,-1.4340725642762613,-0.8951751819467852
2020-03-03,132.45,133.99,130.02,130.93,273668,0.0,132.19199999999992,,32.010219004985956,-2.5206886911863933,-1.6513957896582878,-0.8692929015281055
2020-03-04,129.5,131.99,129.0,131.86,232112,0.0,131.53799999999993,,35.34409049004449,-2.5677642042923026,-1.834669472585091,-0.7330947317072116
2020-03-05,129.5,129.83,128.8007,129.27,216480,0.0,131.1119999999999,,30.812654720252212,-2.7819941452808052,-2.024134407124234,-0.7578597381565713
2020-03-06,127.42,127.88,126.2,127.16,269508,0.0,130.3859999999999,,27.697194737670586,-3.086453567476525,-2.2365982391946924,-0.8498553282818326
2020-03-09,122.6,125.69,122.24,122.79,415697,0.0,128.4019999999999,,22.60044111121816,-3.63842088039371,-2.516962767434496,-1.121458112959214
2020-03-10,126.29,127.0,123.235,127.0,424969,0.0,127.6159999999999,,35.00840194927217,-3.693569961677582,-2.752284206283113,-0.9412857553944689
2020-03-11,125.16,126.23,122.61,122.77,522800,0.0,125.79799999999989,,29.833429277384553,-4.032121863405109,-3.0082517377075124,-1.0238701256975968
2020-03-12,118.78,118.78,111.48,112.18,510194,0.0,122.37999999999988,,21.33178054157011,-5.09620529793915,-3.42584244975384,-1.6703628481853103
2020-03-13,117.18,117.27,111.5868,116.23,425708,0.0,120.19399999999989,,29.59496495753271,-5.548735563765661,-3.850421072556204,-1.6983144912094565
2020-03-16,110.0,112.5114,108.01,108.5,387029,0.0,117.3359999999999,,24.339920105262664,-6.4566867912506325,-4.37167421629509,-2.0850125749555426
2020-03-17,115.61,119.71,113.7,118.89,709924,0.0,115.7139999999999,,39.8103151405152,-6.265632205476749,-4.750465814131422,-1.5151663913453266
2020-03-18,115.87,119.28,112.035,116.07,501738,0.0,114.37399999999988,,37.56520029840403,-6.269499613141349,-5.054272573933408,-1.2152270392079414
2020-03-19,118.13,120.41,116.96,118.32,420103,0.0,115.60199999999986,,40.450805612503366,-6.021595164865559,-5.247737092119839,-0.7738580727457203
2020-03-20,120.0,121.85,116.5,116.5,294888,0.0,115.65599999999986,,38.88524946097617,-5.903931051089785,-5.378975883913828,-0.5249551671759569
2020-03-23,113.72,114.41,108.61,111.27,469892,0.0,116.20999999999985,,34.72603207421999,-6.1616707790308,-5.535514862937222,-0.6261559160935777
2020-03-24,114.03,116.97,112.52,116.4,384726,0.0,115.71199999999985,,41.35242451610124,-5.884154374665158,-5.605242765282809,-0.27891160938234894
2020-03-25,121.64,123.2,118.46,121.42,400257,0.0,116.78199999999984,,47.02026897764298,-5.199215261562003,-5.524037264538649,0.32482200297664576
2020-03-26,122.02,126.56,122.02,126.2,360756,0.0,118.35799999999986,,51.797200196712694,-4.222021195608676,-5.263634050752655,1.0416128551439794
2020-03-27,125.1,129.25,125.01,127.32,318168,0.0,120.52199999999985,,52.86949968450412,-3.3189543781739133,-4.874698116236908,1.5557437380629944
2020-03-30,124.42,125.29,123.0,125.22,256204,0.0,123.31199999999986,,50.596745968867445,-2.741121921458088,-4.447982877281144,1.706860955823056
2020-03-31,120.2,122.16,119.55,120.19,336032,0.0,124.06999999999987,,45.54625893621296,-2.6584198893136914,-4.090070279687654,1.4316503903739628
2020-04-01,118.0,119.33,116.5,116.7,368099,0.0,123.12599999999989,,42.384966698293034,-2.8417340249348655,-3.8404030287370965,0.998669003802231
2020-04-02,115.91,118.1199,115.72,117.81,272935,0.0,121.44799999999987,,43.72287416817777,-2.864424769083257,-3.645207376806329,0.7807826077230717
2020-04-03,114.81,115.69,113.98,115.1,465666,0.0,119.00399999999986,,41.206981773424666,-3.065741736503398,-3.529314248745743,0.4635725122423451
2020-04-06,120.0,122.81,119.4,122.48,627954,0.0,118.45599999999986,,49.69600280283221,-2.5998135287954938,-3.343414104755693,0.7436005759601994
2020-04-07,125.57,125.67,121.92,121.99,453822,0.0,118.81599999999985,,49.1881744324147,-2.244230875704744,-3.1235774589455034,0.8793465832407592
2020-04-08,123.17,123.915,121.745,123.41,436338,0.0,120.15799999999983,,50.75854913101563,-1.826788844072908,-2.8642197359709844,1.0374308918980764
2020-04-09,124.21,124.84,123.09,123.41,404330,0.0,121.27799999999984,,50.75854913101563,-1.47891501479927,-2.5871587917366416,1.1082437769373716
2020-04-13,121.75,121.7961,120.18,121.26,280328,0.0,122.50999999999983,,48.14569346715762,-1.36102053300597,-2.3419311399905074,0.9809106069845375
2020-04-14,124.77,125.25,123.7,124.6,559720,0.0,122.93399999999983,,52.25725065284728,-0.9867041095724147,-2.0708857339068887,1.084181624334474
2020-04-15,124.06,124.06,122.63,123.0,573010,0.0,123.13599999999983,,50.203654528893274,-0.8098270928131086,-1.8186740056881328,1.0088469128750241
2020-04-16,122.0,122.1,120.51,121.82,355060,0.0,122.81799999999983,,48.68414735350453,-0.7561504888813033,-1.606169302326767,0.8500188134454636
2020-04-17,124.96,124.96,123.52,124.62,328112,0.0,123.05999999999983,,52.36819445870472,-0.4821172466113097,-1.3813588911836756,0.8992416445723659
2020-04-20,122.68,123.17,121.64,121.65,333124,0.0,123.13799999999983,,48.399078226911456,-0.49884770071187745,-1.204856653089316,0.7060089523774387
2020-04-21,121.45,121.98,120.41,120.58,412894,0.0,122.33399999999983,,47.0165036767063,-0.5916268576201702,-1.082210693995487,0.4905838363753168
2020-04-22,122.14,122.14,121.11,121.51,203930,0.0,122.03599999999983,,48.39630365295518,-0.58338685966946,-0.9824459271302817,0.39905906746082165
2020-04-23,122.37,123.27,121.67,121.67,281894,0.0,122.00599999999982,,48.64409584451866,-0.557519204754584,-0.8974605826551422,0.3399413779005581
2020-04-24,122.75,122.79,121.69,122.5,202718,0.0,121.58199999999981,,49.9857583617688,-0.464688202131768,-0.8109061065504675,0.3462179044186995
2020-04-27,123.75,124.42,123.25,124.21,297650,0.0,122.09399999999982,,52.725934983160165,-0.2502515111636541,-0.6987751874731047,0.44852367630945067
2020-04-28,126.23,126.93,125.465,125.57,365702,0.0,123.0919999999998,,54.84487843019225,0.029096340861642034,-0.5532008818061555,0.5822972226677975
2020-04-29,127.66,128.79,127.14,127.94,312118,0.0,124.37799999999979,,58.34852971874899,0.43668686491723463,-0.3552233324614774,0.791910197378712
2020-04-30,124.9,125.07,122.97,123.6,496088,0.0,124.76399999999981,,50.6050868147669,0.4048368553890924,-0.20321129489136347,0.6080481502804559
2020-05-01,121.64,122.23,121.01,121.12,333928,0.0,124.4879999999998,,46.78431506720106,0.1774348609680061,-0.12708206371948957,0.3045169246874957
2020-05-04,120.25,120.94,119.82,120.68,351476,0.0,123.78199999999978,,46.119007367188324,-0.037850859572358786,-0.10923582289006342,0.07138496331770464
2020-05-05,122.53,122.88,121.78,121.96,232642,0.0,123.0599999999998,,48.41711253694616,-0.1039823972085685,-0.10818513775376444,0.00420274054519594
2020-05-06,123.45,123.45,121.43,121.57,242310,0.0,121.78599999999979,,47.74886603405669,-0.18572098199808806,-0.12369230660262917,-0.06202867539545889
2020-05-07,121.45,122.2,121.225,121.51,274658,0.0,121.36799999999978,,47.63992782517898,-0.252431030115261,-0.14944005130515553,-0.1029909788101055
2020-05-08,121.98,123.545,121.96,123.1,411436,0.0,121.76399999999978,,50.84069067817145,-0.17498242359606309,-0.15454852576333705,-0.020433897832726033
2020-05-11,123.22,123.87,122.96,123.63,336772,0.0,122.35399999999977,,51.8962808677638,-0.07003001195172942,-0.13764482300101555,0.06761481104928613
2020-05-12,121.54,122.395,120.05,120.11,690606,0.0,121.98399999999977,,44.98706570866277,-0.2678019969944785,-0.16367625779970815,-0.10412573919477033
2020-05-13,119.83,119.83,117.01,117.76,644332,0.0,121.22199999999975,,41.05708452717875,-0.6071640707801578,-0.2523738203957981,-0.3547902503843597
2020-05-14,116.0,117.06,115.1884,116.95,471788,0.0,120.30999999999976,,39.76754854880998,-0.9307421733668946,-0.38804749099001745,-0.5426946823768771
2020-05-15,116.2,117.35,116.11,116.89,319132,0.0,119.06799999999976,,39.66815954834974,-1.1784373571785238,-0.5461254642277188,-0.632311892950805
2020-05-18,118.46,119.75,118.1,119.46,447040,0.0,118.23399999999977,,45.904595055474324,-1.1540568048123845,-0.667711732344652,-0.4863450724677325
2020-05-19,119.29,119.68,118.27,118.29,416112,0.0,117.86999999999975,,43.690412482092924,-1.2151369212797931,-0.7771967701316802,-0.4379401511481129
2020-05-20,119.84,120.33,119.27,119.81,300228,0.0,118.27999999999975,,47.25017250114826,-1.1278904379277037,-0.847335503690885,-0.28055493423681876
2020-05-21,118.87,119.13,117.52,117.95,238154,0.0,118.47999999999975,,43.61651973230596,-1.1950575471199159,-0.9168799123766912,-0.27817763474322466
2020-05-22,117.99,118.06,117.12,117.63,241082,0.0,118.62799999999974,,43.00379066676971,-1.2595895267192958,-0.9854218352452122,-0.2741676914740836
2020-05-26,123.05,124.36,122.71,124.11,699356,0.0,119.55799999999974,,56.37009749589178,-0.7788713964712883,-0.9441117474904275,0.16524035101913914
2020-05-27,126.41,126.97,124.84,126.84,623960,0.0,121.26799999999976,,60.565853489606184,-0.1755865776562331,-0.7904067135235887,0.6148201358673556
2020-05-28,129.19,129.32,128.11,128.4,616304,0.0,122.98599999999973,,62.76916255277409,0.4235178995083544,-0.5476217909172001,0.9711396904255545
2020-05-29,125.94,126.25,124.71,126.05,505711,0.0,124.60599999999972,,57.55247388266638,0.700610946865126,-0.2979752433607349,0.9985861902258609
2020-06-01,124.9,126.84,124.7526,126.46,448794,0.0,126.37199999999973,,58.20511198954264,0.9424290216105788,-0.04989439036647214,0.992323411977051
2020-06-02,126.39,127.12,125.95,126.48,438964,0.0,126.84599999999973,,58.23884253727172,1.122743136905612,0.1846331150879447,0.9381100218176673
2020-06-03,128.05,129.25,127.58,128.73,436310,0.0,127.22399999999973,,61.95843850763291,1.430707265562333,0.4338479451828223,0.9968593203795106
2020-06-04,127.51,129.08,127.51,128.17,376730,0.0,127.17799999999973,,60.513771825213325,1.6110129815690186,0.6692809524600616,0.941732029108957
2020-06-05,130.12,132.0,130.12,131.09,436776,0.0,128.18599999999975,,65.08524056963793,1.9668534943199063,0.9287954608320306,1.0380580334878757
2020-06-08,131.86,132.11,130.79,132.07,355778,0.0,129.3079999999997,,66.48755104142045,2.3014082721809217,1.2033180231018088,1.098090249079113
2020-06-09,130.0,131.09,129.62,130.645,376578,0.0,130.1409999999997,,62.55332767758655,2.4236217503092945,1.447378768543306,0.9762429817659886
2020-06-10,131.15,131.81,130.43,130.95,303408,0.0,130.58499999999972,,63.057197299052,2.5160839140815483,1.6611197976509544,0.8549641164305939
2020-06-11,127.38,127.8878,123.83,124.46,504586,0.0,129.84299999999973,,48.19621756527582,2.042131661605893,1.7373221704419421,0.30480949116395095
2020-06-12,128.15,128.36,127.23,127.29,168196,0.0,129.0829999999997,,53.35817838537474,1.873284379334578,1.7645146122204693,0.10876976711410857
2020-06-15,126.17,128.22,125.245,127.41,349172,0.0,128.1509999999997,,53.56944777423224,1.7292213020070761,1.7574559501777909,-0.02823464817071475
2020-06-16,130.7,131.27,128.56,129.57,300732,0.0,127.9359999999997,,57.317202313296534,1.7689528362717937,1.7597553273965914,0.00919750887520232
2020-06-17,129.68,129.99,128.84,128.9,291640,0.0,127.5259999999997,,55.81231810267337,1.7264752310800873,1.7530993081332906,-0.026624077053203354
2020-06-18,128.88,129.12,128.48,129.06,194570,0.0,128.44599999999969,,56.108682874287595,1.686283657427552,1.739736177992143,-0.053452520564591044
2020-06-19,129.0,129.09,127.5,127.81,232612,0.0,128.54999999999967,,53.11166071098706,1.5358625252789437,1.6989614474495032,-0.16309892217055943
2020-06-22,127.93,128.33,127.18,128.25,113891,0.0,128.71799999999968,,54.042224663757196,1.4356082191764443,1.6462908017948914,-0.21068258261844708
2020-06-23,130.17,130.305,128.97,129.17,182235,0.0,128.6379999999997,,56.00817779511913,1.4140915039203321,1.5998509422199798,-0.1857594382996477
2020-06-24,129.4,129.42,127.0,127.86,415008,0.0,128.4299999999997,,52.560387280963766,1.2766172511821026,1.5352042040124045,-0.258586952830302
2020-06-25,126.45,127.8,126.01,127.73,180391,0.0,128.1639999999997,,52.216863388695835,1.143990788197101,1.456961520849344,-0.31297073265224307
2020-06-26,127.91,127.91,125.9,126.16,214817,0.0,127.83399999999969,,48.125963843838434,0.9018020688989026,1.3459296304592558,-0.44412756156035327
2020-06-29,126.47,127.0,125.93,126.88,244100,0.0,127.55999999999969,,50.05832657305513,0.7592120230795416,1.228586108983313,-0.4693740859037714
2020-06-30,125.51,126.12,124.87,125.59,203667,0.0,126.84399999999971,,46.701626662996034,0.5359382034423703,1.0900565278751244,-0.5541183244327541
2020-07-01,124.76,125.04,124.03,124.14,244420,0.0,126.09999999999971,,43.19542481345517,0.239231499129005,0.9198915221259006,-0.6806600229968957
2020-07-02,127.2,127.53,126.135,126.37,317988,0.0,125.8279999999997,,49.47760489951069,0.18193443450596192,0.772300104601913,-0.5903656700959511
2020-07-06,127.16,127.51,126.33,127.03,280761,0.0,126.0019999999997,,51.19784788500058,0.18761981767016778,0.655364047215564,-0.4677442295453962
2020-07-07,126.01,126.44,124.96,124.96,170489,0.0,125.61799999999971,,45.91714388572975,0.024807854990598344,0.5292528087705709,-0.5044449537799726
2020-07-08,125.49,125.4918,124.67,125.38,168372,0.0,125.57599999999971,,47.10916559705857,-0.06952981212290865,0.409496284591875,-0.47902609671478363
2020-07-09,125.07,125.07,122.9001,123.78,153972,0.0,125.5039999999997,,43.20264383940111,-0.27028405487995144,0.2735402166975097,-0.5438242715774612
2020-07-10,123.95,125.05,123.572,124.97,189288,0.0,125.2239999999997,,46.740144131414674,-0.3295612074117713,0.1529199318756535,-0.4824811392874248
2020-07-13,126.66,126.66,124.82,125.06,208768,0.0,124.8299999999997,,47.008957620570605,-0.3650682504789984,0.04932229540472313,-0.4143905458837215
2020-07-14,125.15,126.63,125.15,126.43,179118,0.0,125.12399999999971,,51.05837202775258,-0.2794390876344863,-0.01642998120311876,-0.26300910643136755
2020-07-15,127.82,128.15,126.93,127.33,188363,0.0,125.51399999999971,,53.568572586525526,-0.13737134936445727,-0.04061825483538647,-0.0967530945290708
2020-07-16,127.26,127.26,126.08,126.58,195266,0.0,126.07399999999973,,51.211354781039255,-0.08432829118292773,-0.04936026210489472,-0.03496802907803301
2020-07-17,127.08,127.33,126.54,127.06,125703,0.0,126.49199999999973,,52.647496315987304,-0.003518735158280606,-0.0401919567155719,0.036673221557291295
2020-07-20,127.18,127.64,126.92,127.305,132235,0.0,126.94099999999976,,53.401476907501326,0.07937785415057874,-0.016277994542341776,0.09565584869292051
2020-07-21,127.23,127.34,126.165,126.31,144290,0.0,126.91699999999973,,49.924718416583055,0.06404751410310894,-0.00021289281325163369,0.06426040691636058
2020-07-22,125.76,126.39,125.49,126.26,91411,0.0,126.70299999999972,,49.74943492533536,0.0473180737342318,0.009293300496245055,0.038024773237986746
2020-07-23,125.97,126.95,125.7,125.86,93013,0.0,126.55899999999971,,48.28878435211929,0.0017628931177711138,0.007787219020550267,-0.006024325902779153
2020-07-24,125.37,126.145,125.05,125.23,113765,0.0,126.19299999999971,131.88925,45.998109713492745,-0.08420498791353737,-0.01061122236626726,-0.07359376554727011
