Date,Open,High,Low,Close,Volume,OpenInterest,5 day sma,200 day sma,rsi,macd,signal,histogram
2019-10-08,111.67,112.6894,108.28,108.4,2645791,0.0,,,,,,
2019-10-09,109.44,111.43,108.31,111.0,1813913,0.0,,,,,,
2019-10-10,110.35,112.52,110.05,110.29,1883594,0.0,,,,,,
2019-10-11,112.64,115.43,111.1,114.39,3625061,0.0,,,,,,
2019-10-14,114.3,117.05,113.55,116.5929,1614245,0.0,112.13458,,,,,
2019-10-15,117.0,118.34,115.0,115.1848,2088812,0.0,113.49154000000001,,,,,
2019-10-16,111.62,112.87,108.8679,109.73,4143596,0.0,113.23754000000001,,,,,
2019-10-17,110.13,110.49,107.9101,110.05,2477612,0.0,113.18954000000001,,,,,
2019-10-18,110.26,110.36,103.8,106.31,4287553,0.0,111.57354000000002,,,,,
2019-10-21,106.6,107.78,104.8271,105.57,2826116,0.0,109.36896000000004,,,,,
2019-10-22,106.78,106.78,100.08,100.65,5830949,0.0,106.46200000000003,,,,,
2019-10-23,100.2,104.39,99.7,100.5,3627380,0.0,104.61600000000003,,,,,
2019-10-24,102.85,105.94,102.3101,105.63,3511282,0.0,103.73200000000004,,,,,
2019-10-25,104.5,107.9,103.4,107.01,2330199,0.0,103.87200000000003,,,,,
2019-10-28,107.67,107.9861,105.49,106.4,2039346,0.0,104.03800000000001,,47.01187480950702,,,
2019-10-29,106.12,107.54,105.09,105.14,2491282,0.0,104.936,,45.17998194812669,,,
2019-10-30,107.01,109.66,105.6,107.86,4924277,0.0,106.40800000000002,,49.73356850768542,,,
2019-10-31,94.46,96.95,94.0,96.58,7707743,0.0,104.59800000000003,,36.276178665685805,,,
2019-11-01,95.64,98.87,95.51,97.06,4511286,0.0,102.60800000000003,,37.05668715233816,,,
2019-11-04,96.46,96.75,91.64,92.04,7962122,0.0,99.73600000000003,,32.56441315264239,,,
2019-11-05,92.0,93.46,89.81,91.33,4763797,0.0,96.97400000000005,,31.974026818252895,,,
2019-11-06,91.5,93.48,90.15,92.26,3294478,0.0,93.85400000000004,,33.670355453804476,,,
2019-11-07,92.1,92.95,90.61,91.04,2820552,0.0,92.74600000000004,,32.52455711847348,,,
2019-11-08,90.75,93.92,90.5536,93.28,2468007,0.0,91.99000000000004,,36.77855963848808,,,
2019-11-11,94.0,97.37,93.5,96.22,4122954,0.0,92.82600000000004,,41.95138543962713,,,
2019-11-12,96.27,100.12,91.37,95.08,12815187,0.0,93.57600000000004,,40.56539146251656,-6.341903337038417,,
2019-11-13,94.93,98.36,94.43,98.34,3442909,0.0,94.79200000000003,,46.05410849787755,-5.7612747280967085,,
2019-11-14,98.06,99.31,96.85,98.11,2517647,0.0,96.20600000000003,,45.733217076335436,-5.2590582996882915,,
2019-11-15,99.25,99.58,97.56,99.54,2668728,0.0,97.45800000000004,,48.15209432969832,-4.691577527576996,,
2019-11-18,99.51,102.63,98.6,101.66,3076649,0.0,98.54600000000002,,51.59669793103819,-4.024388004953295,,
2019-11-19,102.0,103.58,100.62,103.0,2309110,0.0,100.13000000000002,,53.6909434139625,-3.3489046125278747,,
2019-11-20,103.27,105.59,102.54,103.77,3486927,0.0,101.21600000000004,,54.89851815044258,-2.7200910758694476,,
2019-11-21,104.16,105.35,102.9,103.55,1534541,0.0,102.30400000000002,,54.461545071103174,-2.2139825662268606,,
2019-11-22,103.8,104.5,102.78,104.29,1864287,0.0,103.25400000000002,,55.73775243275994,-1.7331968955242445,-4.010486338611348,2.2772894430871036
2019-11-25,105.0,105.29799999999999,103.16,103.33,1826650,0.0,103.58800000000004,,53.63766668345756,-1.4133426304948529,-3.4910575969880493,2.0777149664931964
2019-11-26,103.0,103.54,101.77,102.57,2489994,0.0,103.50200000000004,,51.96829483521986,-1.2072648715060694,-3.0342990518916535,1.827034180385584
2019-11-27,102.85,103.4,101.5564,103.0,1700798,0.0,103.34800000000004,,52.86220124797799,-0.9977479392897237,-2.6269888293712675,1.6292408900815438
2019-11-29,102.2,103.6,101.81,103.35,1019353,0.0,103.30800000000006,,53.61884230761513,-0.7943059218633408,-2.2604522478696825,1.4661463260063416
2019-12-02,102.66,102.76,95.67,97.65,5049266,0.0,101.98000000000005,,41.83997523987483,-1.0805629632316993,-2.024474390942086,0.9439114277103866
2019-12-03,95.65,99.56,94.8779,99.27,2456554,0.0,101.16800000000006,,45.504135627484274,-1.1632935459193874,-1.8522382219375462,0.6889446760181588
2019-12-04,99.27,100.65,97.875,99.0,1921738,0.0,100.45400000000008,,44.99533131964326,-1.2363925090402859,-1.7290690793580943,0.4926765703178084
2019-12-05,98.5,99.45,97.4,97.57,1417019,0.0,99.36800000000008,,42.29775240779161,-1.393647907393813,-1.6619848449652381,0.26833693757142507
2019-12-06,97.82,99.3581,96.26,98.55,1778987,0.0,98.40800000000006,,44.74270825654958,-1.4227950382132946,-1.6141468836148496,0.19135184540155503
2019-12-09,98.66,100.55,98.55,98.97,1568343,0.0,98.67200000000007,,45.80260749907558,-1.3959126473942263,-1.570500036370725,0.17458738897649884
2019-12-10,99.45,99.62,96.75,97.34,1494491,0.0,98.28600000000009,,42.40324791521083,-1.4889715987765015,-1.5541943488518806,0.06522275007537903
2019-12-11,97.54,97.74,95.06,96.2,2086284,0.0,97.72600000000008,,40.15840826381734,-1.6358528672523391,-1.5705260525319722,-0.06532681472036694
2019-12-12,96.2,97.38,95.33,96.91,2472381,0.0,97.59400000000008,,42.21039298938944,-1.6756504095937856,-1.591550923944335,-0.08409948564945058
2019-12-13,97.01,99.32,96.94,97.96,2821337,0.0,97.47600000000008,,45.2029589289071,-1.603974405336018,-1.5940356202226718,-0.009938785113346338
2019-12-16,98.24,100.2,97.345,98.83,2195370,0.0,97.44800000000006,,47.62314118991523,-1.4601373717399326,-1.567255970526124,0.10711859878619134
2019-12-17,99.15,99.32,97.37,97.6,1987681,0.0,97.50000000000007,,44.622491330362806,-1.4289244551419529,-1.53958966744929,0.11066521230733706
2019-12-18,97.76,99.94,97.59,98.36,1601780,0.0,97.93200000000007,,46.85085825508627,-1.3275590708541785,-1.4971835481302678,0.1696244772760893
2019-12-19,98.21,99.92,97.71,99.9,1519942,0.0,98.53000000000009,,51.141163774647254,-1.1101638658326607,-1.4197796116707464,0.3096157458380857
2019-12-20,100.14,101.37,99.57,100.26,1741231,0.0,98.9900000000001,,52.114279418900985,-0.8984705984701122,-1.3155178090306197,0.4170472105605074
2019-12-23,100.55,101.6,100.2,100.38,1335535,0.0,99.30000000000008,,52.45421512627992,-0.7128024192148956,-1.1949747310674748,0.48217231185257914
2019-12-24,99.92,100.73,99.06,100.55,888797,0.0,99.89000000000007,,52.96363614367731,-0.5456515389526544,-1.0651100926445107,0.5194585536918563
2019-12-26,100.89,103.58,100.4,102.63,1939625,0.0,100.74400000000007,,58.782586710377466,-0.24254869499846166,-0.900597813115301,0.6580491181168393
2019-12-27,103.34,103.34,100.05,100.46,1802767,0.0,100.85600000000008,,51.60927407435306,-0.17541628227083095,-0.755561506946407,0.580145224675576
2019-12-30,99.6,100.17,96.7,97.8,2225656,0.0,100.36400000000008,,44.44885798980076,-0.33301434885436265,-0.6710520753279982,0.3380377264736355
2019-12-31,96.81,98.74,96.68,98.23,1900367,0.0,99.93400000000008,,45.75897445149068,-0.4183915879285962,-0.6205199778481179,0.20212838991952164
2020-01-02,100.01,103.15,99.66,103.15,2641105,0.0,100.45400000000008,,57.972298534349456,-0.08803595942060838,-0.514023174162616,0.4259872147420076
2020-01-03,101.1,104.55,100.76,103.52,2168870,0.0,100.63200000000009,,58.72498572617423,0.20130860376281134,-0.37095681857753054,0.5722654223403418
2020-01-06,102.74,107.74,101.77,107.46,3572583,0.0,102.0320000000001,,65.75767344024614,0.7400109412567986,-0.14876326661066472,0.8887742078674633
2020-01-07,107.63,109.94,107.37,108.11,2489295,0.0,104.0940000000001,,66.76378801292418,1.20548985591725,0.12208735789491822,1.0834024980223318
2020-01-08,108.8,110.82,108.2,109.39,2877041,0.0,106.32600000000009,,68.71329712256852,1.658551799244762,0.429380246164887,1.229171553079875
2020-01-09,111.33,113.15,110.3601,113.02,3443762,0.0,108.3000000000001,,73.46653041652637,2.2841866346239073,0.8003415238566911,1.4838451107672161
2020-01-10,115.0,116.49,114.05,115.74,4425854,0.0,110.7440000000001,,76.36418656423403,2.965305817503591,1.2333343825860712,1.7319714349175197
2020-01-13,117.29,120.45,116.85,120.32,3429308,0.0,113.31600000000007,,80.27112361771472,3.830509669417836,1.7527694399524243,2.0777402294654115
2020-01-14,120.07,120.8666,117.21,119.02,2905217,0.0,115.49800000000008,,76.410296936219,4.361019699613692,2.274419491884678,2.0866002077290142
2020-01-15,119.43,123.78,119.22,119.88,4669749,0.0,117.59600000000007,,77.19183666605295,4.795567219572121,2.7786490374221664,2.016918182149954
2020-01-16,121.24,121.6,118.3001,119.57,3028578,0.0,118.90600000000009,,76.21167431904674,5.056644994815088,3.234248228900751,1.8223967659143367
2020-01-17,119.22,120.48,118.05,119.36,2385677,0.0,119.63000000000008,,75.51217722083798,5.186815388583057,3.6247616608372124,1.5620537277458442
2020-01-21,118.9,120.53,117.23,119.08,4151404,0.0,119.3820000000001,,74.52993504733882,5.207355550212256,3.941280438712221,1.2660751115000348
2020-01-22,119.85,120.9,118.92,119.11,4061685,0.0,119.40000000000012,,74.56810557850166,5.16649834863729,4.186324020697235,0.9801743279400554
2020-01-23,120.0,121.83,118.83,120.8,4902536,0.0,119.5840000000001,,76.68761338764175,5.210425061378999,4.391144228833588,0.8192808325454104
2020-01-24,122.01,123.37,119.55,121.28,5468258,0.0,119.92600000000012,,77.267109055573,5.223753111972854,4.557666005461441,0.6660871065114131
2020-01-27,116.92,121.11,115.02,120.54,1897531,0.0,120.1620000000001,,74.2046537068967,5.1156340278287615,4.6692596099349055,0.446374417893856
2020-01-28,122.43,125.7768,121.12,122.76,3563004,0.0,120.8980000000001,,77.13280752751179,5.149721537085341,4.765351995364993,0.3843695417203481
2020-01-29,123.9,125.19,121.66,123.8,2350094,0.0,121.83600000000008,,78.37144732959958,5.200704952746932,4.852422586841381,0.3482823659055514
2020-01-30,122.5,125.59,122.01,124.8,1832366,0.0,122.63600000000008,,79.52015668451679,5.261154011139965,4.934168871701098,0.3269851394388672
2020-01-31,126.53,127.5,122.96,124.34,2857469,0.0,123.24800000000009,,77.4815954136399,5.211863056762525,4.989707708713383,0.2221553480491414
2020-02-03,124.31,128.18,123.38,128.18,3112807,0.0,124.77600000000011,,81.69926970754437,5.4201751231988595,5.075801191610479,0.3443739315883807
2020-02-04,130.39,132.02,128.6,131.89,3064653,0.0,126.60200000000012,,84.68401756503273,5.817568621139586,5.224154677516301,0.5934139436232844
2020-02-05,133.0,133.0,126.4,127.15,5489907,0.0,127.27200000000012,,69.16352607089763,5.6845000668636345,5.316223755385768,0.36827631147786644
2020-02-06,120.6,125.66,116.38,117.86,13243058,0.0,125.88400000000013,,49.871478765707124,4.774380828421073,5.207855169992829,-0.4334743415717561
2020-02-07,119.78,122.88,117.92,122.13,5285987,0.0,125.44200000000012,,55.95302637136939,4.3475423273231115,5.035792601458885,-0.6882502741357737
2020-02-10,122.3,126.78,121.59,125.74,2948996,0.0,124.95400000000014,,60.33437243361828,4.251557264328127,4.8789455340327335,-0.627388269704606
2020-02-11,126.43,127.17,124.46,125.46,2092500,0.0,123.66800000000015,,59.837209970062375,4.105568314524916,4.724270090131171,-0.6187017756062545
2020-02-12,125.56,126.18,122.45,125.92,2073140,0.0,123.42200000000014,,60.41431672915159,3.9810975610947565,4.575635584323888,-0.5945380232291315
2020-02-13,125.63,130.53,125.0,128.66,2969256,0.0,125.58200000000014,,63.75515848882135,4.056784605431858,4.471865388545482,-0.4150807831136243
2020-02-14,128.87,129.7262,127.51,127.72,2034726,0.0,126.70000000000013,,61.82736515935035,3.9948666532124406,4.376465641478874,-0.38159898826643346
2020-02-18,127.5,129.13,126.02,128.13,2125965,0.0,127.17800000000014,,62.36194551622387,3.9335364438870926,4.287879801960518,-0.3543433580734252
2020-02-19,128.76,129.65,127.92,128.07,1841508,0.0,127.70000000000013,,62.224612443838915,3.835872759157695,4.197478393399954,-0.36160563424225867
2020-02-20,128.0,128.56,123.1,126.71,2522710,0.0,127.85800000000015,,59.05029820551929,3.607151949080162,4.079413104535996,-0.4722611554558336
2020-02-21,125.38,125.74,120.9,123.245,2431894,0.0,126.77500000000016,,51.799844458329005,3.110437332078334,3.8856179500444634,-0.7751806179661296
2020-02-24,115.0,118.602,113.03,117.91,3654832,0.0,124.81300000000014,,43.03774015705096,2.260242833491972,3.5605429267339654,-1.3003000932419932
2020-02-25,119.0,120.1246,111.665,112.4,3942005,0.0,121.66700000000014,,36.222776322793216,1.1288341199728364,3.07420116538174,-1.9453670454089034
2020-02-26,113.11,115.84,111.12,112.95,2307924,0.0,118.64300000000017,,37.29022043112304,0.2734132290963345,2.5140435781246593,-2.240630349028325
2020-02-27,107.52,114.9,105.27,110.9,3235770,0.0,115.48100000000015,,34.94268749677265,-0.5634369073920595,1.8985474810213157,-2.4619843884133754
2020-02-28,105.97,112.65,105.73,112.65,3464676,0.0,113.36200000000015,,38.50184882519254,-1.0730666507104019,1.304224654674972,-2.377291305385374
2020-03-02,113.7,114.25,108.01,111.48,2992693,0.0,112.07600000000016,,37.04274171056036,-1.5534538666924789,0.732688950401482,-2.286142817093961
2020-03-03,111.57,112.2799,102.26,105.37,5016568,0.0,110.67000000000016,,30.534836466557223,-2.399529846545178,0.10624519101214996,-2.505775037557328
2020-03-04,106.86,107.26,103.8313,104.87,3757332,0.0,109.05400000000016,,30.069277634525932,-3.0749508581500464,-0.5299940188202894,-2.544956839329757
2020-03-05,103.81,108.58,102.84,105.99,2750010,0.0,108.07200000000016,,32.55008520574381,-3.479739960026791,-1.1199432070615898,-2.359796752965201
2020-03-06,103.5,104.35,98.58,101.77,3252746,0.0,105.89600000000016,,28.45417708550903,-4.093865439160695,-1.7147276534814109,-2.3791377856792835
2020-03-09,92.5,98.99,91.0,93.01,3483953,0.0,102.20200000000015,,22.20721902015383,-5.2271675616825775,-2.4172156351216443,-2.809951926560933
2020-03-10,96.47,96.81,89.55,92.59,4834731,0.0,99.64600000000016,,21.958303933284583,-6.089017742442664,-3.1515760565858484,-2.9374416858568155
2020-03-11,90.18,92.42,85.1754,87.01,4265818,0.0,96.07400000000015,,18.923515280842693,-7.139994177597231,-3.949259680788125,-3.190734496809106
2020-03-12,77.08,82.82,75.75,78.35,4990448,0.0,90.54600000000016,,15.372566444823192,-8.572867519355398,-4.87398124850158,-3.6988862708538184
2020-03-13,83.18,83.18,73.72,79.99,5597196,0.0,86.19000000000017,,18.491845983354025,-9.466966376637657,-5.792578274128795,-3.6743881025088623
2020-03-16,71.42,77.99,68.0555,71.71,3229737,0.0,81.93000000000016,,15.404638553703023,-10.720098343150681,-6.778082287933173,-3.9420160552175085
2020-03-17,72.23,80.66,72.23,77.62,3335844,0.0,78.93600000000018,,25.02602989058593,-11.108277538075114,-7.644121337961562,-3.4641562001135524
2020-03-18,72.57,78.4599,70.26,74.09,2335672,0.0,76.35200000000017,,23.319981159459687,-11.567411921129008,-8.428779454595052,-3.138632466533956
2020-03-19,74.25,83.31,71.57,82.5,4002328,0.0,77.18200000000017,,34.73520484703718,-11.124427042654105,-8.967908972206864,-2.156518070447241
2020-03-20,83.22,89.39,83.01,84.08,3471706,0.0,78.00000000000017,,36.64347278651154,-10.524545134530982,-9.279236204671687,-1.245308929859295
2020-03-23,84.61,90.49,81.3565,89.74,3861132,0.0,81.60600000000018,,43.065603273627886,-9.483104378770363,-9.320009839491423,-0.1630945392789407
2020-03-24,93.0,98.74,93.0,97.43,4099473,0.0,85.56800000000018,,50.41914210991464,-7.945643907689842,-9.045136653131108,1.0994927454412657
2020-03-25,98.89,101.79,95.76,96.83,3216132,0.0,90.11600000000017,,49.87784101237711,-6.698395459889582,-8.575788414482803,1.8773929545932209
2020-03-26,97.21,102.685,96.77,100.63,3348002,0.0,93.74200000000016,,53.29763070591056,-5.341737610930508,-7.928978253772344,2.587240642841836
2020-03-27,98.0,98.96,95.51,96.59,2046419,0.0,96.24400000000017,,49.43579656524933,-4.5402337393992696,-7.25122935089773,2.7109956114984604
2020-03-30,97.57,99.42,95.31,96.82,2423075,0.0,97.66000000000017,,49.65942910960469,-3.842186731910118,-6.569420827100208,2.7272340951900897
2020-03-31,92.34,95.45,88.94,89.47,3626519,0.0,96.06800000000018,,43.09938060850788,-3.837822988356976,-6.023101259351562,2.185278270994586
2020-04-01,87.0,87.88,84.54,84.93,2604289,0.0,93.68800000000019,,39.618003193499405,-4.152833468611817,-5.649047701203613,1.4962142325917958
2020-04-02,83.79,86.41,81.51,83.155,2424887,0.0,90.19300000000018,,38.314911160588,-4.493906255493982,-5.418019412061687,0.9241131565677048
2020-04-03,82.58,83.0,79.25,80.58,3737636,0.0,86.99100000000018,,36.44228262023727,-4.915329022931644,-5.317481334235679,0.40215231130403506
2020-04-06,84.0,86.95,82.44,86.56,4949578,0.0,84.9390000000002,,43.3650106832099,-4.712451373226898,-5.196475342033923,0.48402396880702536
2020-04-07,88.0,90.29,84.02,87.22,6317210,0.0,84.48900000000019,,44.08883794192883,-4.447148925472732,-5.0466100587216856,0.5994611332489539
2020-04-08,88.45,92.35,88.15,91.49,5133660,0.0,85.80100000000019,,48.66046374788916,-3.8479843418992488,-4.806884915357198,0.9589005734579494
2020-04-09,92.58,97.45,92.14,95.23,5329864,0.0,88.2160000000002,,52.336552743759626,-3.03635414859356,-4.4527787620044705,1.4164246134109106
2020-04-13,95.3,96.29,92.7079,95.84,2941976,0.0,91.2680000000002,,52.928570024127644,-2.3171982518601055,-4.025662659975597,1.7084644081154918
2020-04-14,98.54,100.92,98.01,98.76,3920814,0.0,93.70800000000021,,55.76120076717051,-1.4944157316061393,-3.519413274301706,2.0249975426955666
2020-04-15,99.46,101.69,97.425,100.81,3682672,0.0,96.4260000000002,,57.686368461836494,-0.6692224096794632,-2.9493751013772576,2.2801526916977943
2020-04-16,101.85,106.82,101.52,103.64,4679204,0.0,98.8560000000002,,60.25757440119757,0.21067802669819002,-2.3173644757621683,2.5280425024603583
2020-04-17,106.5,108.32,104.3827,107.8,5346416,0.0,101.37000000000019,,63.74508130979416,1.229509673128561,-1.6079896459840224,2.8374993191125837
2020-04-20,106.6,111.49,106.55,108.52,4579948,0.0,103.90600000000018,,64.32853382457455,2.0711639867349305,-0.8721589194402319,2.9433229061751627
2020-04-21,107.53,109.485,100.41,105.0,4306504,0.0,105.15400000000018,,59.30376914602146,2.4261790303098962,-0.21249132949020633,2.6386703598001024
2020-04-22,106.9,109.36,105.875,108.105,2287666,0.0,106.6130000000002,,62.11491852902154,2.9243682635346175,0.41488058911475845,2.509487674419859
2020-04-23,105.0,109.43,105.0,107.42,3238996,0.0,107.36900000000018,,61.11199039264136,3.2267174546533113,0.9772479622224691,2.2494694924308423
2020-04-24,108.08,110.8,105.7,109.96,3412888,0.0,107.8010000000002,,63.46748082614153,3.629450097784428,1.507688389334861,2.121761708449567
2020-04-27,111.15,112.6869,108.9116,109.31,2947758,0.0,107.9590000000002,,62.425423880240615,3.85176826436539,1.976504364340967,1.875263900024423
2020-04-28,110.05,110.57,104.4,104.54,4273566,0.0,107.86700000000019,,55.25563347271983,3.601541548559993,2.3015118011847724,1.3000297473752207
2020-04-29,106.07,111.98,105.4,111.35,4535540,0.0,108.51600000000019,,61.97104679067984,3.9076996310650713,2.622749367160832,1.2849502639042392
2020-04-30,111.13,116.84,110.8,112.27,5590568,0.0,109.48600000000019,,62.78367751596604,4.176425198485674,2.9334845334258004,1.2429406650598738
2020-05-01,109.39,113.69,107.9537,107.97,5342170,0.0,109.08800000000019,,56.68656359459985,3.99635064078403,3.146057754897446,0.8502928858865837
2020-05-04,106.98,113.92,106.2374,113.2,4408028,0.0,109.86600000000021,,61.57439472288958,4.226932105367837,3.362232624991525,0.864699480376312
2020-05-05,115.28,119.19,114.05,116.53,4649632,0.0,112.26400000000021,,64.33416643212911,4.625057958185707,3.6147976916303617,1.010260266555345
2020-05-06,117.05,123.64,116.51,122.43,8230799,0.0,114.48000000000022,,68.63271495200267,5.354927980100712,3.962823749324432,1.3921042307762796
2020-05-07,152.4,176.3699,152.4,170.78,60592248,0.0,126.18200000000022,,84.80009194913461,9.722718704050067,5.1148027402695595,4.607915963780507
2020-05-08,167.01,182.39,165.11,179.59,33255159,0.0,140.50600000000023,,86.19621861132151,13.73676877319501,6.83919594685465,6.89757282634036
2020-05-11,179.98,189.97,179.0,186.73,18942120,0.0,155.21200000000022,,87.22068654592543,17.29470807211831,8.930298371907384,8.364409700210928
2020-05-12,187.0,197.15,181.6,190.19799999999998,22632184,0.0,169.9456000000002,,87.698251767386,20.16182623427055,11.176603944380016,8.985222289890533
2020-05-13,192.11,195.5453,180.3,187.5,21416048,0.0,182.9596000000002,,85.03584302531833,21.96315440992521,13.333914037489055,8.629240372436154
2020-05-14,186.07,193.0659,183.7734,191.79,10969499,0.0,187.1616000000002,,85.77532271005406,23.466381277917577,15.360407485574761,8.105973792342816
2020-05-15,188.41,195.15,187.8,189.18,10812962,0.0,189.0796000000002,,83.0852391830661,24.16849484938834,17.122024958337477,7.046469891050862
2020-05-18,189.63,193.7,183.1,183.38,8575398,0.0,188.40960000000018,,77.28469087371735,23.980481324479257,18.493716231565834,5.486765092913423
2020-05-19,183.05,188.49,180.555,183.25,8581038,0.0,187.02000000000018,,77.15467168753388,23.549525071921096,19.50487799963689,4.0446470722842065
2020-05-20,187.12,192.65,186.31,191.87,8346942,0.0,187.89400000000018,,79.60480859111213,23.631145955849348,20.330131590879382,3.3010143649699657
2020-05-21,192.9,197.3,188.04,194.06,8580012,0.0,188.34800000000018,,80.18621774644322,23.600493987920203,20.984204070287547,2.616289917632656
2020-05-22,200.17,209.5,196.11,208.4,13886375,0.0,192.19200000000018,,83.5025664458483,24.451459038825618,21.67765506399516,2.7738039748304573
2020-05-26,209.0,209.94,195.0,196.4,12124424,0.0,194.79600000000022,,72.55808054914958,23.88225548567371,22.118575148330873,1.7636803373428371
2020-05-27,189.33,192.98,177.13,192.35,13124380,0.0,196.6160000000002,,69.25872952489532,22.841058907156707,22.26307190009604,0.577987007060667
2020-05-28,190.33,198.7,189.42,191.465,6186844,0.0,196.5350000000002,,68.5254533301368,21.694411343849623,22.14933978884676,-0.4549284449971367
2020-05-29,197.52,197.9103,192.03,197.62,5240932,0.0,197.2470000000002,,70.83794738400434,21.03980813790986,21.927433458659383,-0.8876253207495246
2020-06-01,195.79,202.75,195.24,199.07,5187270,0.0,195.3810000000002,,71.37158094486273,20.40284200063047,21.6225151670536,-1.219673166423128
2020-06-02,198.8,202.4,195.3595,201.61,4667670,0.0,196.4230000000002,,72.3268677140597,19.87390451984885,21.27279303761265,-1.398888517763801
2020-06-03,199.0,203.28,197.82,200.79,4853706,0.0,198.11100000000022,,71.49741514388481,19.167598464879177,20.85175412306596,-1.684155658186782
2020-06-04,201.18,203.1246,191.53,193.04,5485846,0.0,198.42600000000022,,64.02418291596976,17.77755698631458,20.236914695715683,-2.459357709401104
2020-06-05,185.55,198.9799,182.12,196.71,5909494,0.0,198.2440000000002,,65.84482149680622,16.778663440586598,19.545264444689867,-2.7666010041032685
2020-06-08,195.25,198.43,189.66,196.78,4628642,0.0,197.78600000000023,,65.88028936399675,15.81042874304373,18.798297304360638,-2.9878685613169083
2020-06-09,197.98,199.83,193.5994,194.3,3717770,0.0,196.32400000000024,,63.369573189414005,14.673829720831606,17.97340378765483,-3.299574066823226
2020-06-10,196.41,205.0,194.0,203.085,5878554,0.0,196.78300000000021,,68.01908893149273,14.316906501482151,17.242104330420297,-2.9251978289381455
2020-06-11,199.47,202.78,187.53,188.4,7367356,0.0,195.85500000000025,,55.367678947046585,12.702657181462087,16.334214900628655,-3.631557719166569
2020-06-12,193.08,196.3399,190.58,193.4,1723516,0.0,195.19300000000027,,58.217289226466775,11.692032703594975,15.40577846122192,-3.7137457576269455
2020-06-15,198.19,204.0,193.493,203.3,6777208,0.0,196.49700000000024,,63.223978253169,11.556733950809104,14.635969559139358,-3.0792356083302543
2020-06-16,202.5,210.4,196.74,209.69,7853576,0.0,199.57500000000027,,66.05161412015534,11.82877357240639,14.074530361792766,-2.245756789386375
2020-06-17,211.31,216.62,209.25,211.2799,7279788,0.0,201.21398000000028,,66.736905112698,12.033938819271441,13.666412053288502,-1.632473234017061
2020-06-18,210.07,216.0,208.45,215.43,4658992,0.0,206.61998000000025,,68.52307058218719,12.38860402613983,13.410850447858769,-1.022246421718938
2020-06-19,218.0,218.49,210.0,210.3,5420040,0.0,209.99998000000022,,63.95161958234506,12.116064185069291,13.151893195300874,-1.0358290102315824
2020-06-22,212.56,218.8,212.472,216.25,1969134,0.0,212.58998000000025,,66.72447045141953,12.239104888674234,12.969335533975546,-0.7302306453013117
2020-06-23,216.98,219.64,213.58,215.4,2202091,0.0,213.73198000000025,,65.94409551157452,12.128221053735928,12.801112637927622,-0.672891584191694
2020-06-24,214.87,219.05,209.2226,212.05,2364695,0.0,213.88600000000025,,62.82546136366941,11.63589644170466,12.568069398683031,-0.9321729569783717
2020-06-25,212.81,216.55,207.56,216.52,2107613,0.0,214.1040000000002,,65.19098681459715,11.474150418697803,12.349285602685987,-0.8751351839881831
2020-06-26,217.87,222.38,211.64,221.11,3891355,0.0,216.26600000000022,,67.47938026796487,11.582820623821192,12.195992606913027,-0.613171983091835
2020-06-29,221.03,222.15,206.5604,210.99,3201350,0.0,215.21400000000023,,58.36832418429236,10.728669694800232,11.902528024490469,-1.173858329690237
2020-06-30,211.08,221.0,208.95,219.17,2514946,0.0,215.96800000000022,,62.74676154965684,10.589734696908636,11.639969358974103,-1.050234662065467
2020-07-01,218.13,228.69,217.0,227.77,2031919,0.0,219.11200000000022,,66.71072316247879,11.046241639336472,11.521223815046577,-0.4749821757101049
2020-07-02,230.61,236.5,227.46,232.35,3319177,0.0,222.2780000000002,,68.62539930237376,11.643376803468385,11.54565441273094,0.09772239073744515
2020-07-06,237.66,242.0,232.57,235.38,2505011,0.0,225.13200000000015,,69.86046304953904,12.220239090996614,11.680571348384076,0.5396677426125382
2020-07-07,235.23,239.47,232.82,233.36,1887279,0.0,229.60600000000017,,67.94032604305936,12.371795138592859,11.818816106425833,0.5529790321670252
2020-07-08,235.5,244.99,234.92,243.61,3376636,0.0,234.49400000000014,,72.12676961346175,13.167210330999126,12.088494951340492,1.0787153796586342
2020-07-09,245.5,247.5,237.44,245.3,2469888,0.0,238.00000000000014,,72.75840463349398,13.775160007887223,12.425827962649837,1.3493320452373858
2020-07-10,245.0,245.3,238.65,240.57,1907030,0.0,239.64400000000015,,68.10654235853372,13.717170039547256,12.684096378029322,1.0330736615179337
2020-07-13,241.62,244.0,223.37,225.11,2608769,0.0,237.59000000000015,,55.59496244932326,12.282138924300313,12.603704887283522,-0.3215659629832093
2020-07-14,222.11,227.36,214.32,224.135,3070900,0.0,235.74500000000018,,54.90986319835425,10.940081624043557,12.27098023463553,-1.330898610591973
2020-07-15,226.28,226.68,216.78,224.27,2303076,0.0,231.87700000000012,,54.99256522427238,9.774708165163844,11.771725820741194,-1.9970176555773502
2020-07-16,221.98,223.9999,217.24,222.16,2287372,0.0,227.24900000000017,,53.345665697751826,8.58195450746419,11.133771558085794,-2.5518170506216045
2020-07-17,225.8,239.6299,222.97,238.58,4512751,0.0,226.85100000000017,,62.705760758722114,8.859518399494789,10.678920926367594,-1.8194025268728051
2020-07-20,240.0,264.365,237.535,263.02,4874092,0.0,234.43300000000016,,71.7807554209509,10.925649444253878,10.728266629944851,0.1973828143090266
2020-07-21,263.55,264.5,250.05,260.52,4255764,0.0,241.71000000000018,,69.90684923530648,12.220474058304376,11.026708115616756,1.1937659426876195
2020-07-22,262.53,271.0,260.1261,262.1,3239864,0.0,249.2760000000002,,70.43221334170595,13.221713011668157,11.465709094827037,1.7560039168411201
2020-07-23,263.5,270.5,256.7,258.68,2024085,0.0,256.5800000000002,133.719828,67.67802207314112,13.582664180124993,11.889100111886629,1.6935640682383646
