Date,Open,High,Low,Close,Volume,OpenInterest,5 day sma,200 day sma,rsi,macd,signal,histogram
2019-10-09,6.66,6.69,6.37,6.38,2157116,0.0,,,,,,
2019-10-10,6.37,6.55,6.15,6.39,2388588,0.0,,,,,,
2019-10-11,6.48,6.56,6.38,6.39,1933201,0.0,,,,,,
2019-10-14,6.38,6.57,6.3,6.4,1333808,0.0,,,,,,
2019-10-15,6.41,6.65,6.385,6.62,1833044,0.0,6.436,,,,,
2019-10-16,6.64,6.705,6.53,6.56,1228532,0.0,6.4719999999999995,,,,,
2019-10-17,6.61,6.74,6.57,6.69,1125597,0.0,6.531999999999999,,,,,
2019-10-18,6.66,6.8,6.45,6.53,1348500,0.0,6.56,,,,,
2019-10-21,6.575,6.67,6.46,6.59,715980,0.0,6.598000000000001,,,,,
2019-10-22,6.59,6.65,6.46,6.58,603019,0.0,6.590000000000001,,,,,
2019-10-23,6.55,6.71,6.5,6.57,627844,0.0,6.5920000000000005,,,,,
2019-10-24,6.62,6.62,6.43,6.47,505883,0.0,6.548,,,,,
2019-10-25,6.42,6.56,6.39,6.47,1223849,0.0,6.536,,,,,
2019-10-28,6.52,6.95,6.52,6.88,1497130,0.0,6.593999999999999,,,,,
2019-10-29,6.85,6.85,6.585,6.63,1056228,0.0,6.604000000000001,,58.74125874125874,,,
2019-10-30,6.62,6.64,6.46,6.53,772845,0.0,6.596000000000001,,54.62731365682842,,,
2019-10-31,6.53,6.55,6.3102,6.46,876078,0.0,6.594000000000001,,51.88786139844292,,,
2019-11-01,6.49,6.8,6.48,6.71,1329132,0.0,6.642000000000001,,59.667143567611895,,,
2019-11-04,6.82,6.9299,6.55,6.55,1157416,0.0,6.5760000000000005,,53.6844342702851,,,
2019-11-05,6.8,7.9,6.75,7.81,4158159,0.0,6.812,,74.9692994539612,,,
2019-11-06,7.72,7.85,7.33,7.35,1389742,0.0,6.976000000000001,,63.496583109364146,,,
2019-11-07,7.44,7.89,7.385,7.44,1284405,0.0,7.172,,64.63684133580388,,,
2019-11-08,7.45,7.88,7.43,7.85,1015080,0.0,7.4,,69.33604150547941,,,
2019-11-11,7.77,7.8,7.56,7.69,817596,0.0,7.628,,65.66869384291938,,,
2019-11-12,7.75,8.3,7.68,8.15,2711973,0.0,7.696,,70.49974218347168,,,
2019-11-13,8.18,8.43,7.91,8.385,1575467,0.0,7.902999999999999,,72.61950407523969,0.6013002045367992,,
2019-11-14,8.45,8.56,7.95,7.98,1318412,0.0,8.011,,64.07439471127722,0.5959434779129049,,
2019-11-15,8.12,8.16,7.92,8.02,1001393,0.0,8.044999999999998,,64.51846972739293,0.5881461168495923,,
2019-11-18,8.0,8.02,7.8,7.91,982069,0.0,8.088999999999999,,62.24002052452857,0.5665596246564037,,
2019-11-19,8.1,8.44,7.28,7.33,4535237,0.0,7.924999999999999,,51.84386724303811,0.4969228045659406,,
2019-11-20,7.3,7.35,6.86,7.075,1911229,0.0,7.662999999999999,,48.0442387668893,0.4163592241011509,,
2019-11-21,7.09,7.6,6.9684,7.42,2025698,0.0,7.550999999999999,,53.057012137331526,0.37601614283556106,,
2019-11-22,7.49,7.49,7.17,7.17,1235903,0.0,7.381,,49.34194855303615,0.3201802114413175,,
2019-11-25,7.19,7.3,7.09,7.19,1354989,0.0,7.237,,49.64571135993796,0.2743807756031922,0.4706453980558736,-0.1962646224526814
2019-11-26,7.165,7.2,7.0,7.11,1091732,0.0,7.1930000000000005,,48.395633761275604,0.22898941389978145,0.4223142012246552,-0.19332478732487374
2019-11-27,7.1,7.49,7.1,7.4449,1035774,0.0,7.266979999999999,,53.65646354448602,0.21753248477147036,0.3813578579340183,-0.16382537316254792
2019-11-29,7.44,7.5,7.205,7.3,481837,0.0,7.242979999999998,,51.223289432618266,0.19451828121200876,0.3439899425896164,-0.14947166137760765
2019-12-02,7.24,7.35,7.08,7.11,1247769,0.0,7.230979999999998,,48.14058154949223,0.1591137823410671,0.30701471053990653,-0.14790092819883943
2019-12-03,7.09,7.12,7.0,7.06,961905,0.0,7.204979999999999,,47.333285830936916,0.12557334838416345,0.2707264381087579,-0.14515308972459445
2019-12-04,7.12,7.16,6.98,7.09,1880730,0.0,7.200979999999999,,47.897849465009195,0.10025735769560296,0.23663262202612692,-0.13637526433052397
2019-12-05,7.15,7.36,6.93,6.95,1777769,0.0,7.101999999999999,,45.449372450477135,0.06811226689749184,0.20292855100039991,-0.13481628410290808
2019-12-06,7.02,7.35,6.95,7.34,1232910,0.0,7.109999999999999,,52.70270478991887,0.0732622696408809,0.17699529472849612,-0.10373302508761523
2019-12-09,7.31,7.67,7.3,7.59,1310427,0.0,7.206,,56.67914897047035,0.09640529435845568,0.16087729465448802,-0.06447200029603234
2019-12-10,7.62,7.9432,7.56,7.66,1284712,0.0,7.325999999999999,,57.75023798886882,0.11902270353195643,0.15250637642998172,-0.033483672898025285
2019-12-11,7.7,7.84,7.49,7.62,867117,0.0,7.4319999999999995,,56.88473031048743,0.1321956286276409,0.14844422686951356,-0.016248598241872664
2019-12-12,7.62,7.9,7.52,7.9,1101256,0.0,7.621999999999998,,61.26140018345594,0.16334597588348831,0.15142457667230852,0.011921399211179795
2019-12-13,7.88,8.2,7.87,7.95,1274724,0.0,7.744,,62.00314913846624,0.1898786299912496,0.15911538733609673,0.030763242655152873
2019-12-16,8.02,8.18,7.89,8.07,844289,0.0,7.840000000000001,,63.79490423880452,0.21807511249743072,0.17090733236836353,0.047167780129067194
2019-12-17,8.1,8.23,7.95,8.14,1074321,0.0,7.936000000000002,,64.83655920169915,0.2432652328370608,0.18537891246210297,0.057886320374957834
2019-12-18,8.14,8.19,7.8199,7.94,762069,0.0,8.000000000000002,,59.56362952191785,0.24427441278592,0.1971580125268664,0.04711640025905359
2019-12-19,7.94,8.01,7.81,8.0,763105,0.0,8.020000000000001,,60.598882521823256,0.24706765163148336,0.2071399403477898,0.03992771128369357
2019-12-20,7.99,8.0299,7.71,7.75,1147363,0.0,7.980000000000001,,54.35458024184404,0.22649748090784794,0.21101144845980144,0.0154860324480465
2019-12-23,7.86,8.41,7.7399,8.31,1940516,0.0,8.028000000000002,,63.441896836543606,0.25247244708268823,0.2193036481843788,0.033168798898309426
2019-12-24,8.33,8.73,8.27,8.7,1223640,0.0,8.14,,68.19136279967044,0.301057136284256,0.23565434580435424,0.06540279047990177
2019-12-26,8.8,8.87,8.52,8.67,1134172,0.0,8.286000000000001,,67.46528556583785,0.3332980507722736,0.2551830867979381,0.07811496397433548
2019-12-27,8.73,8.75,8.24,8.33,1107609,0.0,8.352,,59.70612591379679,0.32763725100337115,0.2696739196390247,0.05796333136434645
2019-12-30,8.29,8.29,7.925,7.93,908480,0.0,8.388000000000002,,52.11260999887404,0.28755956171430785,0.27325104805408135,0.014308513660226507
2019-12-31,7.9,8.1162,7.886,8.01,796114,0.0,8.328,,53.389411201682556,0.25926439703809656,0.2704537178508844,-0.01118932081278784
2020-01-02,8.25,8.3,7.89,7.97,1016231,0.0,8.181999999999999,,52.63376030541725,0.23095035751071702,0.26255304578285094,-0.031602688272133916
2020-01-03,7.9,7.96,7.75,7.77,810998,0.0,8.001999999999999,,48.906518998724145,0.19018066434811765,0.2480785694959043,-0.057897905147786644
2020-01-06,7.75,7.8,7.47,7.73,952786,0.0,7.882,,48.17178434367677,0.15288041284638787,0.22903893816600102,-0.07615852531961315
2020-01-07,7.66,7.73,7.52,7.585,845111,0.0,7.813,,45.50309858523007,0.11034739058325016,0.20530062864945084,-0.09495323806620068
2020-01-08,7.57,7.74,7.53,7.585,814709,0.0,7.728,,45.50309858523007,0.0757662775214385,0.1793937584238484,-0.10362748090240989
2020-01-09,7.65,7.88,7.59,7.72,854335,0.0,7.678,,48.57905308823854,0.058578610279035104,0.15523072879488573,-0.09665211851585062
2020-01-10,7.78,8.04,7.71,7.71,984668,0.0,7.6659999999999995,,48.36130366567622,0.043647205912149545,0.13291402421833848,-0.08926681830618893
2020-01-13,7.74,7.78,7.25,7.3,1522016,0.0,7.579999999999998,,40.37126524889425,-0.001255144585121215,0.10608019045764654,-0.10733533504276775
2020-01-14,7.29,7.41,7.05,7.36,1170250,0.0,7.534999999999998,,41.88446134588251,-0.03163442039255493,0.07853726828760625,-0.11017168868016118
2020-01-15,7.44,7.505,7.31,7.37,824096,0.0,7.491999999999997,,42.147968049748975,-0.05427762029419103,0.051974290571246806,-0.10625191086543784
2020-01-16,7.41,7.53,7.3389999999999995,7.37,725159,0.0,7.421999999999997,,42.147968049748975,-0.07139947069810315,0.027299538317376817,-0.09869900901547997
2020-01-17,7.44,7.44,7.14,7.185,1051353,0.0,7.3169999999999975,,38.41118251082153,-0.09875819143395326,0.002087992367110804,-0.10084618380106405
2020-01-21,7.23,7.24,7.07,7.1,1987098,0.0,7.276999999999998,,36.796953044458576,-0.12584826390296477,-0.023499258886904312,-0.10234900501606047
2020-01-22,7.13,7.16,6.95,7.01,1659276,0.0,7.206999999999998,,35.11428040420137,-0.1528179985849203,-0.04936300682650751,-0.10345499175841277
2020-01-23,6.98,7.01,6.7,6.81,2505526,0.0,7.094999999999999,,31.65057067677411,-0.18816103289602548,-0.07712261204041111,-0.11103842085561437
2020-01-24,6.85,6.925,6.53,6.595,3015812,0.0,6.9399999999999995,,28.406645585784858,-0.23085815626915895,-0.10786972088616069,-0.12298843538299827
2020-01-27,6.47,6.5245,6.29,6.33,1347654,0.0,6.768999999999998,,25.004867860110238,-0.2828190574159821,-0.142859588192125,-0.13995946922385713
2020-01-28,6.4,6.61,6.3833,6.51,842499,0.0,6.650999999999998,,31.04521250851809,-0.3059471815918018,-0.17547710687206036,-0.13047007471974142
2020-01-29,6.54,6.63,6.38,6.38,748402,0.0,6.524999999999999,,29.21504542137137,-0.33095129960315006,-0.2065719454182783,-0.12437935418487175
2020-01-30,6.4,6.5,6.2,6.3,844163,0.0,6.422999999999997,,28.11657141880201,-0.3531516621521753,-0.23588788876505773,-0.11726377338711758
2020-01-31,6.23,6.315,6.1,6.28,1016156,0.0,6.359999999999998,,27.8348005937859,-0.3681160298227555,-0.2623335169765973,-0.1057825128461582
2020-02-03,6.36,6.52,6.29,6.41,753900,0.0,6.3759999999999994,,32.56538285344459,-0.3652748246663977,-0.2829217785145574,-0.0823530461518403
2020-02-04,6.53,6.58,6.3521,6.51,857489,0.0,6.3759999999999994,,36.03870724941023,-0.3509089251887225,-0.29651920784939045,-0.05438971733933207
2020-02-05,6.58,6.73,6.53,6.69,716414,0.0,6.437999999999998,,41.84509445294771,-0.32129565437072927,-0.3014744971536582,-0.01982115721707106
2020-02-06,6.75,6.77,6.5395,6.69,710975,0.0,6.515999999999998,,41.84509445294771,-0.2944328848766231,-0.3000661746982512,0.005633289821628085
2020-02-07,6.69,6.715,6.48,6.55,681984,0.0,6.569999999999998,,38.67788775696169,-0.28119928615757583,-0.2962927969901161,0.015093510832540291
2020-02-10,6.55,6.79,6.53,6.755,576070,0.0,6.6389999999999985,,45.216588164985616,-0.25127325541008716,-0.28728888867411034,0.036015633264023184
2020-02-11,6.79,6.84,6.66,6.67,608988,0.0,6.670999999999999,,43.16154447935637,-0.2317440489223399,-0.2761799207237563,0.04443587180141639
2020-02-12,6.76,6.85,6.705,6.82,776762,0.0,6.697,,47.68055559134604,-0.20183661878040304,-0.26131126033508567,0.05947464155468263
2020-02-13,6.81,6.885,6.62,6.645,751230,0.0,6.688,,43.35019855757672,-0.1900648530705613,-0.24706197888218082,0.0569971258116195
2020-02-14,6.64,6.81,6.52,6.74,774358,0.0,6.726000000000001,,46.20636510786104,-0.1710976308982275,-0.23186910928539015,0.06077147838716265
2020-02-18,6.74,6.85,6.62,6.765,721876,0.0,6.728,,46.96416688389941,-0.15229313910055264,-0.21595391524842264,0.06366077614787
2020-02-19,6.8,7.03,6.8,6.94,1186063,0.0,6.781999999999999,,52.05565612921266,-0.12186462684766664,-0.19713605756827146,0.07527143072060483
2020-02-20,6.98,7.08,6.685,6.97,1120544,0.0,6.811999999999999,,52.89058794187049,-0.0942426913008445,-0.1765573843147861,0.08231469301394159
2020-02-21,6.92,7.04,6.8,6.92,816273,0.0,6.866999999999999,,51.28749554427974,-0.07551618691172912,-0.1563491448341747,0.08083295792244558
2020-02-24,6.79,6.9,6.53,6.83,1334009,0.0,6.884999999999998,,48.441371780720644,-0.06716332806656133,-0.13851198148065202,0.07134865341409069
2020-02-25,6.89,6.95,6.32,6.37,1478596,0.0,6.805999999999997,,37.10698630288876,-0.09654882808169774,-0.13011935080086118,0.03357052271916344
2020-02-26,6.41,6.47,6.125,6.22,1399669,0.0,6.661999999999997,,34.28950602304475,-0.13043719614960558,-0.13018291987061006,-0.00025427627899551886
2020-02-27,6.01,6.44,5.85,5.96,1910213,0.0,6.459999999999998,,30.032850311124932,-0.17624218883928222,-0.1393947736643445,-0.036847415174937725
2020-02-28,5.9,6.25,5.78,5.94,2231372,0.0,6.263999999999998,,29.72714580488457,-0.21171627497689993,-0.1538590739268556,-0.05785720105004433
2020-03-02,5.97,6.1,5.69,6.09,1478609,0.0,6.115999999999997,,35.06571979830139,-0.2251308293584886,-0.16811342501318222,-0.05701740434530639
2020-03-03,6.1,6.3,5.87,5.93,1064078,0.0,6.027999999999997,,32.2512438047376,-0.24583874712915144,-0.18365848943637608,-0.062180257692775354
2020-03-04,6.01,6.45,6.01,6.43,1412801,0.0,6.069999999999996,,46.65937346590027,-0.21937527817876923,-0.1908018471848547,-0.028573430993914517
2020-03-05,6.28,6.33,5.96,6.05,1443911,0.0,6.087999999999996,,39.74182291820614,-0.2264551782526425,-0.19793251339841228,-0.028522664854230217
2020-03-06,5.89,6.06,5.75,5.81,2482964,0.0,6.061999999999996,,36.10141544898721,-0.24856672186319706,-0.20805935509136925,-0.04050736677182781
2020-03-09,5.51,5.72,5.07,5.4,1394939,0.0,5.923999999999996,,30.89490878516142,-0.29576446432886616,-0.22560037693886864,-0.07016408738999752
2020-03-10,5.61,5.6334,5.24,5.6,1155183,0.0,5.857999999999995,,35.761745260659296,-0.3134178014250004,-0.243163861836095,-0.07025393958890541
2020-03-11,5.4,5.54,4.9801,5.06,1441299,0.0,5.583999999999996,,29.683243904471453,-0.36675397377752805,-0.26788188422438164,-0.09887208955314641
2020-03-12,4.4,4.57,4.0,4.08,2302904,0.0,5.189999999999996,,22.281433710538323,-0.482538678910962,-0.3108132431616977,-0.1717254357492643
2020-03-13,4.6,4.73,3.81,4.18,2260898,0.0,4.863999999999995,,24.354291398649707,-0.5597769672187978,-0.36060598797311777,-0.19917097924568
2020-03-16,3.83,4.0,3.55,3.555,3589976,0.0,4.494999999999996,,20.64765387209127,-0.6637696208250077,-0.42123871454349576,-0.24253090628151192
2020-03-17,3.6,3.88,3.26,3.58,1910265,0.0,4.090999999999996,,21.164511651226533,-0.7356867184273082,-0.48412831532025824,-0.2515584031070499
2020-03-18,3.6,4.34,3.6,3.88,4932570,0.0,3.8549999999999955,,27.285196907510198,-0.7597165046578596,-0.5392459531877786,-0.220470551470081
2020-03-19,3.88,4.5,3.87,4.25,2245442,0.0,3.888999999999996,,34.082606840621295,-0.7403698527911073,-0.5794707331084443,-0.16089911968266302
2020-03-20,4.29,4.725,4.23,4.28,2024729,0.0,3.9089999999999963,,34.61630329160583,-0.7143817938893378,-0.606452945264623,-0.10792884862471475
2020-03-23,4.33,4.33,3.85,4.04,1622400,0.0,4.005999999999996,,32.35912565063994,-0.7050249751612929,-0.6261673512439571,-0.07885762391733586
2020-03-24,4.27,4.39,3.97,4.33,1670018,0.0,4.155999999999996,,37.64961260773379,-0.6665257584921829,-0.6342390326936023,-0.03228672579858061
2020-03-25,4.37,4.59,4.27,4.45,1570033,0.0,4.269999999999996,,39.749588850942594,-0.6191941698369865,-0.6312300601222791,0.012035890285292616
2020-03-26,4.55,4.9963,4.54,4.85,1686951,0.0,4.389999999999996,,46.24834838253241,-0.5431458406075649,-0.6136132162193363,0.07046737561177141
2020-03-27,4.71,4.8362,4.53,4.53,1112087,0.0,4.439999999999996,,42.31601868528882,-0.5029011856203249,-0.5914708100995341,0.08856962447920913
2020-03-30,4.64,4.79,4.47,4.74,1084617,0.0,4.5799999999999965,,45.58580877740452,-0.4488872686289511,-0.5629541018054175,0.11406683317646638
2020-03-31,4.73,4.8,4.49,4.66,1468301,0.0,4.645999999999996,,44.54979453213444,-0.4078349146484843,-0.5319302643740309,0.12409534972554659
2020-04-01,4.35,4.65,4.3,4.36,1308811,0.0,4.627999999999997,,40.80470459292907,-0.39495532204671147,-0.5045352759085671,0.1095799538618556
2020-04-02,4.4,4.63,4.3,4.5,1405617,0.0,4.557999999999997,,43.20422284261273,-0.36919546662313785,-0.47746731405148124,0.10827184742834339
2020-04-03,4.48,4.58,4.31,4.39,823494,0.0,4.529999999999997,,41.77148697445352,-0.35358081674286623,-0.4526900145897582,0.09910919784689198
2020-04-06,4.52,4.65,4.44,4.63,2641056,0.0,4.507999999999997,,45.980621077595934,-0.31817240653190826,-0.42578649297818827,0.10761408644628001
2020-04-07,4.75,4.92,4.55,4.55,1499945,0.0,4.485999999999997,,44.817648282515975,-0.2931866446112785,-0.39926652330480633,0.10607987869352781
2020-04-08,4.68,4.95,4.56,4.91,2882422,0.0,4.595999999999997,,50.842936809161294,-0.24155179815367678,-0.36772357827458046,0.1261717801209037
2020-04-09,4.98,5.2,4.89,5.04,1316506,0.0,4.703999999999997,,52.845235036250095,-0.18797404895579817,-0.331773672410824,0.14379962345502584
2020-04-13,5.28,5.7,4.99,5.65,2367024,0.0,4.955999999999998,,60.89443267212293,-0.09519405686109828,-0.28445774930087886,0.18926369243978058
2020-04-14,5.89,5.95,5.48,5.53,5626310,0.0,5.1359999999999975,,58.76916979377522,-0.030990996879654453,-0.233764398816634,0.20277340193697954
2020-04-15,5.36,5.47,5.0499,5.26,2957648,0.0,5.277999999999998,,54.186745127134905,-0.0018747419439977264,-0.18738646744210674,0.18551172549810901
2020-04-16,5.28,5.585,5.28,5.53,3909789,0.0,5.401999999999998,,57.73572763022253,0.042496964822616334,-0.14140978098916213,0.18390674581177846
2020-04-17,5.69,5.77,5.35,5.64,2794827,0.0,5.5219999999999985,,59.124989734440796,0.0855517554252625,-0.09601747370627721,0.18156922913153972
2020-04-20,5.49,5.9,5.39,5.77,3005423,0.0,5.545999999999999,,60.76635341410914,0.12867956281565096,-0.05107806640189158,0.17975762921754254
2020-04-21,5.71,5.79,5.54,5.65,2423733,0.0,5.5699999999999985,,58.433789393755454,0.15143007216349869,-0.010576438688813528,0.1620065108523122
2020-04-22,5.79,5.83,5.62,5.765,2319411,0.0,5.670999999999999,,60.0177308066089,0.17670263564499145,0.026879376177947466,0.14982325946704397
2020-04-23,5.77,5.95,5.61,5.69,3753214,0.0,5.7029999999999985,,58.4533018895234,0.18850646588667352,0.05920479411969268,0.12930167176698085
2020-04-24,5.74,6.045,5.6211,6.01,2470064,0.0,5.776999999999998,,62.89712922090235,0.22113332472688985,0.0915905002411321,0.12954282448575774
2020-04-27,6.18,6.6,6.17,6.46,5057315,0.0,5.914999999999998,,68.06933549673076,0.28007307652789315,0.12928701549848431,0.15078606102940884
2020-04-28,6.65,6.68,6.24,6.26,1668670,0.0,6.036999999999999,,63.81167863128983,0.3071048128218079,0.16485057496314903,0.14225423785865887
2020-04-29,6.45,6.45,6.16,6.21,1159007,0.0,6.1259999999999994,,62.754882153541075,0.3207951496581032,0.19603948990213987,0.12475565975596331
2020-04-30,6.2,6.2,5.75,5.77,3209791,0.0,6.141999999999998,,54.2417015289129,0.2927656967559633,0.21538473127290458,0.07738096548305873
2020-05-01,5.6,5.78,5.225,5.43,1558349,0.0,6.025999999999998,,48.739501936578016,0.240346430843962,0.22037707118711608,0.01996935965684593
2020-05-04,5.43,6.34,5.36,6.34,5115510,0.0,6.001999999999997,,60.336410007144245,0.26913080734203554,0.23012781841809998,0.039002988923935555
2020-05-05,6.63,6.84,6.47,6.68,2589227,0.0,6.085999999999997,,63.64571789134666,0.31573815864574417,0.24724988646362883,0.06848827218211534
2020-05-06,6.85,6.94,6.46,6.49,3028570,0.0,6.141999999999998,,60.60275344817574,0.33349903891337096,0.26449971695357727,0.06899932195979369
2020-05-07,6.57,6.65,6.25,6.43,1340110,0.0,6.273999999999997,,59.63314204640752,0.3388273748619284,0.2793652485352475,0.05946212632668085
2020-05-08,6.48,6.5487,6.32,6.51,2070890,0.0,6.4899999999999975,,60.53968691494027,0.34552248280040665,0.29259669538827937,0.05292578741212728
2020-05-11,6.49,7.29,6.44,7.23,5423776,0.0,6.6679999999999975,,67.59349641730489,0.4042662570222868,0.31493060771508086,0.08933564930720594
2020-05-12,7.28,7.58,6.9,6.9,2660410,0.0,6.711999999999998,,62.11309352797353,0.41935877235826347,0.3358162406437174,0.08354253171454606
2020-05-13,6.95,7.35,6.7,7.02,1952203,0.0,6.817999999999996,,63.27902693288692,0.435977024859576,0.3558483974868891,0.08012862737268689
2020-05-14,6.95,7.0411,6.69,6.9,1009224,0.0,6.911999999999996,,61.24915162615267,0.4344559745416907,0.37156991289784946,0.06288606164384125
2020-05-15,6.85,7.2274,6.845,7.1,3370482,0.0,7.029999999999997,,63.358812008475674,0.4442676191696533,0.3861094541522102,0.058158165017443086
2020-05-18,7.35,7.4,7.08,7.13,1358674,0.0,7.009999999999996,,63.67824086646174,0.44928508867395944,0.3987445810565601,0.050540507617399366
2020-05-19,7.15,7.34,7.05,7.05,1098867,0.0,7.0399999999999965,,62.12295535421537,0.4417143301525579,0.40733853087575966,0.034375799276798236
2020-05-20,7.21,7.84,7.21,7.79,4904622,0.0,7.193999999999997,,69.5351186181314,0.4897803816796351,0.42382690103653475,0.06595348064310036
2020-05-21,7.86,8.03,7.6013,7.89,3598772,0.0,7.391999999999998,,70.37869807928344,0.5298346342244438,0.44502844767411653,0.08480618655032723
2020-05-22,7.83,8.005,7.66,7.95,2325024,0.0,7.561999999999998,,70.89937079319671,0.5599644943752269,0.4680156570143386,0.09194883736088827
2020-05-26,8.05,8.1538,7.72,7.7401,1662870,0.0,7.684019999999997,,66.49584012773693,0.5604449888594552,0.48650152338336194,0.0739434654760932
2020-05-27,7.76,7.89,7.24,7.44,1772494,0.0,7.762019999999997,,60.69184274229943,0.5304950060324618,0.4953002199131819,0.0351947861192799
2020-05-28,7.47,7.56,7.19,7.21,1075811,0.0,7.646019999999997,,56.613363883027915,0.48263681429014493,0.49276753878857454,-0.01013072449842961
2020-05-29,7.24,7.3,6.89,7.14,1364436,0.0,7.496019999999997,,55.39330701900954,0.434056899799268,0.4810254109907133,-0.046968511191445295
2020-06-01,7.16,7.38,7.0,7.29,1345724,0.0,7.3640199999999965,,57.506603639190196,0.40301500782152466,0.4654233303568756,-0.062408322535350946
2020-06-02,7.28,7.59,7.17,7.46,1548308,0.0,7.307999999999997,,59.82939979132759,0.3876629271230465,0.44987124971010983,-0.062208322587063325
2020-06-03,7.47,7.59,7.11,7.12,3224594,0.0,7.243999999999997,,53.52737277502462,0.3440946254120103,0.4287159248504899,-0.08462129943847962
2020-06-04,7.1,7.35,7.04,7.13,1343281,0.0,7.227999999999997,,53.68190606832613,0.3068363306194666,0.40434000600428527,-0.09750367538481869
2020-06-05,7.39,7.44,7.15,7.38,1273521,0.0,7.275999999999998,,57.4878516927252,0.2940916685384769,0.38229033851112365,-0.08819866997264675
2020-06-08,7.49,7.65,7.315,7.57,2895336,0.0,7.331999999999998,,60.166748207852976,0.2959117575799981,0.36501462232489856,-0.06910286474490046
2020-06-09,7.51,7.7501,7.38,7.59,2492278,0.0,7.357999999999997,,60.44927420788538,0.2955609811016462,0.35112389408024813,-0.05556291297860194
2020-06-10,7.66,8.03,7.58,7.85,1900553,0.0,7.503999999999998,,64.02183557248506,0.31265868065733393,0.3434308513956653,-0.030772170738331384
2020-06-11,7.66,7.66,6.91,6.91,3051186,0.0,7.459999999999998,,47.36416372513338,0.24750549733877225,0.3242457805842867,-0.07674028324551446
2020-06-12,7.3,7.31,7.03,7.0387,407286,0.0,7.391739999999997,,49.308867905857305,0.203905647190739,0.3001777539055772,-0.09627210671483821
2020-06-15,7.1,7.6,6.95,7.54,991761,0.0,7.385739999999997,,56.11081673846095,0.2074122529472291,0.2816246537139076,-0.07421240076667851
2020-06-16,7.61,7.74,7.43,7.52,2349171,0.0,7.371739999999997,,55.78917803162097,0.20620047964593535,0.2665398189003132,-0.060339339254377844
2020-06-17,7.52,7.59,7.36,7.46,902905,0.0,7.293739999999997,,54.77478023096968,0.19811489680707606,0.2528548344816658,-0.054739937674589734
2020-06-18,7.4,7.57,7.32,7.5,1637674,0.0,7.411739999999997,,55.35755366450832,0.1927132020266935,0.24082650799067135,-0.04811330596397784
2020-06-19,7.58,7.81,7.47,7.58,1594020,0.0,7.519999999999998,,56.563123375284874,0.19266670951184395,0.23119454829490588,-0.03852783878306193
2020-06-22,7.58,7.85,7.385,7.85,1857519,0.0,7.581999999999998,,60.44550845743963,0.21197311327357937,0.2273502612906406,-0.01537714801706122
2020-06-23,7.9,8.3574,7.9,8.08,2076398,0.0,7.693999999999997,,63.44300866153746,0.24303114341996945,0.23048643771650637,0.012544705703463083
2020-06-24,8.02,8.18,7.425,7.43,1203736,0.0,7.687999999999997,,51.55288006241175,0.21274292039027554,0.22693773425126024,-0.0141948138609847
2020-06-25,7.4,7.81,7.32,7.75,1165352,0.0,7.737999999999997,,55.93163852444753,0.21211547590387347,0.2239732825817829,-0.011857806677909422
2020-06-26,7.77,7.79,7.4,7.55,1487879,0.0,7.731999999999997,,52.72420429201826,0.1932522020082157,0.21782906646706948,-0.024576864458853792
2020-06-29,7.63,7.64,7.165,7.27,1780371,0.0,7.615999999999995,,48.52845613987155,0.15393479708132407,0.2050502125899204,-0.05111541550859633
2020-06-30,7.2,7.38,7.1003,7.21,1568674,0.0,7.441999999999996,,47.653330240780065,0.11658999496388667,0.18735816906471367,-0.070768174100827
2020-07-01,7.16,7.29,6.99,7.09,1708401,0.0,7.373999999999997,,45.871636813451175,0.07642993638225981,0.16517252252822293,-0.08874258614596311
2020-07-02,7.09,7.18,6.62,6.69,2178872,0.0,7.161999999999996,,40.44348790864743,0.01218567468574605,0.13457515295972755,-0.1223894782739815
2020-07-06,6.8,6.84,6.62,6.66,1173510,0.0,6.983999999999997,,40.06060064614299,-0.040680179061501676,0.09952408655548171,-0.1402042656169834
2020-07-07,6.64,7.0199,6.619,6.88,1248879,0.0,6.905999999999997,,44.23031779150032,-0.06408584591120903,0.06680210006214357,-0.1308879459733526
2020-07-08,6.92,7.0,6.83,6.94,739854,0.0,6.851999999999997,,45.34697951709372,-0.07690697126740442,0.03806028579623398,-0.1149672570636384
2020-07-09,6.94,6.97,6.8075,6.87,743271,0.0,6.807999999999995,,44.2341900321795,-0.09165962536394012,0.012116303564199161,-0.10377592892813928
2020-07-10,6.92,6.9643,6.77,6.8,601164,0.0,6.829999999999996,,43.09530651944555,-0.10775746403941522,-0.011858449956523714,-0.0958990140828915
2020-07-13,6.91,7.15,6.7,6.71,1536064,0.0,6.8399999999999945,,41.611874465724796,-0.12632121269923857,-0.034751002505066686,-0.09157021019417189
2020-07-14,6.69,6.86,6.51,6.86,956381,0.0,6.835999999999994,,45.009376767654985,-0.1274600902794507,-0.0532928200599435,-0.07416727021950721
2020-07-15,7.0,7.11,6.8846,7.0501,1250641,0.0,6.8580199999999945,,49.05523215248525,-0.11173516427785657,-0.06498128890352611,-0.046753875374330456
2020-07-16,6.98,7.11,6.8713,7.09,699730,0.0,6.902019999999995,,49.88859428289633,-0.09495882437030811,-0.07097679599688252,-0.0239820283734256
2020-07-17,7.08,7.27,7.0561,7.09,864338,0.0,6.960019999999995,,49.88859428289633,-0.08073281647270925,-0.07292800009204786,-0.0078048163806613835
2020-07-20,7.1,7.194,7.02,7.09,915167,0.0,7.036019999999995,,49.88859428289633,-0.06866705169285048,-0.0720758104122084,0.0034087587193579183
2020-07-21,7.1,7.14,6.86,6.87,864649,0.0,7.038019999999994,,44.83756351485804,-0.07598114422495073,-0.07285687717475686,-0.003124267050193863
2020-07-22,6.85,6.93,6.71,6.81,683651,0.0,6.989999999999995,,43.542748175312894,-0.08563200140280802,-0.0754119020203671,-0.010220099382440923
2020-07-23,6.82,6.9514,6.71,6.75,589289,0.0,6.921999999999994,,42.22944237886224,-0.09700367581391767,-0.07973025677907722,-0.017273419034840448
2020-07-24,6.65,6.84,6.64,6.77,617684,0.0,6.8579999999999925,6.706643999999994,42.8482321453284,-0.10321221074212072,-0.08442664757168593,-0.018785563170434796
