Date,Open,High,Low,Close,Volume,OpenInterest,5 day sma,200 day sma,rsi,macd,signal,histogram
2019-10-09,27.18,27.32,26.94,27.07,2678134,0.0,,,,,,
2019-10-10,27.05,27.05,26.75,26.92,2768005,0.0,,,,,,
2019-10-11,27.03,27.415,26.93,27.08,3062279,0.0,,,,,,
2019-10-14,27.23,27.23,26.91,26.96,1884905,0.0,,,,,,
2019-10-15,27.0,27.15,26.805,26.89,2934938,0.0,26.984,,,,,
2019-10-16,26.84,26.94,26.54,26.66,2468349,0.0,26.902000000000005,,,,,
2019-10-17,26.76,26.93,26.64,26.83,2276251,0.0,26.884000000000004,,,,,
2019-10-18,26.84,26.945,26.57,26.79,2729884,0.0,26.826,,,,,
2019-10-21,26.95,27.22,26.95,27.05,2139284,0.0,26.844,,,,,
2019-10-22,27.12,27.205,26.94,27.11,1857517,0.0,26.887999999999998,,,,,
2019-10-23,27.06,27.165,26.88,27.035,2086253,0.0,26.963,,,,,
2019-10-24,27.17,27.17,26.85,26.99,2221749,0.0,26.995000000000005,,,,,
2019-10-25,26.95,27.15,26.92,27.11,2261315,0.0,27.059000000000008,,,,,
2019-10-28,27.14,27.235,26.98,26.99,2152890,0.0,27.047000000000008,,,,,
2019-10-29,26.86,27.185,26.79,27.035,3899528,0.0,27.032000000000004,,48.94894894894894,,,
2019-10-30,27.08,27.29,26.83,27.25,3443065,0.0,27.075000000000006,,55.181504765767606,,,
2019-10-31,27.185,27.205,26.98,27.02,2395952,0.0,27.081000000000007,,48.37730275304638,,,
2019-11-01,27.09,27.28,26.95,27.11,3067576,0.0,27.081000000000007,,50.927206559600116,,,
2019-11-04,27.13,27.52,27.07,27.36,4350088,0.0,27.15500000000001,,57.244832391834656,,,
2019-11-05,27.56,27.96,26.325,26.36,5089149,0.0,27.02000000000001,,36.823536734153045,,,
2019-11-06,26.44,26.58,25.65,25.75,3558387,0.0,26.72000000000001,,29.83237495281199,,,
2019-11-07,26.23,26.73,25.825,26.21,4269884,0.0,26.55800000000001,,39.2058069365213,,,
2019-11-08,26.21,26.29,25.8875,26.01,3159047,0.0,26.33800000000001,,36.89788969973124,,,
2019-11-11,26.04,26.22,26.01,26.09,2617076,0.0,26.084000000000014,,38.458458355430174,,,
2019-11-12,26.01,26.48,26.01,26.3,2654115,0.0,26.072000000000013,,42.47982080098776,,,
2019-11-13,26.29,26.29,25.98,26.0,2835539,0.0,26.122000000000014,,38.59945504641818,-0.36059279979949466,,
2019-11-14,26.06,26.53,25.84,26.34,7894803,0.0,26.148000000000014,,44.75830123504818,-0.33929625247114714,,
2019-11-15,26.39,26.51,26.125,26.2,5052395,0.0,26.186000000000014,,42.85225002526987,-0.3299123905760446,,
2019-11-18,26.28,26.78,26.245,26.67,4663298,0.0,26.302000000000014,,50.476951522515726,-0.281307799170186,,
2019-11-19,26.72,26.72,26.2,26.44,3701781,0.0,26.330000000000013,,47.160905806010426,-0.2583690703004109,,
2019-11-20,26.36,26.69,26.36,26.68,2832211,0.0,26.466000000000015,,50.79350833997295,-0.2183074557124023,,
2019-11-21,26.72,26.8,26.27,26.43,2586869,0.0,26.484000000000016,,47.15670809046274,-0.2043753365256471,,
2019-11-22,26.43,26.69,26.3,26.53,2077117,0.0,26.55000000000002,,48.737786001664034,-0.1831535868890093,,
2019-11-25,26.5,26.7,26.17,26.27,2221367,0.0,26.470000000000017,,44.97033541413974,-0.1851803803430485,-0.26227723019859894,0.07709684985555043
2019-11-26,26.31,26.31,26.005,26.17,2317007,0.0,26.416000000000018,,43.57514979107045,-0.19263521418489304,-0.24834882699585778,0.055713612810964736
2019-11-27,26.28,26.51,26.14,26.48,1316563,0.0,26.376000000000015,,48.87082153685242,-0.1715512781443458,-0.2329893172255554,0.06143803908120962
2019-11-29,26.43,26.68,26.265,26.535,1040427,0.0,26.397000000000013,,49.77153413092474,-0.14869006012803254,-0.21612946580605086,0.06743940567801832
2019-12-02,26.52,26.69,26.44,26.47,2731269,0.0,26.385000000000012,,48.680083526032895,-0.13426956099697662,-0.199757484844236,0.06548792384725938
2019-12-03,26.43,26.51,26.09,26.41,2601672,0.0,26.41300000000001,,47.641524262955606,-0.12622763648123225,-0.18505151517163526,0.05882387869040301
2019-12-04,25.73,25.73,24.945,25.1,13577721,0.0,26.199000000000012,,31.726510816056162,-0.22298991628819564,-0.19263919539494737,-0.03035072089324828
2019-12-05,25.21,25.3,24.33,24.46,6192431,0.0,25.795000000000016,,26.983881843415958,-0.34731375469777603,-0.22357410725551313,-0.1237396474422629
2019-12-06,24.48,24.59,24.01,24.09,6167521,0.0,25.30600000000002,,24.686356708518034,-0.47027614940958173,-0.27291451568632685,-0.19736163372325488
2019-12-09,24.17,24.265,23.57,23.65,5671673,0.0,24.74200000000002,,22.25918379930806,-0.5963546506862443,-0.33760254268631035,-0.2587521079999339
2019-12-10,23.9,24.06,23.435,23.84,5821622,0.0,24.22800000000002,,25.65826856858395,-0.6731813437014473,-0.40471830288933774,-0.2684630408121096
2019-12-11,23.78,24.11,23.78,23.905,2915473,0.0,23.989000000000022,,26.83682366562664,-0.7205164297538005,-0.46787792826223035,-0.25263850149157013
2019-12-12,24.0,24.235,23.92,24.05,3021653,0.0,23.90700000000002,,29.521031187119718,-0.7378243583731212,-0.5218672142844085,-0.2159571440887127
2019-12-13,24.0,24.1,23.66,23.71,2599554,0.0,23.831000000000024,,27.017967972345986,-0.7700989536347187,-0.5715135621544706,-0.19858539148024812
2019-12-16,23.68,24.305,23.66,24.25,4085651,0.0,23.951000000000022,,36.26156894043018,-0.7435323379150631,-0.6059173173065892,-0.13761502060847397
2019-12-17,24.39,24.41,23.83,23.95,3419670,0.0,23.97300000000002,,33.7073286456461,-0.7381763587852497,-0.6323691256023213,-0.1058072331829284
2019-12-18,23.9,24.19,23.74,23.88,3780558,0.0,23.968000000000018,,33.121080972416564,-0.731151858227296,-0.6521256721273163,-0.07902618609997969
2019-12-19,23.89,24.515,23.88,24.24,6049823,0.0,24.00600000000002,,38.997263260041976,-0.6885981685226064,-0.6594201714063743,-0.029177997116232035
2019-12-20,24.28,24.6,23.94,24.02,5241683,0.0,24.06800000000002,,36.86553696514433,-0.664960968115544,-0.6605283307482083,-0.004432637367335679
2019-12-23,24.07,24.08,23.55,23.66,2472685,0.0,23.950000000000017,,33.626312390571215,-0.6675818399548454,-0.6619390325895358,-0.005642807365309643
2019-12-24,23.68,23.71,23.44,23.49,999645,0.0,23.85800000000002,,32.1880241900395,-0.6755887128778895,-0.6646689686472065,-0.010919744230682982
2019-12-26,23.55,23.58,22.97,23.02,2877280,0.0,23.686000000000018,,28.551925249176307,-0.711655764736367,-0.6740663278650386,-0.03758943687132843
2019-12-27,23.0,23.09,22.645,22.81,3614658,0.0,23.40000000000002,,27.079966574725063,-0.7485555259960144,-0.6889641674912339,-0.05959135850478048
2019-12-30,22.72,23.015,22.685,22.82,3157554,0.0,23.16000000000002,,27.272242895058056,-0.7681373272564649,-0.7047987994442801,-0.06333852781218474
2019-12-31,22.74,23.05,22.72,23.0,2701447,0.0,23.028000000000027,,30.80884895815113,-0.7603665182467694,-0.715912343204778,-0.04445417504199134
2020-01-02,23.08,23.08,22.625,22.82,3134190,0.0,22.894000000000027,,29.275719751027268,-0.7599721064215501,-0.7247242958481325,-0.03524781057341764
2020-01-03,22.72,23.13,22.72,23.07,3107298,0.0,22.90400000000003,,34.17514758649159,-0.7310594235793246,-0.725991321394371,-0.005068102184953682
2020-01-06,23.04,23.135,22.61,22.69,3427247,0.0,22.88000000000003,,30.6944596175246,-0.7303892655282418,-0.7268709102211451,-0.0035183553070966544
2020-01-07,22.61,22.88,22.535,22.84,3484520,0.0,22.884000000000032,,33.57058279236128,-0.7095748765648224,-0.7234117034898806,0.013836826925058165
2020-01-08,22.79,23.215,22.72,23.12,4167448,0.0,22.908000000000033,,38.685669212588216,-0.6628448011482959,-0.7112983230215637,0.04845352187326779
2020-01-09,23.15,23.22,22.83,22.85,3508835,0.0,22.914000000000033,,35.82132873251537,-0.6402175933302416,-0.6970821770832993,0.056864583753057696
2020-01-10,22.86,23.065,22.665,22.75,3266779,0.0,22.850000000000033,,34.79379233842529,-0.6231710049448118,-0.6822999426556019,0.059128937710790086
2020-01-13,22.72,22.86,22.5,22.52,3277698,0.0,22.816000000000038,,32.48566481339344,-0.6210613302275121,-0.6700522201699839,0.048990889942471805
2020-01-14,22.51,22.74,22.48,22.64,2811460,0.0,22.77600000000004,,34.9117105529691,-0.6027581796059529,-0.6565934120571777,0.05383523245122479
2020-01-15,22.6,23.01,22.6,22.72,3146191,0.0,22.696000000000037,,36.54866714323759,-0.5751672988670578,-0.6403081894191538,0.06514089055209604
2020-01-16,22.81,23.43,22.81,23.21,5358586,0.0,22.76800000000004,,45.57699994045069,-0.5079075797825432,-0.6138280674918317,0.10592048770928852
2020-01-17,23.26,23.36,22.93,22.93,2459048,0.0,22.80400000000004,,41.90751310254974,-0.47175928044530124,-0.5854143100825256,0.1136550296372244
2020-01-21,22.93,22.99,22.7,22.71,5315314,0.0,22.842000000000045,,39.234638480398814,-0.4556116467144662,-0.5594537774089138,0.10384213069444759
2020-01-22,22.83,23.02,22.69,22.75,4454029,0.0,22.86400000000004,,39.98414376353601,-0.43457732801692117,-0.5344784875305153,0.09990115951359413
2020-01-23,22.77,23.01,22.63,22.96,5884012,0.0,22.91200000000004,,43.89661926693117,-0.39639286376081984,-0.5068613627765762,0.1104684990157564
2020-01-24,22.88,22.935,22.06,22.18,5598248,0.0,22.70600000000004,,34.817508634288785,-0.4241811853406716,-0.4903253272893953,0.0661441419487237
2020-01-27,22.01,22.09,21.65,21.65,2299412,0.0,22.45000000000004,,30.24063345378154,-0.48339789101900976,-0.48893984003531826,0.0055419490163085006
2020-01-28,21.71,21.79,21.54,21.54,1993454,0.0,22.216000000000037,,29.377481154191088,-0.5330588667952689,-0.49776364538730844,-0.035295221407960486
2020-01-29,21.51,22.22,21.36,22.135,4707044,0.0,22.093000000000035,,39.445657320015876,-0.5184279063146171,-0.5018964975727702,-0.016531408741846887
2020-01-30,22.16,22.45,21.82,22.415,4185354,0.0,21.98400000000003,,43.52587087414141,-0.47872071042448283,-0.49726134014311274,0.01854062971862991
2020-01-31,22.3,22.6,22.22,22.52,4156760,0.0,22.05200000000003,,45.02191082908427,-0.4337795089672589,-0.484564973907942,0.05078546494068309
2020-02-03,22.53,22.75,22.37,22.56,2729513,0.0,22.23400000000003,,45.612988052658,-0.3904349265267868,-0.465738964431711,0.07530403790492418
2020-02-04,22.68,22.83,22.04,22.04,2655260,0.0,22.33400000000003,,39.64567961700025,-0.39350757644918843,-0.4512926868352065,0.05778511038601808
2020-02-05,22.07,22.505,21.85,21.94,3376932,0.0,22.29500000000003,,38.59985941821829,-0.39940771440606326,-0.4409156923493779,0.04150797794331462
2020-02-06,21.96,22.01,21.72,21.72,3128628,0.0,22.156000000000034,,36.32933601349272,-0.4170285322992733,-0.436138260339357,0.019109728040083707
2020-02-07,21.74,22.36,21.74,22.3,2977327,0.0,22.112000000000037,,45.440981339273435,-0.37981374822929226,-0.4248733579173441,0.04505960968805184
2020-02-10,22.3,22.375,22.07,22.28,2437519,0.0,22.05600000000004,,45.20077195786302,-0.34792394591543996,-0.4094834755169633,0.06155952960152333
2020-02-11,22.37,23.44,22.33,22.98,8296995,0.0,22.24400000000004,,54.30535914287951,-0.2631336569696501,-0.3802135118075007,0.1170798548378506
2020-02-12,22.83,23.195,22.83,22.93,4241684,0.0,22.442000000000043,,53.62007624539604,-0.19769244874181524,-0.3437092991943636,0.14601685045254836
2020-02-13,22.93,23.09,22.86,23.07,1369738,0.0,22.71200000000004,,55.32020227312773,-0.13299985028704953,-0.3015674094129008,0.16856755912585125
2020-02-14,23.13,23.3,23.06,23.29,2327368,0.0,22.91000000000004,,57.92997780727696,-0.0632492406682239,-0.2539037756639654,0.19065453499574148
2020-02-18,23.38,23.6,23.16,23.36,3529791,0.0,23.12600000000004,,58.75548004132783,-0.002296492497709579,-0.20358231903071422,0.20128582653300464
2020-02-19,23.4,23.455,22.68,22.69,2613472,0.0,23.068000000000037,,48.870917560825255,-0.007962612962433724,-0.16445837781705813,0.1564957648546244
2020-02-20,22.71,22.96,22.585,22.91,2966691,0.0,23.06400000000004,,51.74178342698259,0.00523871844511703,-0.1305189585646231,0.13575767700974012
2020-02-21,22.87,23.46,22.8,23.43,3460799,0.0,23.136000000000042,,57.77659241453074,0.05700342289895488,-0.0930144822719075,0.1500179051708624
2020-02-24,23.18,23.19,22.62,22.97,3230241,0.0,23.072000000000042,,51.62621562465644,0.06021504692519386,-0.062368576432487235,0.1225836233576811
2020-02-25,23.04,23.28,22.13,22.13,5459299,0.0,22.826000000000043,,42.68951589210137,-0.004963481794135305,-0.05088755750481685,0.04592407571068154
2020-02-26,22.32,22.625,21.67,21.67,4969732,0.0,22.622000000000043,,38.73516243602643,-0.09266787344838434,-0.05924362069353035,-0.03342425275485399
2020-02-27,21.58,21.6,20.46,20.59,6066082,0.0,22.158000000000044,,31.384587793922506,-0.24647994242594962,-0.09669088504001422,-0.1497890573859354
2020-02-28,20.43,20.43,18.75,19.24,10723570,0.0,21.320000000000043,,24.998620961688317,-0.4718713931357108,-0.17172698665915354,-0.30014440647655727
2020-03-02,19.3,20.235,18.94,20.15,6981144,0.0,20.756000000000046,,34.65113778576847,-0.5704900922030625,-0.2514796077679353,-0.31901048443512714
2020-03-03,20.25,21.03,20.1,20.26,5169166,0.0,20.382000000000048,,35.72792433128991,-0.6324792143532356,-0.3276795290849954,-0.3047996852682402
2020-03-04,20.52,21.08,20.42,21.03,3942936,0.0,20.254000000000048,,42.829377600660834,-0.6124139486378049,-0.38462641299555733,-0.22778753564224752
2020-03-05,20.88,21.0,20.38,20.64,3144090,0.0,20.264000000000046,,40.39487764968943,-0.6208253336341159,-0.431866197123269,-0.18895913651084684
2020-03-06,19.91,20.83,19.84,20.54,3497403,0.0,20.52400000000005,,39.770639003297916,-0.628317725484397,-0.4711565027954946,-0.15716122268890242
2020-03-09,19.04,19.315,18.04,18.44,6983389,0.0,20.182000000000052,,29.470978867723602,-0.7945488846208342,-0.5358349791605626,-0.2587139054602716
2020-03-10,18.97,19.38,17.89,19.335,4590681,0.0,19.99700000000005,,36.96369836361794,-0.8443362727235062,-0.5975352378731513,-0.24680103485035487
2020-03-11,18.76,18.94,17.27,17.79,9249571,0.0,19.349000000000053,,30.86745174595889,-0.9969692830862975,-0.6774220469157806,-0.31954723617051695
2020-03-12,16.36,16.75,14.27,14.53,9017356,0.0,18.127000000000052,,22.45286664994609,-1.3652490572100113,-0.8149874489746267,-0.5502616082353846
2020-03-13,15.41,15.91,14.51,15.47,7227175,0.0,17.11300000000005,,28.50492352629199,-1.5632431929797619,-0.9646385977756537,-0.5986045952041081
2020-03-16,14.26,15.475,13.5,13.68,6134886,0.0,16.16100000000005,,24.572217651370096,-1.843344089175659,-1.140379696055655,-0.702964393120004
2020-03-17,14.07,14.38,12.665,12.895,4619088,0.0,14.873000000000053,,23.06906564538923,-2.1044106706490773,-1.3331858909743395,-0.7712247796747378
2020-03-18,11.95,13.04,11.3,12.595,6306682,0.0,13.834000000000055,,22.502531351455403,-2.3088997510553284,-1.5283286629905375,-0.7805710880647909
2020-03-19,12.43,14.44,12.34,14.22,6446794,0.0,13.772000000000054,,32.21337584070875,-2.3131701160339553,-1.6852969535992213,-0.627873162434734
2020-03-20,14.6,14.73,13.825,14.06,7846064,0.0,13.490000000000055,,31.790975137665427,-2.302918463341605,-1.8088212555476981,-0.494097207793907
2020-03-23,14.03,14.12,12.705,12.92,6996526,0.0,13.338000000000056,,28.884766398572438,-2.3595826276043894,-1.9189735299590365,-0.44060909764535294
2020-03-24,13.73,15.015,13.675,14.61,6022953,0.0,13.681000000000058,,37.94184890619119,-2.2422729827663517,-1.9836334205204995,-0.25863956224585216
2020-03-25,14.57,15.5299,13.86,14.7,6037282,0.0,14.102000000000057,,38.39184050530661,-2.1176312612235435,-2.0104329886611083,-0.10719827256243519
2020-03-26,14.84,16.205,14.26,15.78,4958788,0.0,14.414000000000058,,43.67031942520865,-1.9096910946447228,-1.9902846098578313,0.08059351521310854
2020-03-27,15.21,16.71,14.72,16.39,4683362,0.0,14.880000000000058,,46.46052027260664,-1.6763511795798944,-1.927497923802244,0.2511467442223496
2020-03-30,16.49,16.63,15.46,16.06,3591374,0.0,15.508000000000058,,45.15736677110344,-1.5007560759868817,-1.8421495542391717,0.34139347825229005
2020-03-31,15.83,16.26,15.595,15.96,4386607,0.0,15.778000000000057,,44.7477726889782,-1.3540561392574624,-1.74453087124283,0.39047473198536764
2020-04-01,15.27,15.455,15.04,15.33,4107653,0.0,15.904000000000057,,42.153678303818815,-1.273945862455129,-1.65041386948529,0.3764680070301609
2020-04-02,15.16,16.03,15.09,15.97,4699954,0.0,15.942000000000055,,45.6035953618522,-1.145609367952387,-1.5494529691787093,0.40384360122632224
2020-04-03,15.85,16.15,15.6,15.84,3994875,0.0,15.832000000000056,,45.01630775211892,-1.0423758253311206,-1.4480375404091919,0.40566171507807125
2020-04-06,16.49,16.82,15.73,16.01,3781180,0.0,15.822000000000056,,45.99573031520556,-0.936054664299288,-1.3456409651872112,0.40958630088792325
2020-04-07,16.6,16.97,16.26,16.31,2617109,0.0,15.892000000000058,,47.76405762995414,-0.8181556958065492,-1.2401439113110788,0.4219882155045296
2020-04-08,16.4,17.53,16.31,17.45,2525745,0.0,16.31600000000006,,53.93653418689685,-0.6255208265224219,-1.1172192943533474,0.4916984678309255
2020-04-09,17.78,18.69,17.415,17.78,2949313,0.0,16.67800000000006,,55.57308663444836,-0.44114284259300973,-0.98200400400128,0.5408611614082702
2020-04-13,17.69,17.74,16.47,17.145,2542583,0.0,16.939000000000057,,51.76216336450328,-0.34231515897203835,-0.8540662349954318,0.5117510760233934
2020-04-14,17.46,17.71,16.97,17.42,2917316,0.0,17.221000000000057,,53.25710735739667,-0.23904771272800573,-0.7310625305419466,0.49201481781394085
2020-04-15,16.87,16.97,15.975,16.2,5128279,0.0,17.19900000000006,,46.38863005522951,-0.2527379162379191,-0.6353976076811411,0.382659691443222
2020-04-16,16.27,16.32,15.77,16.1,4790505,0.0,16.929000000000055,,45.86647069269756,-0.26856086296234594,-0.5620302587373821,0.29346939577503617
2020-04-17,16.5,17.63,16.41,17.54,2921671,0.0,16.881000000000057,,53.911557424225684,-0.16302544101752403,-0.4822292951934105,0.3192038541758865
2020-04-20,17.22,17.59,16.68,16.9,4418664,0.0,16.832000000000058,,50.33137352142955,-0.12953728489531358,-0.41169089313379115,0.28215360823847757
2020-04-21,16.53,17.075,16.36,17.01,2789337,0.0,16.75000000000006,,50.93448447795392,-0.09304898839050324,-0.34796251218513363,0.2549135237946304
2020-04-22,17.39,17.71,17.07,17.655,2314237,0.0,17.04100000000006,,54.428763593012434,-0.011947912913619518,-0.28075959233083086,0.26881167941721135
2020-04-23,17.75,17.77,17.37,17.5,2035726,0.0,17.321000000000062,,53.44376649506029,0.039364301923409784,-0.21673481347998275,0.25609911540339253
2020-04-24,17.52,18.2257,17.46,18.04,1462737,0.0,17.42100000000006,,56.40383342068383,0.12219450668833787,-0.14894894944631865,0.2711434561346565
2020-04-27,18.39,19.07,18.13,18.96,2823744,0.0,17.833000000000062,,60.958240307217686,0.25908774966156045,-0.06734160962474282,0.3264293592863033
2020-04-28,19.33,19.94,19.07,19.21,3476206,0.0,18.27300000000006,,62.11640824183588,0.383330743447857,0.02279286098977714,0.3605378824580799
2020-04-29,19.79,20.2,19.47,19.74,4871759,0.0,18.69000000000006,,64.51940710595869,0.5185828811043791,0.12195086501269753,0.3966320160916816
2020-04-30,19.55,19.69,19.08,19.545,2930357,0.0,19.09900000000006,,62.93759112299471,0.603084323643202,0.21817755673879843,0.3849067669044035
2020-05-01,19.16,19.52,18.85,19.36,3283374,0.0,19.363000000000063,,61.39960309189769,0.6476585669583095,0.30407375878270065,0.3435848081756088
2020-05-04,19.15,19.25,18.65,19.01,3419975,0.0,19.373000000000065,,58.487626778997424,0.6472804548324476,0.37271509799265007,0.2745653568397975
2020-05-05,20.68,20.68,18.68,18.72,4986135,0.0,19.275000000000063,,56.11297357004744,0.6164738945648054,0.42146685730708117,0.19500703725772423
2020-05-06,18.76,18.87,18.04,18.22,2392378,0.0,18.971000000000064,,52.17936050906249,0.5454263172090776,0.4462587492874805,0.09916756792159714
2020-05-07,18.42,18.54,17.88,17.96,2859623,0.0,18.65400000000006,,50.20833519537042,0.4628058356089042,0.4495681665517653,0.013237669057138912
2020-05-08,18.23,19.105,18.09,18.89,2687305,0.0,18.560000000000063,,56.53312569821491,0.46698858266735144,0.45305224977488256,0.013936332892468872
2020-05-11,18.72,18.72,18.135,18.33,2363494,0.0,18.42400000000006,,52.230775722156345,0.4202714918138035,0.4464960981826668,-0.026224606368863257
2020-05-12,18.27,18.5,18.03,18.1,1955595,0.0,18.30000000000006,,50.52988830695248,0.36053278539790057,0.4293034356257136,-0.06877065022781303
2020-05-13,18.01,18.25,17.5,17.81,4447486,0.0,18.218000000000064,,48.39014885009712,0.2864864167199386,0.4007400318445586,-0.11425361512462001
2020-05-14,17.71,18.745,17.61,18.71,2878866,0.0,18.368000000000062,,54.788791645496026,0.2970029493315671,0.3799926153419603,-0.0829896660103932
2020-05-15,18.49,18.8506,18.37,18.57,2527102,0.0,18.304000000000062,,53.674010747838,0.2906896577955891,0.3621320238326861,-0.07144236603709703
2020-05-18,19.22,20.03,19.22,19.91,3296098,0.0,18.62000000000006,,61.705493318889985,0.3893252310047721,0.3675706652671033,0.02175456573766882
2020-05-19,19.84,20.025,19.53,19.53,2469765,0.0,18.906000000000063,,58.602704892980064,0.43185366892074484,0.3804272659978316,0.05142640292291323
2020-05-20,19.8,20.59,19.785,20.0,2996218,0.0,19.34400000000006,,61.2013327311985,0.49774513829741096,0.40389084045774754,0.09385429783966343
2020-05-21,19.85,20.02,19.575,19.59,2251852,0.0,19.52000000000006,,57.79317743368883,0.5109906469167633,0.4253108017495507,0.08567984516721261
2020-05-22,19.54,19.835,19.31,19.81,1731091,0.0,19.768000000000065,,59.10903641323174,0.5330947844741871,0.44686759829447803,0.08622718617970909
2020-05-26,20.44,20.48,19.6,19.71,3223997,0.0,19.728000000000065,,58.220521374969245,0.536360478748815,0.46476617438534545,0.07159430436346953
2020-05-27,20.05,20.12,19.57,20.11,3154022,0.0,19.844000000000065,,60.76131846836395,0.5647155329098617,0.4847560460902487,0.07995948681961296
2020-05-28,20.3,20.93,20.12,20.805,3710847,0.0,20.005000000000063,,64.77022834265608,0.6359371219772392,0.5149922612676467,0.12094486070959243
2020-05-29,20.76,20.94,20.14,20.44,3216043,0.0,20.17500000000006,,61.23202142864643,0.6553735564661807,0.5430685203073535,0.11230503615882714
2020-06-01,20.34,21.02,20.34,20.94,2813862,0.0,20.40100000000006,,64.12325178225747,0.7030189275732859,0.57505860176054,0.12796032581274586
2020-06-02,21.04,21.265,20.515,20.62,4100993,0.0,20.583000000000062,,60.988369631750885,0.7068092447931207,0.6014087303670561,0.10540051442606457
2020-06-03,20.84,20.935,20.485,20.81,3052089,0.0,20.723000000000063,,62.17092031388113,0.7168807554947811,0.6245031353926012,0.09237762010217998
2020-06-04,20.74,20.84,19.94,20.28,3649952,0.0,20.618000000000062,,56.9820733542283,0.6743227566941421,0.6344670596529094,0.03985569704123271
2020-06-05,20.82,21.39,20.65,20.87,3881181,0.0,20.704000000000065,,60.89479504010676,0.6803605324863007,0.6436457542195877,0.03671477826671299
2020-06-08,21.21,22.015,21.0,22.0,4540180,0.0,20.916000000000064,,67.07216695185707,0.767480037366358,0.6684126108489418,0.09906742651741618
2020-06-09,21.99,21.99,21.01,21.19,3172030,0.0,21.030000000000065,,59.78209863661837,0.7623744638408567,0.6872049814473248,0.07516948239353194
2020-06-10,21.16,21.43,20.54,21.23,3752863,0.0,21.114000000000065,,60.013233365287256,0.7528772257357943,0.7003394303050188,0.052537795430775525
2020-06-11,20.59,20.62,19.5,19.76,2869450,0.0,21.010000000000066,,48.89257003376133,0.6195916149613367,0.6841898672362824,-0.06459825227494564
2020-06-12,20.31,20.56,19.935,19.95,844105,0.0,20.826000000000064,,50.17764616816087,0.5232613886854942,0.6520041715261248,-0.12874278284063057
2020-06-15,19.59,20.16,19.3,19.88,2669302,0.0,20.402000000000065,,49.68199858076025,0.4362418508490329,0.6088517073907064,-0.1726098565416735
2020-06-16,20.46,21.0,20.22,20.5,3815361,0.0,20.264000000000063,,54.01471192000873,0.4125514226199023,0.5695916504365456,-0.15704022781664329
2020-06-17,20.53,20.71,20.02,20.29,3232277,0.0,20.076000000000064,,52.369847263027644,0.3725369683364512,0.5301807140165267,-0.15764374568007544
2020-06-18,20.08,20.43,20.02,20.29,2848249,0.0,20.182000000000066,,52.369847263027644,0.33694117687977254,0.49153280658917586,-0.15459162970940332
2020-06-19,20.57,20.63,19.8,19.81,3407812,0.0,20.154000000000064,,48.45805825533931,0.26692235249770846,0.4466107157708824,-0.17968836327317395
2020-06-22,19.8,19.84,19.29,19.66,2591457,0.0,20.110000000000063,,47.269795344436105,0.19705663707018672,0.3966999000307433,-0.19964326296055657
2020-06-23,19.72,19.7553,18.755,18.88,3701611,0.0,19.786000000000065,,41.5624320981063,0.07785065903357946,0.3329300518313106,-0.2550793927977311
2020-06-24,18.67,18.88,18.42,18.6,3257773,0.0,19.448000000000064,,39.70895035931641,-0.038767707337360235,0.25859049999757644,-0.2973582073349367
2020-06-25,18.58,18.9,18.375,18.86,2632633,0.0,19.162000000000063,,42.282853558528004,-0.10895283532214606,0.18508183293363195,-0.294034668255778
2020-06-26,18.73,18.8,17.82,18.14,5094715,0.0,18.828000000000063,,37.5075411301426,-0.22013545314131377,0.1040383757186428,-0.3241738288599566
2020-06-29,18.3,18.76,17.985,18.73,2743519,0.0,18.642000000000063,,43.17135534152268,-0.25767014854788073,0.031696670865338096,-0.28936681941321885
2020-06-30,18.6,18.72,18.32,18.625,3343887,0.0,18.591000000000065,,42.43426613377411,-0.29251732986586987,-0.0331461292809035,-0.2593712005849664
2020-07-01,18.62,19.25,18.54,19.14,3506704,0.0,18.699000000000062,,47.19628851168608,-0.2754031006436044,-0.08159752355344368,-0.19380557709016072
2020-07-02,19.39,19.47,18.94,19.03,2108457,0.0,18.733000000000064,,46.31499783844226,-0.2676309483966044,-0.11880420852207584,-0.14882673987452855
2020-07-06,19.34,19.53,19.05,19.28,1845879,0.0,18.961000000000062,,48.661322009662975,-0.23854871004471434,-0.14275310882660355,-0.09579560121811079
2020-07-07,19.11,19.11,18.895,18.98,1596126,0.0,19.011000000000063,,46.05982544422936,-0.23697660068019033,-0.16159780719732092,-0.07537879348286941
2020-07-08,19.06,19.67,18.94,19.55,2158639,0.0,19.196000000000062,,51.37852840980717,-0.18757421755208625,-0.166793089268274,-0.02078112828381226
2020-07-09,19.44,19.44,18.713,19.01,1860256,0.0,19.170000000000066,,46.682299895438426,-0.18980797188132215,-0.17139606579088362,-0.018411906090438523
2020-07-10,19.0,19.22,18.83,18.86,2753660,0.0,19.136000000000063,,45.439828424034225,-0.20136082245971565,-0.17738901712465002,-0.023971805335065627
2020-07-13,18.96,19.49,18.85,19.1,2287430,0.0,19.100000000000062,,47.8322670810759,-0.18897219174523983,-0.17970565204876798,-0.009266539696471843
2020-07-14,19.02,19.375,18.945,19.19,1699994,0.0,19.14200000000006,,48.740003185969506,-0.1699329831598817,-0.17775111827099074,0.007818135111109042
2020-07-15,19.39,19.565,19.1738,19.3,1685316,0.0,19.092000000000063,,49.887724969675695,-0.14430473730913107,-0.17106184207861883,0.026757104769487755
2020-07-16,19.21,19.62,19.185,19.41,2242599,0.0,19.17200000000006,,51.06760859535948,-0.11380620010629983,-0.15961071368415503,0.0458045135778552
2020-07-17,19.41,19.7,19.405,19.62,938862,0.0,19.324000000000062,,53.32690369569292,-0.07186226127096162,-0.14206102320151634,0.07019876193055472
2020-07-20,19.53,19.62,18.95,19.1,4009535,0.0,19.324000000000062,,47.48083877133789,-0.07966273926297873,-0.12958136641380882,0.04991862715083009
2020-07-21,19.18,19.62,19.15,19.24,1989404,0.0,19.334000000000064,,49.098751444088535,-0.07369829621669055,-0.11840475237438518,0.04470645615769463
2020-07-22,19.12,19.625,18.91,19.52,3685234,0.0,19.378000000000064,,52.26598397133658,-0.045849250568270605,-0.10389365201316227,0.05804440144489166
2020-07-23,19.46,19.62,19.07,19.16,5047714,0.0,19.328000000000063,,48.12018750171898,-0.052225647845798306,-0.09356005117968948,0.04133440333389117
2020-07-24,19.27,19.475,18.685,18.88,3064245,0.0,19.18000000000006,21.331250000000004,45.12226791079054,-0.07896241895672773,-0.09064052473509712,0.011678105778369391
