Date,Open,High,Low,Close,Volume,OpenInterest,Entry,5 day sma,200 day sma,rsi,macd,signal,histogram
2020-03-30,292.96,292.96,292.96,292.96,100,0.0,,,,,,,
2020-03-31,292.95,292.95,292.95,292.95,100,0.0,,,,,,,
2020-04-01,292.93,292.93,292.93,292.93,100,0.0,,,,,,,
2020-04-02,292.96,292.96,292.96,292.96,100,0.0,,,,,,,
2020-04-03,292.88,292.93,292.88,292.93,200,0.0,,292.946,,,,,
2020-04-04,292.98,292.98,292.98,292.98,100,0.0,,292.95,,,,,
2020-04-05,292.88,292.88,292.88,292.88,100,0.0,,292.93600000000004,,,,,
2020-04-06,292.92,292.92,292.91,292.91,200,0.0,,292.932,,,,,
2020-04-07,292.88,292.94,292.87,292.94,400,0.0,,292.928,,,,,
2020-04-08,292.88,292.88,292.88,292.88,100,0.0,,292.918,,,,,
2020-04-09,292.86,292.86,292.86,292.86,100,0.0,,292.89399999999995,,,,,
2020-04-10,292.92,292.92,292.92,292.92,100,0.0,,292.90199999999993,,,,,
2020-04-11,292.98,292.98,292.98,292.98,100,0.0,,292.91599999999994,,,,,
2020-04-12,292.9,292.9,292.9,292.9,100,0.0,,292.9079999999999,,,,,
2020-04-13,292.86,292.86,292.86,292.86,100,0.0,,292.9039999999999,,41.93548387096981,,,
2020-04-14,292.94,292.94,292.94,292.94,100,0.0,,292.9199999999999,,49.01960784313836,,,
2020-04-15,292.895,292.895,292.895,292.895,100,0.0,,292.91499999999985,,45.64606741572995,,,
2020-04-16,292.92,292.92,292.92,292.92,100,0.0,,292.9029999999999,,47.7955588350615,,,
2020-04-17,292.86,292.86,292.86,292.86,100,0.0,,292.89499999999987,,43.36331962761421,,,
2020-04-18,292.91,292.91,292.91,292.91,100,0.0,,292.9049999999999,,47.71462267789877,,,
2020-04-19,292.92,292.92,292.92,292.92,100,0.0,,292.90099999999995,,48.56573862422802,,,
2020-04-20,292.95,292.95,292.95,292.95,100,0.0,,292.9119999999999,,51.13558477886736,,,
2020-04-21,292.95,292.96,292.95,292.96,200,0.0,,292.91999999999996,,51.99655952093883,,,
2020-04-22,292.93,292.93,292.93,292.93,100,0.0,,292.9339999999999,,49.19606937672032,,,
2020-04-23,292.94,292.94,292.94,292.94,100,0.0,,292.93999999999994,,50.159684596461155,,,
2020-04-24,292.98,292.98,292.98,292.98,100,0.0,,292.9519999999999,,53.92431873773826,0.010164949224019892,,
2020-04-25,292.95,292.95,292.85,292.85,300,0.0,,292.9319999999999,,42.64920402494342,0.002633545683522698,,
2020-04-26,291.89,291.89,291.89,291.89,100,0.0,,292.71799999999996,,16.01647186992963,-0.07987833510384235,,
2020-04-27,291.73,291.73,291.73,291.73,200,0.0,,292.47799999999995,,14.40223214365379,-0.15637763389622705,,
2020-04-28,292.56,292.56,292.56,292.56,100,0.0,,292.40199999999993,,45.23656925527799,-0.14832007444408646,,
2020-04-29,291.565,291.565,291.565,291.565,206,0.0,,292.1189999999999,,30.87710080094739,-0.21969013385404423,,
2020-04-30,291.56,292.99,291.56,292.5,527,0.0,,292.04899999999986,,47.683087715543984,-0.19851636121109095,,
2020-05-01,293.91,294.275,293.785,294.275,513,0.0,,292.52599999999995,,65.0536887682334,-0.03806948679039124,,
2020-05-02,297.68,297.68,297.68,297.68,119,0.0,,293.71599999999995,,79.27171974100078,0.35969452578183336,-0.05203988940114515,0.4117344151829785
2020-05-03,298.35,298.36,298.35,298.36,200,0.0,,294.8759999999999,,80.93953550835582,0.7214789285004599,0.10266387417917587,0.618815054321284
2020-05-04,298.265,298.265,298.265,298.265,100,0.0,,296.2159999999999,,79.97143803905973,0.9891279172002214,0.27995668278338504,0.7091712344168364
2020-05-05,298.79,298.79,298.79,298.79,100,0.0,,297.4739999999999,,81.3023970810338,1.2294326471820796,0.469851875663124,0.7595807715189555
2020-05-06,298.535,298.535,298.535,298.535,195,0.0,,298.3259999999999,,78.57125573345719,1.3833530749777196,0.6525521155260432,0.7308009594516764
2020-05-07,298.83,298.83,298.83,298.83,100,0.0,,298.5559999999999,,79.43204807483481,1.5117140588635607,0.8243845041935467,0.687329554670014
2020-05-08,298.37,298.37,298.37,298.37,100,0.0,,298.5579999999999,,74.41246265586601,1.5583591139436521,0.9711794261435678,0.5871796878000843
2020-05-09,297.96,297.96,297.96,297.96,100,0.0,,298.49699999999996,,70.15693511908694,1.5444387540896969,1.0858312917327937,0.4586074623569032
2020-05-10,297.62,297.62,297.62,297.62,100,0.0,,298.2629999999999,,66.7479477768285,1.4888095404823503,1.166426941482705,0.32238259899964516
2020-05-11,298.855,298.855,298.855,298.855,200,0.0,,298.3269999999999,,72.05888571193086,1.5267774267958316,1.2384970385453304,0.2882803882505012
2020-05-12,299.21,299.22,298.695,299.22,423,0.0,,298.4049999999999,,73.41056148286458,1.568241982434074,1.3044460273230793,0.26379595511099474
2020-05-13,298.845,298.845,298.845,298.845,101,0.0,,298.4999999999999,,69.68093073254238,1.552942224231174,1.3541452667046983,0.19879695752647564
2020-05-14,299.65,299.65,299.65,299.65,100,0.0,,298.8379999999999,,72.86765125831188,1.5874744111180235,1.4008110955873634,0.18666331553066007
2020-05-15,299.035,299.035,298.805,298.805,200,0.0,,299.07499999999993,,65.12927458856682,1.5290312594069633,1.4264551283512834,0.10257613105567986
2020-05-16,298.74,298.74,298.74,298.74,100,0.0,,299.0519999999999,,64.56130027686413,1.460632422489084,1.4332905871788437,0.02734183531024037
2020-05-17,298.07,298.07,298.07,298.07,200,0.0,,298.8219999999999,,58.86305211200607,1.3369509129666994,1.4140226523364148,-0.07707173936971534
2020-05-18,298.02,298.02,298.02,298.02,100,0.0,,298.65699999999987,,58.44845903918729,1.220824933563506,1.375383108581833,-0.15455817501832714
2020-05-19,297.84,297.84,297.665,297.665,200,0.0,,298.2599999999999,,55.461600236759885,1.08761141769412,1.3178287704042906,-0.23021735271017052
2020-05-20,299.33,299.33,299.33,299.33,200,0.0,,298.36499999999984,,64.59908527868907,1.103667934688815,1.2749966032611955,-0.1713286685723805
2020-05-21,299.98,299.98,299.98,299.98,1000,0.0,,298.61299999999983,,67.41007485458755,1.1555222664118787,1.2511017358913323,-0.09557946947945362
2020-05-22,299.97,300.295,299.815,300.0,2225,0.0,,298.99899999999985,,67.49559890130776,1.1845759762642842,1.2377965839659226,-0.05322060770163839
2020-05-23,299.685,299.685,299.685,299.685,100,0.0,,299.3319999999998,,64.61931043428928,1.1687112079006283,1.2239795087528638,-0.05526830085223544
2020-05-24,299.34,299.34,299.34,299.34,133,0.0,,299.6669999999998,,61.52677719388158,1.1154415323120475,1.2022719134647004,-0.08683038115265296
2020-05-25,299.39,299.39,299.39,299.39,100,0.0,,299.6789999999998,,61.81201976267637,1.0649830510694756,1.1748141409856554,-0.10983108991617985
2020-05-26,298.99,298.99,298.99,298.99,100,0.0,,299.4809999999998,,58.100833078727284,0.9814046620496697,1.1361322451984583,-0.15472758314878865
2020-05-27,299.32,299.32,299.32,299.32,114,0.0,,299.3449999999998,,60.22267985437956,0.9310637058426892,1.0951185373273047,-0.16405483148461553
2020-05-28,299.5,299.5,299.5,299.5,100,0.0,,299.3079999999998,,61.37177664994923,0.8953713474942901,1.055169099360702,-0.15979775186641176
2020-05-29,299.82,299.82,299.82,299.82,200,0.0,,299.4039999999998,,63.396235713741945,0.882730652520479,1.0206814099926573,-0.13795075747217833
2020-05-30,299.91,300.04,299.91,300.04,418,0.0,,299.5339999999998,,64.76350589592374,0.8803172230963696,0.9926085726133999,-0.11229134951703024
2020-05-31,299.645,299.645,299.44,299.44,318,0.0,,299.62399999999985,,58.36080625920401,0.8205310066176708,0.958193059414254,-0.13766205279658328
2020-06-01,299.03,299.27,299.03,299.27,296,0.0,,299.61399999999986,,56.65185656308845,0.7507779195575495,0.9167100314429131,-0.1659321118853636
2020-06-02,298.8,298.8,298.8,298.8,100,0.0,,299.4739999999998,,52.10875627712798,0.6500793138031895,0.8633838879149685,-0.21330457411177894
2020-06-03,298.395,298.395,298.395,298.395,125,0.0,,299.18899999999985,,48.49950335464349,0.5314683911887528,0.7970007885697254,-0.2655323973809727
2020-06-04,299.415,299.415,299.415,299.415,200,0.0,,299.06399999999985,,56.64433786092943,0.513850507189602,0.7403707322937009,-0.22652022510409886
2020-06-05,299.72,299.72,299.72,299.72,100,0.0,,299.11999999999983,,58.74534789836703,0.5185219598148478,0.6960009777979302,-0.1774790179830824
2020-06-06,300.01,300.01,300.01,300.01,100,0.0,,299.26799999999986,,60.69566658160107,0.5394067507911586,0.6646821323965759,-0.1252753816054173
2020-06-07,299.75,299.75,299.75,299.75,200,0.0,,299.45799999999986,,58.0461531304371,0.5288816525442144,0.6375220364261036,-0.10864038388188924
2020-06-08,299.29,299.29,299.29,299.29,311,0.0,,299.63699999999983,,53.58904066277967,0.47791319491432205,0.6056002681237473,-0.1276870732094253
2020-06-09,299.98,299.98,299.98,299.98,104,0.0,,299.7499999999999,,58.71052084614366,0.4875770734673779,0.5819956291924735,-0.09441855572509561
2020-06-10,299.845,299.845,299.845,299.845,100,0.0,,299.77499999999986,,57.37645272369607,0.4788228236333225,0.5613610680806433,-0.08253824444732083
2020-06-11,299.835,299.835,299.835,299.835,100,0.0,,299.7399999999999,,57.27263770807792,0.46570968973327354,0.5422307924111693,-0.0765211026778958
2020-06-12,299.82,299.82,299.82,299.82,110,0.0,,299.75399999999985,,57.10572780983559,0.4489320527490577,0.523571044478747,-0.07463899172968935
2020-06-13,299.96,300.065,299.96,300.065,400,0.0,,299.9089999999999,,59.19734791688728,0.4502153052229687,0.5088998966275914,-0.05868459140462268
2020-06-14,299.505,299.505,299.505,299.505,143,0.0,,299.81399999999985,,52.85335497592255,0.40141767903907066,0.4874034531098873,-0.08598577407081665
2020-06-15,299.41,299.61,299.41,299.61,200,0.0,,299.7669999999999,,53.851973300951514,0.3669874285640162,0.4633202482007131,-0.09633281963669688
2020-06-16,299.98,299.98,299.98,299.98,100,0.0,,299.7959999999999,,57.285359093821214,0.36534563769544093,0.4437253260996587,-0.07837968840421777
2020-06-17,300.025,300.025,300.025,300.025,122,0.0,,299.8369999999999,,57.69758013418635,0.36348559484741827,0.42767737984921067,-0.0641917850017924
2020-06-18,300.07,300.07,300.07,300.07,100,0.0,,299.83799999999985,,58.13270408660129,0.36147575392834597,0.4144370546650378,-0.05296130073669181
2020-06-19,299.9,299.9,299.9,299.9,100,0.0,,299.9169999999998,,55.79771278382097,0.34222045686721003,0.3999937351054722,-0.05777327823826217
2020-06-20,300.04,300.04,300.04,300.04,100,0.0,,300.0029999999998,,57.31816110086981,0.3344025408578659,0.38687549625595097,-0.05247295539808505
2020-06-21,299.74,299.74,299.74,299.74,100,0.0,,299.9549999999998,,53.10291276317473,0.3005349138891802,0.36960737978259683,-0.06907246589341665
2020-06-22,299.715,299.715,299.715,299.715,100,0.0,,299.89299999999974,,52.7547391660043,0.2685812470175506,0.34940215322958756,-0.08082090621203697
2020-06-23,299.65,299.65,299.65,299.65,240,0.0,,299.8089999999998,,51.803704516727755,0.23530038269342413,0.3265817991223549,-0.09128141642893078
2020-06-24,299.45,299.45,299.37,299.41,640,0.0,,299.7109999999998,,48.3386360503568,0.18739884645441407,0.29874520858876674,-0.11134636213435267
2020-06-25,299.14,299.14,299.0,299.0,315,0.0,,299.5029999999998,,43.04199335239564,0.1150270007235008,0.2620015670157136,-0.14697456629221278
2020-06-26,298.25,298.25,298.25,298.25,175,0.0,,299.2049999999998,,35.40050677649053,-0.002814496652320031,0.20903835428210688,-0.2118528509344269
2020-06-27,297.58,297.58,297.58,297.58,200,0.0,,298.7779999999998,,30.236211399632836,-0.148555675546163,0.1375195483164529,-0.2860752238626159
2020-06-28,297.68,297.68,297.68,297.68,100,0.0,,298.38399999999984,,31.834575149872663,-0.2530702097160429,0.05940159670995375,-0.31247180642599665
2020-06-29,297.59,297.59,297.41,297.41,359,0.0,,297.9839999999998,,29.84626554588624,-0.35360928680393044,-0.023200579992823094,-0.33040870681110734
2020-06-30,297.28,297.28,297.28,297.28,100,0.0,,297.6399999999998,,28.91000360578218,-0.4387198539035353,-0.10630443477496554,-0.33241541912856976
2020-07-01,297.1,297.1,297.1,297.1,102,0.0,,297.40999999999985,,27.618142926750238,-0.5147612400481876,-0.18799579582960996,-0.3267654442185776
2020-07-02,297.41,297.41,297.41,297.41,100,0.0,,297.37599999999986,,33.157909082095614,-0.5437422549472899,-0.2591450876531459,-0.28459716729414397
2020-07-03,298.66,298.66,298.66,298.66,270,0.0,,297.5719999999999,,49.8314045613503,-0.46053658565227806,-0.29942338725297235,-0.1611131983993057
2020-07-04,298.6,298.6,298.6,298.6,238,0.0,,297.8099999999999,,49.19703623536899,-0.39488500331970044,-0.318515710466318,-0.07636929285338245
2020-07-05,299.425,299.425,299.425,299.425,428,0.0,,298.2389999999999,,57.25477761869493,-0.2731364986053677,-0.30943986809412793,0.03630336948876023
2020-07-06,299.14,299.14,299.14,299.14,100,0.0,,298.64699999999993,,54.06461386912451,-0.19737186957155473,-0.2870262683896133,0.08965439881805859
2020-07-07,298.155,298.155,298.155,298.155,120,0.0,,298.79599999999994,,44.778272713820904,-0.21433836398017547,-0.27248868750772576,0.058150323527550285
2020-07-08,297.68,297.68,297.68,297.68,115,0.0,,298.5999999999999,,41.11108973522505,-0.2630803369330579,-0.2706070173927922,0.007526680459734314
2020-07-09,298.3,298.3,298.3,298.3,110,0.0,,298.53999999999985,,47.19048254569898,-0.24881173640397947,-0.2662479611950297,0.017436224791050225
2020-07-10,298.205,298.205,298.205,298.205,100,0.0,,298.2959999999999,,46.40005550889026,-0.24237551962016823,-0.2614734728800574,0.019097953259889167
2020-07-11,298.72,298.72,298.72,298.72,100,0.0,,298.2119999999999,,51.17449526131043,-0.19348816436655625,-0.2478764111773572,0.054388246810800955
2020-07-12,298.795,298.795,298.795,298.795,100,0.0,,298.3399999999999,,51.847190611199814,-0.14699820609808967,-0.22770077016150372,0.08070256406341406
2020-07-13,299.015,299.015,299.015,299.015,205,0.0,,298.6069999999999,,53.855531511200525,-0.09134939883830384,-0.20043049589686374,0.1090810970585599
2020-07-14,298.965,298.965,298.965,298.965,210,0.0,,298.7399999999999,,53.311320593593976,-0.05069749116933053,-0.17048389495135713,0.1197864037820266
2020-07-15,298.125,298.125,298.125,298.125,136,0.0,,298.72399999999993,,45.071256908534956,-0.08527850377998902,-0.1534428167170835,0.06816431293709449
2020-07-16,298.15,298.15,298.15,298.15,200,0.0,,298.6099999999999,,45.34203280922824,-0.10940575293335542,-0.1446354039603379,0.03522965102698247
2020-07-17,297.67,297.67,297.66,297.66,600,0.0,,298.3829999999999,,41.06874152189761,-0.1661503982479644,-0.1489384028178632,-0.017211995430101212
2020-07-18,297.385,297.385,297.385,297.385,106,0.0,,298.0569999999999,,38.85546865829544,-0.23065232379934741,-0.16528118701416006,-0.06537113678518736
2020-07-19,299.545,299.595,299.545,299.595,304,0.0,,298.1829999999999,,58.30324909753329,-0.10226320764957109,-0.15267759114124227,0.05041438349167118
2020-07-20,299.595,299.595,299.595,299.595,100,0.0,,298.4769999999999,,58.30324909753329,-0.0005080516045268268,-0.12224368323389918,0.12173563162937236
2020-07-21,299.595,299.615,299.595,299.615,425,0.0,,298.76999999999987,,58.44198036525266,0.08081588035781806,-0.08163177051555573,0.1624476508733738
2020-07-22,299.615,299.615,299.6,299.6,214,0.0,,299.15799999999984,,58.28534944805694,0.14241365177724674,-0.036822686056995235,0.17923633783424198
2020-07-23,299.58,299.655,299.58,299.65,611,0.0,,299.6109999999998,,58.682857811448514,0.1930396703904762,0.009149785232499052,0.18388988515797716
2020-07-24,299.4,299.4,298.63,298.63,518,0.0,,299.4179999999998,,48.52430514411796,0.14913652633651964,0.03714713345330317,0.11198939288321647
2020-07-25,299.095,299.095,299.065,299.085,600,0.0,,299.3159999999998,,52.4763870738044,0.1493362108944325,0.05958494894152904,0.08975126195290345
2020-07-26,299.085,299.085,298.905,298.97,503,0.0,,299.1869999999998,,51.402208155858176,0.1386170325748708,0.0753913656681974,0.06322566690667339
2020-07-27,298.83,298.83,298.76,298.76,485,0.0,,299.0189999999998,297.2713333333333,49.41308882464803,0.11188699790767487,0.0826904921160929,0.029196505791581964
