Date,Open,High,Low,Close,Volume,OpenInterest,Entry,5 day sma,200 day sma,rsi,macd,signal,histogram
2020-03-31,15.18,15.185,15.18,15.185,301,0.0,,,,,,,
2020-04-01,15.2,15.2,15.195,15.2,500,0.0,,,,,,,
2020-04-02,15.19,15.19,15.17,15.17,202,0.0,,,,,,,
2020-04-03,15.17,15.17,15.165,15.17,425,0.0,,,,,,,
2020-04-04,15.175,15.19,15.175,15.18,2402,0.0,,15.181000000000001,,,,,
2020-04-05,15.19,15.19,15.185,15.19,2026,0.0,,15.181999999999999,,,,,
2020-04-06,15.19,15.19,15.18,15.18,696,0.0,,15.178,,,,,
2020-04-07,15.19,15.19,15.17,15.175,4219,0.0,,15.178999999999998,,,,,
2020-04-08,15.185,15.205,15.185,15.2,1329,0.0,,15.184999999999999,,,,,
2020-04-09,15.205,15.25,15.205,15.25,3213,0.0,,15.199000000000002,,,,,
2020-04-10,15.235,15.245,15.235,15.245,2382,0.0,,15.210000000000003,,,,,
2020-04-11,15.24,15.24,15.23,15.23,200,0.0,,15.220000000000004,,,,,
2020-04-12,15.24,15.24,15.23,15.23,1168,0.0,,15.231000000000005,,,,,
2020-04-13,15.23,15.24,15.225,15.24,3829,0.0,,15.239000000000004,,,,,
2020-04-14,15.25,15.25,15.245,15.245,475,0.0,,15.238000000000005,,65.78947368421068,,,
2020-04-15,15.245,15.26,15.245,15.255,1805,0.0,,15.240000000000004,,67.62452107279739,,,
2020-04-16,15.26,15.27,15.255,15.26,916,0.0,,15.246000000000004,,68.53337152678344,,,
2020-04-17,15.27,15.27,15.25,15.25,210,0.0,,15.250000000000004,,64.6258856774786,,,
2020-04-18,15.255,15.255,15.245,15.245,818,0.0,,15.251000000000005,,62.70091601419836,,,
2020-04-19,15.24,15.25,15.24,15.245,500,0.0,,15.251000000000005,,62.70091601419837,,,
2020-04-20,15.24,15.24,15.24,15.24,105,0.0,,15.248000000000005,,60.60723171590271,,,
2020-04-21,15.24,15.24,15.22,15.22,300,0.0,,15.240000000000004,,52.98572454558932,,,
2020-04-22,15.23,15.23,15.22,15.23,1583,0.0,,15.236000000000004,,55.967303950904466,,,
2020-04-23,15.225,15.23,15.22,15.22,701,0.0,,15.231000000000003,,52.38927612611297,,,
2020-04-24,15.22,15.23,15.22,15.23,412,0.0,,15.228000000000003,,55.4560564850799,,,
2020-04-25,15.225,15.225,15.215,15.215,310,0.0,,15.223000000000004,,50.22953228872567,0.00884107634765563,,
2020-04-26,15.215,15.23,15.215,15.23,1442,0.0,,15.225000000000005,,54.81556857831504,0.008339994691715091,,
2020-04-27,15.235,15.24,15.235,15.24,300,0.0,,15.227000000000004,,57.61924493504102,0.00865008747191176,,
2020-04-28,15.24,15.24,15.24,15.24,303,0.0,,15.231000000000003,,57.619244935041024,0.008794461160421818,,
2020-04-29,15.235,15.26,15.225,15.225,3235,0.0,,15.23,,52.00554336138487,0.007610771472952749,,
2020-04-30,15.21,15.21,15.205,15.205,290,0.0,,15.228,,45.62306131308602,0.0050012052337926605,,
2020-05-01,15.2,15.22,15.2,15.22,1101,0.0,,15.225999999999999,,50.52709374747094,0.00409626068477742,,
2020-05-02,15.22,15.22,15.21,15.21,219,0.0,,15.220000000000002,,47.454471669972385,0.00254285671406862,,
2020-05-03,15.22,15.22,15.21,15.22,441,0.0,,15.216000000000003,,50.68412741849634,0.0020945446946907254,0.006219028719109608,-0.004124484024418883
2020-05-04,15.22,15.24,15.22,15.23,853,0.0,,15.217000000000004,,53.74578401379549,0.0025171544265791823,0.005478653860603523,-0.002961499434024341
2020-05-05,15.225,15.225,15.215,15.22,502,0.0,,15.220000000000004,,50.377628333696656,0.002021852599124685,0.0047872936083077555,-0.0027654410091830705
2020-05-06,15.215,15.22,15.215,15.215,800,0.0,,15.219000000000005,,48.73315450456922,0.0012118941576808595,0.004072213718182376,-0.002860319560501517
2020-05-07,15.215,15.215,15.2,15.2,1001,0.0,,15.217000000000008,,44.08397868739989,-0.0006330806230270269,0.0031311548499404957,-0.0037642354729675227
2020-05-08,15.21,15.215,15.21,15.21,607,0.0,,15.215000000000009,,47.66832146309158,-0.001273638293119106,0.0022501962213285756,-0.0035238345144476815
2020-05-09,15.215,15.215,15.215,15.215,207,0.0,,15.212000000000009,,49.4143653836034,-0.0013621249201918317,0.0015277319930244943,-0.002889856913216326
2020-05-10,15.195,15.2,15.195,15.195,806,0.0,,15.207000000000011,,43.204725387197584,-0.0030113708539936113,0.0006199114236208733,-0.003631282277614485
2020-05-11,15.2,15.2,15.19,15.195,902,0.0,,15.203000000000008,,43.20472538719759,-0.00426919748755239,-0.0003579103586137793,-0.00391128712893861
2020-05-12,15.175,15.175,15.17,15.17,455,0.0,,15.197000000000008,,36.546760927870615,-0.007200324365840061,-0.0017263931600590358,-0.005473931205781025
2020-05-13,15.175,15.175,15.17,15.17,901,0.0,,15.18900000000001,,36.546760927870615,-0.009414736314743877,-0.0032640617909960043,-0.006150674523747872
2020-05-14,15.175,15.19,15.175,15.19,701,0.0,,15.184000000000008,,44.48429234573779,-0.00944694241357702,-0.004500637915512208,-0.004946304498064812
2020-05-15,15.19,15.2,15.19,15.2,701,0.0,,15.185000000000008,,47.98771309853613,-0.008566796850969283,-0.005313869702603623,-0.0032529271483656592
2020-05-16,15.195,15.2,15.195,15.2,308,0.0,,15.186000000000007,,47.98771309853613,-0.00777959680219098,-0.005807015122521095,-0.0019725816796698848
2020-05-17,15.205,15.22,15.205,15.21,501,0.0,,15.194000000000008,,51.534830180033126,-0.00627646745568633,-0.005900905589154142,-0.00037556186653218797
2020-05-18,15.22,15.22,15.215,15.215,490,0.0,,15.203000000000008,,53.25151971313912,-0.0046284149197575175,-0.005646407455274817,0.0010179925355172995
2020-05-19,15.21,15.22,15.21,15.22,501,0.0,,15.209000000000009,,54.96925347044583,-0.00288559979992975,-0.005094245924205804,0.0022086461242760537
2020-05-20,15.22,15.22,15.22,15.22,201,0.0,,15.213000000000008,,54.96925347044583,-0.001487262030263281,-0.0043728491454172996,0.0028855871151540185
2020-05-21,15.22,15.24,15.22,15.235,1102,0.0,,15.220000000000008,,60.073589345771936,0.000821831801014028,-0.0033339129561310342,0.004155744757145062
2020-05-22,15.24,15.25,15.235,15.245,2280,0.0,,15.22700000000001,,63.07831633920658,0.0034193060927467656,-0.0019832691463554744,0.0054025752391022395
2020-05-23,15.25,15.26,15.245,15.25,1602,0.0,,15.234000000000009,,64.516218490249,0.005814258246179094,-0.0004237636678485607,0.006238021914027655
2020-05-24,15.245,15.245,15.24,15.24,630,0.0,,15.238000000000008,,59.523352611043144,0.00682666511002239,0.0010263220877256294,0.00580034302229676
2020-05-25,15.245,15.25,15.24,15.24,726,0.0,,15.242000000000008,,59.523352611043144,0.007542064617478417,0.002329470593676187,0.00521259402380223
2020-05-26,15.24,15.24,15.24,15.24,301,0.0,,15.243000000000006,,59.523352611043144,0.008016613352751278,0.0034668991454912057,0.004549714207260073
2020-05-27,15.25,15.25,15.245,15.25,1601,0.0,,15.244000000000005,,63.09089064246475,0.009094774175510523,0.004592474151495069,0.004502300024015454
2020-05-28,15.25,15.25,15.245,15.245,710,0.0,,15.243000000000006,,60.232323593930154,0.009436982521828341,0.0055613758255617235,0.0038756066962666175
2020-05-29,15.25,15.25,15.24,15.25,602,0.0,,15.245000000000008,,62.082471425206485,0.009996410912568976,0.006448382842963174,0.003548028069605802
2020-05-30,15.245,15.255,15.245,15.255,1560,0.0,,15.248000000000008,,63.891598848184586,0.010719650695484972,0.007302636413467534,0.0034170142820174384
2020-05-31,15.25,15.25,15.25,15.25,572,0.0,,15.250000000000009,,60.7691387395572,0.010765269890699258,0.00799516310891388,0.002770106781785379
2020-06-01,15.26,15.26,15.255,15.255,1018,0.0,,15.251000000000008,,62.730645017121525,0.011077190685913507,0.008611568624313806,0.0024656220615997017
2020-06-02,15.25,15.26,15.25,15.255,1024,0.0,,15.253000000000005,,62.73064501712152,0.0111953372840361,0.009128322356258265,0.0020670149277778344
2020-06-03,15.26,15.26,15.255,15.255,6214,0.0,,15.254000000000005,,62.730645017121525,0.011160320091295972,0.009534721903265807,0.001625598188030165
2020-06-04,15.26,15.275,15.26,15.275,4268,0.0,,15.258000000000006,,70.17951788018415,0.012601143429273876,0.010148006208467421,0.002453137220806454
2020-06-05,15.28,15.33,15.275,15.33,3656,0.0,,15.274000000000006,,81.26748856225342,0.017973855236188996,0.011713176014011737,0.006260679222177259
2020-06-06,15.34,15.34,15.33,15.33,1004,0.0,,15.289000000000007,,81.26748856225342,0.021978414569399973,0.013766223725089385,0.008212190844310588
2020-06-07,15.325,15.36,15.325,15.35,1232,0.0,,15.308000000000007,,83.80675346077388,0.026460865163006275,0.016305152012672765,0.01015571315033351
2020-06-08,15.35,15.37,15.35,15.37,2422,0.0,,15.331000000000008,,85.86953460131188,0.03126664992821837,0.01929745159578189,0.011969198332436481
2020-06-09,15.38,15.38,15.36,15.36,1396,0.0,,15.348000000000008,,80.35763784964278,0.0338778300157383,0.022213527279773174,0.011664302735965124
2020-06-10,15.36,15.36,15.35,15.35,1004,0.0,,15.352000000000007,,75.16193169692103,0.03473983344595233,0.024718788513009005,0.010021044932943323
2020-06-11,15.34,15.34,15.34,15.34,612,0.0,,15.354000000000008,,70.26903452170211,0.03422157592323494,0.026619345995054194,0.007602229928180743
2020-06-12,15.33,15.33,15.33,15.33,640,0.0,,15.350000000000009,,65.6655129707301,0.03262782343764847,0.02782104148357305,0.004806781954075422
2020-06-13,15.33,15.34,15.33,15.34,600,0.0,,15.344000000000008,,67.92824732984491,0.03180505071033757,0.028617843328925956,0.0031872073814116116
2020-06-14,15.34,15.34,15.34,15.34,610,0.0,,15.340000000000009,,67.92824732984492,0.0307979774828393,0.029053870159708627,0.0017441073231306732
2020-06-15,15.315,15.32,15.315,15.32,620,0.0,,15.334000000000009,,58.92135274699307,0.02806254429909316,0.028855604987585534,-0.0007930606884923724
2020-06-16,15.31,15.31,15.31,15.31,484,0.0,,15.328000000000008,,54.99488818853027,0.024801876769958042,0.02804485934406004,-0.003242982574101997
2020-06-17,15.32,15.32,15.3,15.305,2166,0.0,,15.323000000000011,,53.08988610914354,0.02156571985374356,0.026749031445996746,-0.005183311592253187
2020-06-18,15.31,15.32,15.31,15.32,1600,0.0,,15.319000000000011,,57.811330686786086,0.019981087285724897,0.02539544261394238,-0.005414355328217484
2020-06-19,15.32,15.335,15.315,15.335,1076,0.0,,15.318000000000012,,61.937014504065814,0.019708442541146454,0.024258042599383196,-0.004549600058236743
2020-06-20,15.34,15.34,15.335,15.335,1012,0.0,,15.321000000000016,,61.937014504065814,0.019270234350479143,0.023260480949602386,-0.0039902465991232434
2020-06-21,15.335,15.335,15.335,15.335,600,0.0,,15.326000000000016,,61.937014504065814,0.01870730503470952,0.022349845766623813,-0.0036425407319142927
2020-06-22,15.34,15.36,15.335,15.36,1242,0.0,,15.337000000000018,,68.3747962135308,0.020047376880931722,0.021889351989485394,-0.0018419751085536722
2020-06-23,15.36,15.36,15.36,15.36,202,0.0,,15.345000000000017,,68.3747962135308,0.02086883058516875,0.021685247708622065,-0.0008164171234533134
2020-06-24,15.35,15.36,15.35,15.355,836,0.0,,15.349000000000018,,65.79362636242183,0.020875737839654462,0.021523345734828548,-0.0006476078951740856
2020-06-25,15.37,15.375,15.37,15.375,1000,0.0,,15.357000000000017,,70.57811670196845,0.02223869095539399,0.02166641477894164,0.0005722761764523528
2020-06-26,15.375,15.375,15.365,15.365,1038,0.0,,15.363000000000017,,65.63480989126131,0.022255378542311632,0.021784207531615637,0.00047117101069599557
2020-06-27,15.36,15.36,15.36,15.36,2020,0.0,,15.363000000000017,,63.24942338089314,0.02161596991619419,0.021750560008531348,-0.00013459009233715916
2020-06-28,15.37,15.37,15.36,15.36,1550,0.0,,15.363000000000017,,63.24942338089314,0.02086867290238459,0.021574182587301996,-0.0007055096849174075
2020-06-29,15.35,15.355,15.35,15.355,802,0.0,,15.363000000000017,,60.691306516651984,0.019646503755923916,0.02118864682102638,-0.0015421430651024644
2020-06-30,15.35,15.35,15.34,15.34,614,0.0,,15.356000000000018,,53.67738219356324,0.017268490849087215,0.020404615626638548,-0.003136124777551333
2020-07-01,15.35,15.36,15.35,15.36,804,0.0,,15.355000000000018,,60.270243144032605,0.016804025000720202,0.01968449750145488,-0.002880472500734678
2020-07-02,15.36,15.37,15.36,15.36,1444,0.0,,15.355000000000018,,60.270243144032605,0.01624862839586605,0.018997323680337113,-0.0027486952844710637
2020-07-03,15.355,15.355,15.34,15.34,802,0.0,,15.351000000000019,,51.731309131736296,0.014032877455928627,0.018004434435455418,-0.003971556979526791
2020-07-04,15.34,15.35,15.34,15.35,600,0.0,,15.350000000000017,,55.15261956881774,0.012934692218587784,0.016990485992081892,-0.0040557937734941076
2020-07-05,15.355,15.355,15.355,15.355,202,0.0,,15.353000000000018,,56.80135793806187,0.012325747178293156,0.016057538229324146,-0.00373179105103099
2020-07-06,15.35,15.355,15.34,15.34,1698,0.0,,15.349000000000018,,50.77108403713915,0.010511607933866074,0.014948352170232531,-0.004436744236366457
2020-07-07,15.34,15.34,15.34,15.34,200,0.0,,15.345000000000018,,50.77108403713915,0.008970483364201698,0.013752778409026365,-0.004782295044824667
2020-07-08,15.34,15.34,15.31,15.31,2202,0.0,,15.339000000000018,,40.739057727847126,0.005267659460740148,0.012055754619369122,-0.006788095158628974
2020-07-09,15.305,15.31,15.3,15.3,2220,0.0,,15.329000000000018,,38.040789169805926,0.0015088354969368112,0.009946370794882661,-0.00843753529794585
2020-07-10,15.31,15.33,15.31,15.32,1380,0.0,,15.322000000000017,,45.7761288801638,0.00014213483587077747,0.007985523603080283,-0.007843388767209506
2020-07-11,15.32,15.33,15.32,15.325,1400,0.0,,15.319000000000017,,47.53944856994734,-0.0005314014066826189,0.006282138601127703,-0.006813540007810322
2020-07-12,15.33,15.34,15.33,15.33,1392,0.0,,15.317000000000016,,49.31449216313236,-0.0006541844866685409,0.004894873983568455,-0.005549058470236996
2020-07-13,15.32,15.32,15.32,15.32,804,0.0,,15.319000000000017,,45.96471855676229,-0.001540647760313263,0.0036077696347921115,-0.005148417395105374
2020-07-14,15.32,15.32,15.32,15.32,202,0.0,,15.323000000000016,,45.964718556762286,-0.002217613028722809,0.0024426931020891276,-0.004660306130811937
2020-07-15,15.31,15.32,15.31,15.32,2600,0.0,,15.323000000000018,,45.964718556762286,-0.002722726979429879,0.0014096090857853264,-0.004132336065215205
2020-07-16,15.32,15.32,15.32,15.32,200,0.0,,15.322000000000017,,45.96471855676229,-0.0030874433000160906,0.0005101986086250431,-0.0035976419086411336
2020-07-17,15.3,15.3,15.3,15.3,204,0.0,,15.316000000000017,,38.863242144123724,-0.004933446761445026,-0.0005785304653889708,-0.004354916296056055
2020-07-18,15.29,15.3,15.29,15.29,1402,0.0,,15.31000000000002,,35.87846071659878,-0.0071212449518931464,-0.0018870733626898059,-0.005234171589203341
2020-07-19,15.29,15.29,15.285,15.29,2874,0.0,,15.30400000000002,,35.87846071659878,-0.00875417806461698,-0.003260494303075241,-0.005493683761541739
2020-07-20,15.3,15.3,15.3,15.3,1402,0.0,,15.300000000000017,,41.122791567130214,-0.009136058103761613,-0.004435607063212515,-0.0047004510405490975
2020-07-21,15.3,15.305,15.3,15.305,1874,0.0,,15.29700000000002,,43.606331666205854,-0.008932276845497356,-0.005334941019669484,-0.0035973358258278715
2020-07-22,15.32,15.33,15.32,15.33,414,0.0,,15.30300000000002,,54.04434043381239,-0.006676524841497056,-0.005603257784034999,-0.001073267057462057
2020-07-23,15.325,15.33,15.32,15.33,2052,0.0,,15.311000000000018,,54.04434043381239,-0.004833112019655417,-0.005449228631159083,0.0006161166115036662
2020-07-24,15.32,15.32,15.32,15.32,842,0.0,,15.317000000000018,,49.77076852055939,-0.0041314853128628926,-0.0051856799674998445,0.001054194654636952
2020-07-25,15.33,15.33,15.32,15.32,2016,0.0,,15.321000000000017,,49.77076852055939,-0.0035346953253423408,-0.004855483039068344,0.0013207877137260031
2020-07-26,15.33,15.33,15.33,15.33,604,0.0,,15.326000000000016,,53.990258460379465,-0.002229122596368427,-0.004330210950528361,0.002101088354159934
2020-07-27,15.33,15.33,15.33,15.33,1068,0.0,,15.326000000000016,,53.99025846037948,-0.001180834873139247,-0.003700335735050538,0.002519500861911291
2020-07-28,15.325,15.325,15.31,15.32,1208,0.0,,15.324000000000016,15.272583333333317,49.197195482779435,-0.001143790817925705,-0.003189026751625572,0.002045235933699867
