Date,Open,High,Low,Close,Volume,OpenInterest,Entry,5 day sma,200 day sma,rsi,macd,signal,histogram
2020-03-31,68.44,68.48,68.31,68.36,24641,0.0,,,,,,,
2020-04-01,68.39,68.44,68.305,68.305,2774,0.0,,,,,,,
2020-04-02,68.355,68.52,68.34,68.41,3552,0.0,,,,,,,
2020-04-03,68.47,68.53,68.36,68.36,3807,0.0,,,,,,,
2020-04-04,68.33,68.35,68.19,68.28,3644,0.0,,68.343,,,,,
2020-04-05,68.32,68.4,68.2,68.2,2990,0.0,,68.311,,,,,
2020-04-06,68.25,68.46,68.2,68.44,3529,0.0,,68.338,,,,,
2020-04-07,68.47,68.685,68.47,68.63,4438,0.0,,68.38199999999999,,,,,
2020-04-08,68.63,68.77,68.61,68.69,2893,0.0,,68.448,,,,,
2020-04-09,68.685,68.685,68.58,68.64,5962,0.0,,68.51999999999998,,,,,
2020-04-10,68.55,68.7,68.54,68.69,3001,0.0,,68.61799999999998,,,,,
2020-04-11,68.69,68.85,68.69,68.815,2816,0.0,,68.69299999999998,,,,,
2020-04-12,68.845,68.92,68.825,68.835,3980,0.0,,68.73399999999998,,,,,
2020-04-13,68.865,68.935,68.75,68.785,3325,0.0,,68.75299999999999,,,,,
2020-04-14,68.875,68.955,68.84,68.875,1963,0.0,,68.79999999999998,,70.68273092369543,,,
2020-04-15,68.925,69.06,68.91,69.025,5177,0.0,,68.86699999999999,,74.04976756904645,,,
2020-04-16,69.05,69.265,69.05,69.23,5746,0.0,,68.95,,77.8019684401828,,,
2020-04-17,69.205,69.295,69.18,69.24,18381,0.0,,69.031,,77.96930997583812,,,
2020-04-18,69.23,69.25,69.1,69.21,4889,0.0,,69.11600000000001,,76.11548702631359,,,
2020-04-19,69.2,69.395,69.2,69.37,4312,0.0,,69.215,,78.98528589936527,,,
2020-04-20,69.39,69.53,69.39,69.49,5362,0.0,,69.30800000000002,,80.84428579872603,,,
2020-04-21,69.49,69.49,69.31,69.31,5205,0.0,,69.32400000000001,,70.73610573892915,,,
2020-04-22,69.31,69.36,69.19,69.26,4199,0.0,,69.328,,68.18575745746698,,,
2020-04-23,69.29,69.29,69.14,69.27,3421,0.0,,69.34,,68.43090926425806,,,
2020-04-24,69.24,69.44,69.18,69.26,13255,0.0,,69.31800000000001,,67.86771088652836,,,
2020-04-25,69.26,69.26,69.11,69.11,4327,0.0,,69.242,,59.903589454392865,0.30141300786462466,,
2020-04-26,69.07,69.22,69.07,69.135,2987,0.0,,69.20700000000001,,60.73069572278638,0.2778075001896525,,
2020-04-27,69.14,69.27,69.1,69.19,5285,0.0,,69.19300000000001,,62.560454135253394,0.2605347235190578,,
2020-04-28,69.17,69.19,69.1,69.18,2718,0.0,,69.17500000000001,,61.994842802580166,0.24323514380824918,,
2020-04-29,69.17,69.185,69.05,69.12,3356,0.0,,69.14700000000002,,58.57306284727796,0.22212310678344238,,
2020-04-30,69.11,69.36,69.06,69.34,10697,0.0,,69.19300000000001,,65.98628054560169,0.22060087712830523,,
2020-05-01,69.3,69.35,69.22,69.26,3407,0.0,,69.218,,61.664979623532446,0.2105125105651382,,
2020-05-02,69.24,69.46,69.22,69.375,7939,0.0,,69.25500000000001,,65.19365582314,0.2093833058724499,,
2020-05-03,69.37,69.68,69.37,69.555,7985,0.0,,69.33000000000001,,69.86877090080185,0.22047144116024242,0.24067573521012914,-0.020204294049886717
2020-05-04,69.56,69.68,69.45,69.45,4363,0.0,,69.396,,64.43204673165411,0.21827016321012138,0.2361946208101276,-0.017924457600006216
2020-05-05,69.43,69.43,69.24,69.24,8620,0.0,,69.376,,55.18341569871017,0.19730596922401844,0.22841689049290576,-0.031110921268887315
2020-05-06,69.29,69.29,69.12,69.18,9972,0.0,,69.36,,52.84925354380642,0.17384620505571036,0.21750275340546668,-0.043656548349756324
2020-05-07,69.24,69.29,69.22,69.28,2115,0.0,,69.34100000000001,,56.17634311035577,0.16146210258702354,0.20629462324177808,-0.04483252065475454
2020-05-08,69.29,69.42,69.29,69.35,3745,0.0,,69.30000000000001,,58.389738922704396,0.15550347982566848,0.1961363945585562,-0.040632914732887715
2020-05-09,69.33,69.38,69.27,69.3,2141,0.0,,69.27000000000001,,56.206052849316016,0.14507431977244778,0.1859239796013345,-0.04084965982888672
2020-05-10,69.26,69.3,69.25,69.29,4776,0.0,,69.28000000000002,,55.75692789409934,0.13445233602966766,0.17562965088700117,-0.0411773148573335
2020-05-11,69.2,69.29,69.115,69.29,4943,0.0,,69.30200000000002,,55.75692789409934,0.12459804864110424,0.1654233304378218,-0.040825281796717544
2020-05-12,69.29,69.39,69.18,69.38,9882,0.0,,69.32200000000003,,59.16297081341175,0.12263701950600137,0.1568660682514577,-0.03422904874545635
2020-05-13,69.36,69.38,69.13,69.13,8422,0.0,,69.27800000000002,,48.0883907494335,0.09976000785306383,0.14544485617177896,-0.04568484831871514
2020-05-14,69.11,69.13,68.97,69.08,5478,0.0,,69.23400000000001,,46.22473207407555,0.07671095304974074,0.1316980755473713,-0.054987122497630575
2020-05-15,69.1,69.17,69.08,69.12,2456,0.0,,69.20000000000002,,47.96221135579104,0.06096926107505851,0.11755231265290876,-0.05658305157785025
2020-05-16,69.18,69.32,69.18,69.29,2433,0.0,,69.20000000000002,,54.66619353843675,0.06150247378920426,0.10634234488016787,-0.044839871090963615
2020-05-17,69.3,69.34,69.27,69.295,2728,0.0,,69.18300000000002,,54.850429078689,0.06161821054485017,0.09739751801310434,-0.03577930746825417
2020-05-18,69.28,69.4,69.28,69.3,4063,0.0,,69.21700000000001,,55.047169209090264,0.06140554605944715,0.09019912362237291,-0.028793577562925762
2020-05-19,69.29,69.29,69.17,69.18,3843,0.0,,69.23700000000002,,49.475037369083516,0.05096650070980502,0.08235259903985934,-0.03138609833005432
2020-05-20,69.18,69.19,68.93,68.99,7517,0.0,,69.21100000000003,,42.19255764884365,0.027050251496149258,0.07129212953111733,-0.04424187803496807
2020-05-21,69.07,69.07,68.92,69.0,5732,0.0,,69.15300000000002,,42.670856883517494,0.008801905229091744,0.05879408467071221,-0.04999217944162047
2020-05-22,68.98,69.07,68.97,69.0,3862,0.0,,69.09400000000002,,42.67085688351749,-0.005595538771927977,0.04591615998218417,-0.05151169875411215
2020-05-23,68.97,69.05,68.95,69.02,5354,0.0,,69.03800000000001,,43.75038717012091,-0.015216379071617325,0.03368965217142387,-0.048906031243041194
2020-05-24,69.03,69.1,68.98,68.99,3142,0.0,,69.00000000000001,,42.45885969564771,-0.024973830826979793,0.02195695557174314,-0.04693078639872293
2020-05-25,68.94,68.94,68.78,68.87,7023,0.0,,68.97600000000001,,37.66872873591468,-0.041906605497686655,0.009184243357857181,-0.05109084885554384
2020-05-26,68.83,68.92,68.82,68.83,3825,0.0,,68.94200000000001,,36.202567083517515,-0.057886339436294065,-0.004229873200973068,-0.053656466235321
2020-05-27,68.87,69.03,68.84,69.0,3976,0.0,,68.94200000000001,,45.84926844866864,-0.05618514705844291,-0.014620927972467036,-0.04156421908597587
2020-05-28,69.01,69.05,68.93,69.05,3750,0.0,,68.94800000000001,,48.3242294380539,-0.05022341346260362,-0.021741425070494355,-0.02848198839210926
2020-05-29,69.05,69.09,68.94,68.97,3505,0.0,,68.944,,44.79636814841848,-0.05136195935230603,-0.02766553192685669,-0.02369642742544934
2020-05-30,68.97,69.03,68.96,69.01,3819,0.0,,68.97200000000001,,46.88433627039565,-0.04847777782029539,-0.03182798110554443,-0.016649796714750954
2020-05-31,69.01,69.09,69.01,69.09,2663,0.0,,69.02400000000002,,50.885451405826636,-0.039283871744558496,-0.033319159233347245,-0.005964712511211251
2020-06-01,69.13,69.22,69.1,69.22,2787,0.0,,69.06800000000001,,56.60586605174063,-0.021262619158207485,-0.030907851218319293,0.009645232060111808
2020-06-02,69.19,69.31,69.15,69.29,3348,0.0,,69.11600000000001,,59.35125490920623,-0.001317049534620196,-0.024989690881579475,0.02367264134695928
2020-06-03,69.32,69.44,69.32,69.4,3867,0.0,,69.202,,63.28246036896363,0.023099759139526554,-0.01537180087735827,0.03847156001688483
2020-06-04,69.375,69.49,69.37,69.43,3567,0.0,,69.286,,64.2966083413617,0.04435965472023895,-0.0034255097578388283,0.04778516447807778
2020-06-05,69.44,69.44,69.31,69.34,2576,0.0,,69.33599999999998,,59.029159882793714,0.05333125775675285,0.007925843745079509,0.04540541401167334
2020-06-06,69.27,69.33,69.26,69.32,2476,0.0,,69.356,,57.894100172958446,0.05815708625820548,0.017972092247704706,0.040184994010500776
2020-06-07,69.28,69.33,69.18,69.245,5312,0.0,,69.347,,53.72230751442992,0.05529234122364812,0.025436142042893392,0.02985619918075473
2020-06-08,69.22,69.265,69.13,69.15,5310,0.0,,69.297,,48.91423813231617,0.04483942313420641,0.029316798261155998,0.015522624873050415
2020-06-09,69.165,69.22,69.14,69.165,3571,0.0,,69.244,,49.68002657520938,0.03733540556402204,0.030920519721729208,0.006414885842292831
2020-06-10,69.18,69.27,69.18,69.2,3390,0.0,,69.21600000000001,,51.50666445396534,0.033822737603742326,0.03150096329813183,0.002321774305610494
2020-06-11,69.17,69.26,69.17,69.26,2207,0.0,,69.20400000000001,,54.55239150606932,0.03547152780461715,0.032295076199428896,0.0031764516051882574
2020-06-12,69.27,69.38,69.27,69.31,4312,0.0,,69.21700000000001,,56.97737753083223,0.04034768505253794,0.03390559797005071,0.0064420870824872314
2020-06-13,69.325,69.35,69.27,69.35,2059,0.0,,69.25700000000002,,58.868199318597675,0.04689911668492641,0.03650430171302585,0.010394814971900562
2020-06-14,69.355,69.355,69.245,69.35,4364,0.0,,69.29400000000001,,58.86819931859767,0.05149754184779454,0.03950294973997959,0.01199459210781495
2020-06-15,69.36,69.56,69.32,69.52,5106,0.0,,69.35800000000002,,66.1919303984268,0.06807468359252766,0.045217296510489204,0.02285738708203846
2020-06-16,69.53,69.53,69.46,69.51,2743,0.0,,69.40800000000002,,65.45364502363992,0.0794889720410481,0.052071631616600986,0.027417340424447115
2020-06-17,69.52,69.56,69.36,69.42,3269,0.0,,69.43000000000002,,59.06808087634691,0.08034644621534426,0.05772659453634965,0.022619851678994607
2020-06-18,69.45,69.62,69.45,69.62,2858,0.0,,69.48400000000001,,66.81572897312986,0.0960570434035759,0.0653926843097949,0.030664359093781
2020-06-19,69.575,69.71,69.53,69.71,6038,0.0,,69.55600000000001,,69.60392017662761,0.11445073586268961,0.07520429462037385,0.03924644124231576
2020-06-20,69.75,69.79,69.66,69.71,5688,0.0,,69.59400000000002,,69.60392017662761,0.12755746658294242,0.08567492901288758,0.04188253757005485
2020-06-21,69.69,69.8,69.61,69.78,3626,0.0,,69.64800000000002,,71.74535574511988,0.1419566719440155,0.09693127759911317,0.04502539434490234
2020-06-22,69.75,69.75,69.69,69.72,4764,0.0,,69.70800000000003,,67.36452398918574,0.14683403600817257,0.10691182928092505,0.03992220672724753
2020-06-23,69.71,69.71,69.55,69.625,4239,0.0,,69.70900000000003,,61.01214880722342,0.14140366271361415,0.11381019596746288,0.027593466746151277
2020-06-24,69.63,69.63,69.5,69.53,5401,0.0,,69.67300000000003,,55.38743027484541,0.12795931141202743,0.1166400190563758,0.011319292355651628
2020-06-25,69.565,69.565,69.515,69.515,1667,0.0,,69.63400000000004,,54.5325745726181,0.1147711807750369,0.11626625140010803,-0.0014950706250711349
2020-06-26,69.555,69.555,69.45,69.525,3739,0.0,,69.58300000000004,,55.03087295568761,0.10392838690529516,0.11379867850114546,-0.009870291595850303
2020-06-27,69.535,69.58,69.45,69.47,2702,0.0,,69.53300000000004,,51.676367767110676,0.08986148701413299,0.10901124020374298,-0.019149753189609986
2020-06-28,69.48,69.56,69.47,69.495,2144,0.0,,69.50700000000003,,53.076516945958076,0.0798106510650598,0.10317112237600634,-0.02336047131094654
2020-06-29,69.5,69.55,69.47,69.55,2200,0.0,,69.51100000000004,,56.09075840988432,0.0754140057936894,0.09761969905954296,-0.02220569326585356
2020-06-30,69.5,69.56,69.49,69.51,3578,0.0,,69.51000000000003,,53.40391191973371,0.06791903863469884,0.09167956697457413,-0.023760528339875298
2020-07-01,69.55,69.69,69.5,69.59,6211,0.0,,69.52300000000005,,57.761759531201335,0.06765467361115896,0.08687458830189111,-0.019219914690732157
2020-07-02,69.59,69.59,69.3,69.31,6535,0.0,,69.49100000000006,,42.70698586039872,0.04434037424957182,0.07836774549142726,-0.03402737124185544
2020-07-03,69.3,69.35,69.235,69.25,4405,0.0,,69.44200000000005,,40.284034592987055,0.02078255709449195,0.06685070781204021,-0.04606815071754826
2020-07-04,69.3,69.3,69.16,69.17,2548,0.0,,69.36600000000006,,37.24951593946427,-0.0042930267973133596,0.052621960890169496,-0.056914987687482856
2020-07-05,69.21,69.26,69.14,69.17,4512,0.0,,69.29800000000006,,37.24951593946427,-0.023890216150746824,0.037319525481986235,-0.06120974163273306
2020-07-06,69.16,69.27,69.16,69.24,2897,0.0,,69.22800000000007,,41.705673708718905,-0.03338784067382505,0.02317805225082398,-0.05656589292464903
2020-07-07,69.26,69.32,69.23,69.25,2989,0.0,,69.21600000000007,,42.335669109014276,-0.03965079047766551,0.010612283705126083,-0.05026307418279159
2020-07-08,69.28,69.34,69.27,69.27,1655,0.0,,69.22000000000006,,43.64738518942283,-0.04251035752650978,-1.2244541201090683e-05,-0.042498112985308686
2020-07-09,69.23,69.3,69.2,69.26,2560,0.0,,69.23800000000006,,43.11923394205053,-0.045064031339407506,-0.009022601900842375,-0.03604142943856513
2020-07-10,69.28,69.3,69.25,69.27,1660,0.0,,69.25800000000005,,43.850924368840296,-0.0457535019182842,-0.01636878190433074,-0.02938472001395346
2020-07-11,69.24,69.24,69.07,69.07,2719,0.0,,69.22400000000005,,34.337355609580044,-0.061726693945402644,-0.025440364312545122,-0.03628632963285752
2020-07-12,69.04,69.14,69.04,69.07,2773,0.0,,69.18800000000005,,34.337355609580044,-0.07353786497581893,-0.03505986444519989,-0.03847800053061905
2020-07-13,69.05,69.17,69.05,69.17,2483,0.0,,69.16800000000005,,41.675032519687456,-0.07397638512811966,-0.042843168581783844,-0.031133216546335815
2020-07-14,69.19,69.21,69.17,69.17,1895,0.0,,69.15000000000006,,41.675032519687456,-0.07347691932005773,-0.04896991872943863,-0.024507000590619103
2020-07-15,69.21,69.21,69.1,69.18,3940,0.0,,69.13200000000006,,42.4212608512641,-0.07145053534713952,-0.05346604205297881,-0.017984493294160714
2020-07-16,69.175,69.175,69.11,69.12,1241,0.0,,69.14200000000007,,39.18204243662652,-0.0738349862476042,-0.057539830891903884,-0.016295155355700322
2020-07-17,69.1,69.155,69.1,69.15,2700,0.0,,69.15800000000007,,41.58388224667889,-0.07246855904713811,-0.06052557652295073,-0.011942982524187386
2020-07-18,69.16,69.16,69.07,69.07,1474,0.0,,69.13800000000006,,37.34809552813437,-0.07695391028269682,-0.06381124327489995,-0.013142667007796871
2020-07-19,69.11,69.11,69.08,69.08,2549,0.0,,69.12000000000006,,38.195563702883454,-0.07879338591986595,-0.06680767180389316,-0.011985714115972795
2020-07-20,69.07,69.18,69.06,69.18,2678,0.0,,69.12000000000006,,46.05395128097844,-0.07135943223481434,-0.06771802389007739,-0.003641408344736946
2020-07-21,69.14,69.25,69.14,69.25,3904,0.0,,69.14600000000006,,50.77245891029293,-0.05913785106008618,-0.06600198932407915,0.006864138263992972
2020-07-22,69.25,69.25,69.185,69.19,2729,0.0,,69.15400000000007,,46.97939359055182,-0.05367492733562074,-0.06353657692638748,0.009861649590766741
2020-07-23,69.185,69.185,69.09,69.09,2735,0.0,,69.15800000000007,,41.42475839082081,-0.0567603867841342,-0.062181338897936825,0.005420952113802627
2020-07-24,69.07,69.1,69.01,69.06,4676,0.0,,69.15400000000008,,39.90058851172406,-0.060924089921471136,-0.061929889102643694,0.0010057991811725578
2020-07-25,69.06,69.08,69.0,69.02,2600,0.0,,69.12200000000007,,37.89834429653716,-0.06668284206699582,-0.06288047969551412,-0.003802362371481696
2020-07-26,69.0,69.04,68.97,69.005,2407,0.0,,69.07300000000006,,37.145576892988906,-0.07163134768451584,-0.06463065329331447,-0.007000694391201379
2020-07-27,69.06,69.125,69.06,69.11,2045,0.0,,69.05700000000007,,45.331381773537004,-0.06631600196965337,-0.06496772302858225,-0.0013482789410711182
2020-07-28,69.09,69.12,69.06,69.06,2035,0.0,,69.05100000000007,69.1690416666667,42.49338277546279,-0.06538442339567041,-0.06505106310199989,-0.0003333602936705232
