Date,Open,High,Low,Close,Volume,OpenInterest,Entry,5 day sma,200 day sma,rsi,macd,signal,histogram
2020-03-30,131.29,131.29,131.29,131.29,200,0.0,,,,,,,
2020-03-31,131.25,131.25,131.25,131.25,100,0.0,,,,,,,
2020-04-01,131.26,131.26,131.26,131.26,100,0.0,,,,,,,
2020-04-02,131.26,131.26,131.26,131.26,100,0.0,,,,,,,
2020-04-03,131.32,131.32,131.32,131.32,200,0.0,,131.27599999999998,,,,,
2020-04-04,131.24,131.24,131.24,131.24,100,0.0,,131.266,,,,,
2020-04-05,131.22,131.32,131.22,131.32,200,0.0,,131.27999999999997,,,,,
2020-04-06,131.29,131.29,131.29,131.29,100,0.0,,131.28599999999997,,,,,
2020-04-07,131.22,131.22,131.22,131.22,100,0.0,,131.27799999999996,,,,,
2020-04-08,131.28,131.28,131.28,131.28,200,0.0,,131.26999999999998,,,,,
2020-04-09,131.28,131.28,131.28,131.28,100,0.0,,131.27799999999996,,,,,
2020-04-10,131.29,131.29,131.22,131.22,200,0.0,,131.25799999999998,,,,,
2020-04-11,131.32,131.32,131.32,131.32,100,0.0,,131.26399999999998,,,,,
2020-04-12,131.31,131.31,131.31,131.31,100,0.0,,131.28199999999998,,,,,
2020-04-13,131.3,131.3,131.26,131.3,400,0.0,,131.28599999999997,,50.81967213114921,,,
2020-04-14,131.3,131.32,131.21,131.32,300,0.0,,131.29399999999995,,52.496954933008865,,,
2020-04-15,131.21,131.21,131.21,131.21,100,0.0,,131.29199999999997,,43.674487489282306,,,
2020-04-16,131.3,131.3,131.3,131.3,100,0.0,,131.28799999999995,,50.93929692437187,,,
2020-04-17,131.3,131.3,131.3,131.3,200,0.0,,131.28599999999997,,50.93929692437187,,,
2020-04-18,131.3,131.32,131.3,131.32,200,0.0,,131.28999999999996,,52.51766396980859,,,
2020-04-19,131.25,131.315,131.25,131.315,200,0.0,,131.289,,52.06668235760644,,,
2020-04-20,131.22,131.22,131.22,131.22,100,0.0,,131.291,,44.285382991904534,,,
2020-04-21,131.25,131.25,131.25,131.25,100,0.0,,131.281,,46.980101723651785,,,
2020-04-22,131.29,131.29,131.29,131.29,100,0.0,,131.279,,50.42317615990177,,,
2020-04-23,131.29,131.29,131.29,131.29,100,0.0,,131.273,,50.42317615990177,,,
2020-04-24,131.27,131.27,131.27,131.27,200,0.0,,131.26399999999998,,48.59329355603782,0.0005727147604090987,,
2020-04-25,131.27,131.27,131.27,131.27,200,0.0,,131.27399999999997,,48.59329355603782,-0.00020573050846905971,,
2020-04-26,131.28,131.28,131.28,131.28,100,0.0,,131.27999999999997,,49.6528098474603,-1.5558220439970682e-05,,
2020-04-27,131.25,131.28,131.25,131.28,200,0.0,,131.27799999999996,,49.6528098474603,0.00013361446357862405,,
2020-04-28,131.3,131.3,131.3,131.3,100,0.0,,131.27999999999997,,51.94991755188778,0.0018444065725589098,,
2020-04-29,131.28,131.28,131.28,131.28,100,0.0,,131.28199999999998,,49.51690528698621,0.001568310286728547,,
2020-04-30,131.3,131.3,131.3,131.3,100,0.0,,131.28799999999995,,51.940836686960786,0.0029295646464504443,,
2020-05-01,131.2,131.2,131.2,131.2,100,0.0,,131.272,,41.27068253969852,-0.004014518856877203,,
2020-05-02,131.28,131.3,131.28,131.3,200,0.0,,131.27599999999998,,51.90974815159762,-0.0014320826403491083,0.00015341338928780916,-0.0015854960296369175
2020-05-03,131.22,131.28,131.22,131.28,200,0.0,,131.272,,49.96040125757167,-0.0009879279676567876,-7.485488210111021e-05,-0.0009130730855556774
2020-05-04,131.28,131.28,131.28,131.28,100,0.0,,131.272,,49.96040125757167,-0.0006286850991159554,-0.00018562092550407925,-0.00044306417361187614
2020-05-05,131.28,131.28,131.28,131.28,100,0.0,,131.26799999999997,,49.96040125757166,-0.00034006250868401366,-0.00021650924214006615,-0.00012355326654394752
2020-05-06,131.28,131.28,131.28,131.28,100,0.0,,131.28399999999996,,49.96040125757167,-0.00011005834227262312,-0.00019521906216657755,8.516071989395443e-05
2020-05-07,131.28,131.28,131.28,131.28,100,0.0,,131.27999999999997,,49.96040125757167,7.139857834204122e-05,-0.00014189553406485382,0.00021329411240689504
2020-05-08,131.28,131.28,131.28,131.28,200,0.0,,131.27999999999997,,49.96040125757167,0.00021275202234960489,-7.096602278196208e-05,0.00028371804513156696
2020-05-09,131.3,131.3,131.29,131.29,200,0.0,,131.28199999999998,,51.38435017040928,0.00111879529589487,0.00016698624095340433,0.0009518090549414656
2020-05-10,131.3,131.3,131.3,131.3,100,0.0,,131.28599999999997,,52.829896781172785,0.002613629253289673,0.0006563148434206581,0.001957314409869015
2020-05-11,131.31,131.31,131.31,131.31,100,0.0,,131.29199999999997,,54.2934846465025,0.0045527313081947796,0.0014355981363754825,0.003117133171819297
2020-05-12,131.135,131.33,131.135,131.33,500,0.0,,131.30199999999996,,57.156672520036004,0.0076155294274542484,0.002671584394591236,0.004943945032863013
2020-05-13,131.275,131.275,131.275,131.275,200,0.0,,131.301,,48.21235067926247,0.005540906535969725,0.003245448822866934,0.002295457713102791
2020-05-14,131.44,131.44,131.44,131.44,100,0.0,,131.331,,65.6027656072381,0.017014738669018925,0.005999306792097332,0.011015431876921594
2020-05-15,131.96,131.96,131.96,131.96,186,0.0,,131.46300000000002,,83.92421875391452,0.067291789614643,0.018257803356606466,0.049033986258036524
2020-05-16,132.25,132.27,132.25,132.27,200,0.0,,131.65500000000003,,88.0206992567204,0.13064512822316487,0.04073526832991815,0.08990985989324672
2020-05-17,132.31,132.31,132.31,132.31,100,0.0,,131.851,,88.4303757448004,0.18198298464608342,0.0689848115931512,0.11299817305293222
2020-05-18,132.42,132.42,132.41,132.41,395,0.0,,132.078,,89.40581826417906,0.2281082797393026,0.1008095052223815,0.1272987745169211
2020-05-19,132.54,132.67,132.54,132.67,200,0.0,,132.32399999999998,,91.4291396734303,0.28238754763580687,0.13712511370506658,0.1452624339307403
2020-05-20,132.59,132.59,132.59,132.59,200,0.0,,132.45,,85.98744906684317,0.3153141814848084,0.17276292726101494,0.14255125422379344
2020-05-21,132.36,132.36,132.36,132.36,100,0.0,,132.468,,72.60753204043226,0.3191704993837732,0.20204444168556657,0.11712605769820661
2020-05-22,132.38,132.38,132.38,132.38,100,0.0,,132.48199999999997,,73.00094955318308,0.3201500020181811,0.22566555375208946,0.09448444826609165
2020-05-23,132.385,132.385,132.365,132.365,200,0.0,,132.47299999999998,,72.16382893030149,0.3160724043441121,0.24374692387049401,0.07232548047361809
2020-05-24,132.34,132.34,132.34,132.34,129,0.0,,132.40699999999998,,70.70848874935564,0.3072814385955098,0.2564538268154972,0.050827611780012605
2020-05-25,132.38,132.465,132.38,132.465,294,0.0,,132.382,,73.5777460885685,0.30686365701362206,0.2665357928551222,0.04032786415849987
2020-05-26,132.52,132.52,132.52,132.52,299,0.0,,132.414,,74.74975439274039,0.3074267779165325,0.27471398986740425,0.03271278804912825
2020-05-27,132.6,132.6,132.58,132.58,387,0.0,,132.454,,76.00041043593123,0.30915085522889285,0.281601362939702,0.027549492289190847
2020-05-28,132.34,132.34,132.34,132.34,255,0.0,,132.449,,62.63622408086516,0.28783324223741147,0.2828477387992439,0.00498550343816756
2020-05-29,132.435,132.435,132.435,132.435,200,0.0,,132.46800000000002,,65.2416726307789,0.2754296053667247,0.2813641121127401,-0.005934506746015422
2020-05-30,132.545,132.545,132.545,132.545,232,0.0,,132.48399999999998,,68.02224072315843,0.27134778610488297,0.2793608469111687,-0.008013060806285721
2020-05-31,132.53,132.53,132.53,132.53,100,0.0,,132.486,,67.23240536432513,0.2638609159014038,0.27626086070921574,-0.012399944807811925
2020-06-01,132.65,132.65,132.65,132.65,213,0.0,,132.49999999999997,,70.21227736662246,0.2645608219710027,0.27392085296157315,-0.009360030990570423
2020-06-02,132.66,132.66,132.66,132.66,100,0.0,,132.56399999999996,,70.45341432958654,0.2628919640828542,0.2717150751858294,-0.008823111102975179
2020-06-03,132.65,132.65,132.65,132.65,183,0.0,,132.60699999999997,,69.84451780905488,0.25779081372508017,0.2689302228936795,-0.011139409168599346
2020-06-04,132.6,132.6,132.6,132.6,100,0.0,,132.618,,66.73871433578591,0.24686779491233324,0.26451773729741024,-0.017649942385077
2020-06-05,132.565,132.565,132.565,132.565,100,0.0,,132.625,,64.57408937678903,0.23270454319393252,0.2581550984767147,-0.025450555282782172
2020-06-06,132.72,132.72,132.72,132.72,123,0.0,,132.639,,69.31989554757493,0.23132074719580942,0.25278822822053365,-0.021467481024724233
2020-06-07,132.88,132.88,132.88,132.88,170,0.0,,132.68300000000002,,73.2966413450033,0.24036397543434873,0.2503033776632967,-0.009939402228947958
2020-06-08,132.85,132.85,132.85,132.85,200,0.0,,132.723,,71.42716335955714,0.24231677276731034,0.24870605668409942,-0.006389283916789085
2020-06-09,132.945,132.945,132.91,132.91,200,0.0,,132.78500000000003,,72.91507972789196,0.24587162227012982,0.24813916980130551,-0.0022675475311756954
2020-06-10,132.71,132.71,132.71,132.71,201,0.0,,132.81400000000002,,61.431446050309845,0.22990038900573495,0.2444914136421914,-0.014591024636456451
2020-06-11,132.58,132.58,132.58,132.58,100,0.0,,132.78600000000003,,55.33141821011399,0.2043969966874215,0.23647253025123743,-0.03207553356381593
2020-06-12,132.47,132.47,132.47,132.47,103,0.0,,132.70400000000004,,50.74020644322004,0.1733114671310716,0.22384031762720427,-0.05052885049613268
2020-06-13,132.63,132.63,132.63,132.63,111,0.0,,132.66000000000003,,56.40638652406104,0.15974518081617362,0.21102129026499813,-0.05127610944882452
2020-06-14,132.64,132.64,132.64,132.64,218,0.0,,132.60600000000005,,56.74130254648462,0.1480935869134612,0.19843574959469074,-0.05034216268122954
2020-06-15,132.72,132.72,132.72,132.72,303,0.0,,132.60800000000003,,59.42681300752305,0.1436589354293858,0.18748038676162976,-0.043821451332243966
2020-06-16,132.71,132.71,132.665,132.665,200,0.0,,132.62500000000003,,56.81539251799954,0.13415989013068952,0.17681628743544173,-0.04265639730475221
2020-06-17,132.66,132.66,132.66,132.66,208,0.0,,132.663,,56.57201078405606,0.12478987013736287,0.16641100397582595,-0.04162113383846308
2020-06-18,132.6,132.6,132.6,132.6,100,0.0,,132.657,,53.60452044361957,0.11124025481339572,0.1553768541433399,-0.04413659932994418
2020-06-19,132.48,132.48,132.48,132.48,200,0.0,,132.62500000000003,,48.16304904961041,0.08978411454745583,0.1422583062241631,-0.05247419167670728
2020-06-20,132.565,132.565,132.565,132.565,100,0.0,,132.594,,51.88855848618694,0.0787311942302722,0.12955288382538493,-0.05082168959511274
2020-06-21,132.575,132.575,132.575,132.575,100,0.0,,132.57600000000002,,52.32269238589227,0.06997199803615217,0.1176367066675384,-0.04766470863138622
2020-06-22,132.58,132.58,132.58,132.58,100,0.0,,132.56000000000003,,52.55322729322944,0.06271083864717752,0.10665153306346623,-0.0439406944162887
2020-06-23,132.57,132.57,132.57,132.57,120,0.0,,132.55400000000003,,52.01155145963089,0.05550952187633129,0.09642313082603925,-0.040913608949707955
2020-06-24,132.61,132.61,132.61,132.61,100,0.0,,132.58,,54.05166582894818,0.052425760624259965,0.0876236567856834,-0.035197896161423436
2020-06-25,132.72,132.72,132.72,132.72,100,0.0,,132.61100000000002,,59.18978386923111,0.05818719257064231,0.08173636394267518,-0.02354917137203287
2020-06-26,132.67,132.67,132.67,132.67,275,0.0,,132.63000000000002,,56.11794743700143,0.05804942908051203,0.07699897697024255,-0.018949547889730523
2020-06-27,132.67,132.67,132.655,132.655,200,0.0,,132.645,,55.1925302204242,0.056083381570260826,0.07281585789024621,-0.01673247631998538
2020-06-28,132.655,132.655,132.655,132.655,212,0.0,,132.66199999999998,,55.1925302204242,0.05390390410130408,0.06903346713245778,-0.015129563031153703
2020-06-29,132.68,132.68,132.68,132.68,100,0.0,,132.676,,56.57666100634404,0.05357634877262285,0.0659420434604908,-0.012365694687867954
2020-06-30,132.705,132.705,132.705,132.705,100,0.0,,132.673,,57.97470912445276,0.05470346241799007,0.06369432725199066,-0.008990864834000592
2020-07-01,133.04,133.04,133.04,133.04,200,0.0,,132.747,,71.30615248708776,0.08168677410688474,0.06729281662296947,0.014393957483915268
2020-07-02,133.11,133.11,133.11,133.11,100,0.0,,132.83800000000002,,73.21797582156691,0.10748068754850237,0.07533039080807605,0.032150296740426326
2020-07-03,133.05,133.05,133.05,133.05,102,0.0,,132.917,,68.9757544715261,0.12167841816460623,0.08459999627938208,0.037078421885224144
2020-07-04,133.01,133.01,133.01,133.01,190,0.0,,132.983,,66.22111040802446,0.128224464451705,0.09332488991384667,0.034899574537858316
2020-07-05,133.12,133.12,133.12,133.12,200,0.0,,133.06599999999997,,69.79370596241378,0.1406668145119454,0.10279327483346642,0.03787353967847898
2020-07-06,133.25,133.25,133.25,133.25,200,0.0,,133.108,,73.37735183924488,0.15918242422281992,0.11407110471133713,0.045111319511482784
2020-07-07,133.305,133.305,133.305,133.305,100,0.0,,133.147,,74.74262596090665,0.17626237571460024,0.12650935891198975,0.04975301680261049
2020-07-08,133.245,133.245,133.245,133.245,100,0.0,,133.186,,70.49542525327328,0.1828490912626819,0.13777730538212818,0.045071785880553716
2020-07-09,133.22,133.22,133.22,133.22,100,0.0,,133.228,,68.74261886403735,0.183931571065159,0.14700815851873433,0.03692341254642467
2020-07-10,133.445,133.465,133.445,133.465,373,0.0,,133.29700000000003,,75.23995341578743,0.20222774104072982,0.15805207502313345,0.04417566601759637
2020-07-11,133.47,133.47,133.47,133.47,128,0.0,,133.34100000000004,,75.35255465154015,0.21465661790429635,0.16937298359936603,0.04528363430493032
2020-07-12,133.44,133.44,133.44,133.44,300,0.0,,133.36800000000002,,73.20151843353956,0.2195549502856693,0.1794093769366267,0.04014557334904259
2020-07-13,133.44,133.44,133.44,133.44,100,0.0,,133.40700000000004,,73.20151843353956,0.22089062437038365,0.1877056264233781,0.03318499794700555
2020-07-14,133.335,133.335,133.335,133.335,100,0.0,,133.43000000000004,,65.60014682014231,0.21104375222171257,0.19237325158304502,0.018670500638667542
2020-07-15,133.33,133.33,133.33,133.33,191,0.0,,133.40300000000005,,65.25266227071329,0.2005250489459911,0.19400361105563427,0.006521437890356835
2020-07-16,133.26,133.26,133.26,133.26,102,0.0,,133.36100000000005,,60.426819761560495,0.1844146683288841,0.19208582251028425,-0.007671154181400158
2020-07-17,133.32,133.375,133.32,133.375,800,0.0,,133.34800000000004,,65.00567593694188,0.1788647727647401,0.18944161256117542,-0.010576839796435311
2020-07-18,133.725,133.725,133.725,133.725,145,0.0,,133.40500000000006,,74.62776964780858,0.2003984469208433,0.19163297943310903,0.008765467487734269
2020-07-19,133.64,133.64,133.52,133.52,499,0.0,,133.44200000000006,,63.59757818648856,0.1986325398132749,0.1930328915091422,0.005599648304132676
2020-07-20,133.52,133.52,133.52,133.52,100,0.0,,133.48000000000005,,63.59757818648856,0.19498537567133667,0.19342338834158113,0.001561987329755543
2020-07-21,133.645,133.72,133.645,133.72,300,0.0,,133.57200000000006,,68.81312604614737,0.205860271278965,0.19591076492905793,0.009949506349907072
2020-07-22,133.69,133.7,133.69,133.7,288,0.0,,133.63700000000003,,67.76750139360217,0.21043906104242183,0.19881642415173073,0.011622636890691096
2020-07-23,133.7,133.7,133.7,133.7,100,0.0,,133.63200000000003,,67.76750139360217,0.21162826600192375,0.20137879252176935,0.010249473480154397
2020-07-24,133.5,133.5,133.5,133.5,101,0.0,,133.62800000000004,,57.61427650145998,0.19419384520378458,0.1999418030581724,-0.005747957854387836
2020-07-25,133.57,133.57,133.57,133.57,100,0.0,,133.63800000000006,,59.8799470421332,0.18390540902058206,0.19673452425065435,-0.012829115230072297
2020-07-26,133.71,133.71,133.71,133.71,100,0.0,,133.63600000000005,,64.02211295229374,0.18491697145233843,0.19437101369099116,-0.009454042238652732
2020-07-27,133.73,133.73,133.73,133.73,100,0.0,,133.64200000000005,132.26362500000002,64.58464113146506,0.1851976318025379,0.19253633731330053,-0.0073387055107626276
