Date,Open,High,Low,Close,Volume,OpenInterest,Entry,5 day sma,200 day sma,rsi,macd,signal,histogram
2020-03-31,115.61,115.61,115.61,115.61,100,0.0,,,,,,,
2020-04-01,115.745,115.745,115.745,115.745,100,0.0,,,,,,,
2020-04-02,115.69,115.69,115.69,115.69,103,0.0,,,,,,,
2020-04-03,115.945,115.945,115.945,115.945,110,0.0,,,,,,,
2020-04-04,115.83,115.83,115.83,115.83,100,0.0,,115.76400000000001,,,,,
2020-04-05,115.79,115.79,115.79,115.79,100,0.0,,115.8,,,,,
2020-04-06,115.88,115.88,115.88,115.88,100,0.0,,115.827,,,,,
2020-04-07,115.815,115.815,115.815,115.815,100,0.0,,115.852,,,,,
2020-04-08,115.78,115.78,115.78,115.78,100,0.0,,115.819,,,,,
2020-04-09,115.72,115.72,115.72,115.72,202,0.0,,115.797,,,,,
2020-04-10,115.68,115.68,115.68,115.68,100,0.0,,115.775,,,,,
2020-04-11,115.755,115.755,115.755,115.755,100,0.0,,115.75,,,,,
2020-04-12,115.7,115.7,115.7,115.7,110,0.0,,115.727,,,,,
2020-04-13,115.73,115.73,115.73,115.73,100,0.0,,115.71700000000001,,,,,
2020-04-14,115.755,115.755,115.75,115.75,441,0.0,,115.723,,56.542056074766684,,,
2020-04-15,115.685,115.685,115.685,115.685,110,0.0,,115.72399999999998,,53.07017543859676,,,
2020-04-16,115.57,115.57,115.57,115.57,303,0.0,,115.68699999999997,,47.511617100371375,,,
2020-04-17,115.66,115.66,115.63,115.63,266,0.0,,115.67299999999996,,50.428898401209736,,,
2020-04-18,115.66,115.66,115.66,115.66,100,0.0,,115.65899999999995,,51.86932700647471,,,
2020-04-19,115.57,115.575,115.57,115.575,200,0.0,,115.62399999999995,,47.644952438897974,,,
2020-04-20,115.635,115.635,115.635,115.635,188,0.0,,115.61399999999995,,50.6973366265691,,,
2020-04-21,115.64,115.64,115.625,115.625,200,0.0,,115.62499999999996,,50.17231378354868,,,
2020-04-22,115.63,115.63,115.59,115.59,200,0.0,,115.61699999999996,,48.28744964764313,,,
2020-04-23,115.54,115.54,115.54,115.54,104,0.0,,115.59299999999996,,45.64908601984982,,,
2020-04-24,115.555,115.555,115.5,115.5,200,0.0,,115.57799999999995,,43.59683709832201,,,
2020-04-25,115.65,115.65,115.65,115.65,100,0.0,,115.58099999999995,,52.26371229859772,-0.07532420337884105,,
2020-04-26,115.9,115.9,115.9,115.9,100,0.0,,115.63599999999994,,62.58321903862258,-0.0474132696133438,,
2020-04-27,116.335,116.335,116.29,116.29,201,0.0,,115.77599999999993,,72.55180181161872,0.006105704358063235,,
2020-04-28,116.265,116.265,116.265,116.265,113,0.0,,115.92099999999994,,71.24153319150898,0.04597264175039584,,
2020-04-29,116.24,116.24,116.24,116.24,100,0.0,,116.06899999999993,,69.88239197502226,0.07468921501502734,,
2020-04-30,116.305,116.305,116.305,116.305,200,0.0,,116.19999999999993,,71.4096380254197,0.10152198079198627,,
2020-05-01,116.265,116.265,116.265,116.265,300,0.0,,116.27299999999994,,69.08785536499683,0.11819697414100006,,
2020-05-02,116.2,116.2,116.16,116.195,1200,0.0,,116.25399999999995,,65.09888323308317,0.12433040797122885,,
2020-05-03,116.175,116.175,116.175,116.175,200,0.0,,116.23599999999995,,63.96256030628407,0.12612349250521504,0.0526892159489702,0.07343427655624485
2020-05-04,116.145,116.22,116.145,116.21,604,0.0,,116.22999999999995,,65.11031227229839,0.12888304884944546,0.06792798252906525,0.06095506632038021
2020-05-05,116.195,116.205,116.195,116.205,411,0.0,,116.20999999999995,,64.79283856258114,0.12917748132599627,0.08017788228845145,0.04899959903754482
2020-05-06,116.17,116.19,116.17,116.19,400,0.0,,116.19499999999996,,63.7879849237209,0.12673947279535014,0.08949020038983119,0.03724927240551895
2020-05-07,116.165,116.165,116.165,116.165,300,0.0,,116.18899999999994,,62.060460370429425,0.12139072568108134,0.09587030544808123,0.025520420233000107
2020-05-08,116.15,116.17,116.15,116.17,610,0.0,,116.18799999999995,,62.28048239406727,0.11621560215075988,0.09993936478861697,0.016276237362142912
2020-05-09,116.2,116.2,116.18,116.18,505,0.0,,116.18199999999993,,62.74581538020956,0.11163434465944988,0.10227836076278356,0.009355983896666323
2020-05-10,116.13,116.17,116.13,116.17,400,0.0,,116.17499999999991,,61.92312717019625,0.10597513329548747,0.10301771526932434,0.0029574180261631305
2020-05-11,116.17,116.24,116.17,116.24,400,0.0,,116.1849999999999,,65.34812261704803,0.10591762999558796,0.10359769821457707,0.002319931781010892
2020-05-12,116.33,116.34,116.32,116.34,720,0.0,,116.21999999999991,,69.56046259996096,0.11264274701137822,0.10540670797393731,0.007236039037440911
2020-05-13,116.275,116.275,116.275,116.275,201,0.0,,116.24099999999991,,64.10552081355041,0.11144285012049693,0.10661393640324923,0.004828913717247696
2020-05-14,116.205,116.205,116.205,116.205,110,0.0,,116.24599999999991,,58.76125458025803,0.10364871038979118,0.10602089120055762,-0.0023721808107664416
2020-05-15,116.14,116.16,116.13,116.13,1105,0.0,,116.23799999999991,,53.60487536071635,0.09037810279006919,0.10289233351845994,-0.012514230728390752
2020-05-16,116.14,116.16,116.13,116.13,822,0.0,,116.21599999999992,,53.60487536071635,0.07895095321433132,0.09810405745763423,-0.01915310424330291
2020-05-17,116.21,116.21,116.21,116.21,100,0.0,,116.18999999999991,,58.14812687789103,0.07548009866680161,0.09357926569946771,-0.018099167032666105
2020-05-18,116.17,116.17,116.125,116.125,385,0.0,,116.15999999999993,,52.289176026724704,0.06511996933562614,0.0878874064266994,-0.02276743709107326
2020-05-19,116.11,116.12,116.09,116.12,309,0.0,,116.14299999999992,,51.95753486698149,0.055862090579466894,0.0814823432572529,-0.025620252677786004
2020-05-20,116.025,116.04,116.025,116.04,381,0.0,,116.12499999999991,,46.83875305988017,0.04159039536503428,0.07350395367880917,-0.03191355831377489
2020-05-21,116.35,116.35,116.35,116.35,100,0.0,,116.16899999999991,,62.327060946143156,0.0546642478851993,0.06973601252008721,-0.015071764634887908
2020-05-22,116.53,116.53,116.53,116.53,103,0.0,,116.2329999999999,,68.13269486693659,0.07864331469859565,0.0715174729557889,0.0071258417428067405
2020-05-23,116.49,116.495,116.4,116.4,307,0.0,,116.2879999999999,,60.84034730204041,0.08616374237635682,0.0744467268399025,0.011717015536454323
2020-05-24,116.38,116.38,116.38,116.38,121,0.0,,116.33999999999989,,59.780261711378124,0.08947845075775263,0.07745307162347252,0.012025379134280104
2020-05-25,116.41,116.41,116.37,116.37,330,0.0,,116.4059999999999,,59.224605579073966,0.09025802626160839,0.0800140625510997,0.010243963710508688
2020-05-26,116.385,116.39,116.385,116.39,306,0.0,,116.4139999999999,,60.02490496485223,0.09143566488985755,0.08229838301885127,0.009137281871006278
2020-05-27,116.3,116.4,116.3,116.33,904,0.0,,116.37399999999991,,56.44566477574468,0.0865299895713747,0.08314470432935596,0.00338528524201874
2020-05-28,115.57,115.57,115.57,115.57,101,0.0,,116.20799999999993,,31.126908235996282,0.021073634383711237,0.07073049034022702,-0.04965685595651578
2020-05-29,116.195,116.195,116.195,116.195,127,0.0,,116.17099999999994,,50.70807828553554,0.019407559699544663,0.060465904212090554,-0.04105834451254589
2020-05-30,115.87,115.87,115.87,115.87,101,0.0,,116.07099999999994,,43.74355822503963,-0.008044864166407706,0.046763750536390904,-0.05480861470279861
2020-05-31,115.8,115.8,115.8,115.8,118,0.0,,115.95299999999993,,42.39301735048746,-0.03504553968340929,0.030401892492430867,-0.06544743217584015
2020-06-01,115.795,115.795,115.63,115.71,802,0.0,,115.82899999999992,,40.655066637748135,-0.06298002289834415,0.011725509414275864,-0.07470553231262
2020-06-02,115.97,115.97,115.97,115.97,1114,0.0,,115.90899999999992,,47.36794771980909,-0.063407552221733,-0.0033011029129259087,-0.06010644930880709
2020-06-03,115.865,115.865,115.865,115.865,102,0.0,,115.84299999999993,,45.146919560176,-0.07139598628170063,-0.016920079586680854,-0.054475906695019775
2020-06-04,116.03,116.03,116.03,116.03,110,0.0,,115.87499999999993,,49.179540596144065,-0.06367870827989464,-0.02627180532532361,-0.037406902954571025
2020-06-05,116.075,116.075,116.075,116.075,209,0.0,,115.92999999999995,,50.253679886454236,-0.053316980976120476,-0.031680840455482986,-0.02163614052063749
2020-06-06,116.18,116.18,116.18,116.18,119,0.0,,116.02399999999993,,52.762504754838645,-0.03621514925977465,-0.03258770221634132,-0.0036274470434333253
2020-06-07,116.255,116.255,116.255,116.255,100,0.0,,116.08099999999993,,54.526605596394496,-0.0164206640203588,-0.029354294577144818,0.012933630556786018
2020-06-08,116.04,116.055,116.04,116.055,200,0.0,,116.11899999999991,,49.24515226920589,-0.016679450069020163,-0.026819325675519888,0.010139875606499725
2020-06-09,116.06,116.065,116.06,116.065,250,0.0,,116.12599999999993,,49.50849298062795,-0.01589440267045461,-0.024634341074506835,0.008739938404052225
2020-06-10,116.11,116.11,116.11,116.11,330,0.0,,116.13299999999992,,50.74692180169996,-0.01150846066107647,-0.022009164991820766,0.010500704330744296
2020-06-11,116.16,116.16,116.16,116.16,100,0.0,,116.1289999999999,,52.15124017227591,-0.003952426771562045,-0.018397817347769022,0.014445390576206977
2020-06-12,116.07,116.07,116.07,116.07,100,0.0,,116.0919999999999,,49.41980787553323,-0.005166902478961788,-0.015751634374007575,0.010584731895045787
2020-06-13,116.01,116.01,116.01,116.01,100,0.0,,116.0829999999999,,47.62883430698644,-0.01084585749212863,-0.014770478997631786,0.003924621505503156
2020-06-14,116.02,116.02,116.02,116.02,100,0.0,,116.07399999999988,,47.967287041391224,-0.014373860907085145,-0.01469115537952246,0.0003172944724373142
2020-06-15,115.88,115.88,115.88,115.88,100,0.0,,116.02799999999988,,43.70851354507722,-0.028142252632122222,-0.017381374830042415,-0.010760877802079807
2020-06-16,115.72,115.72,115.72,115.72,200,0.0,,115.9399999999999,,39.40281816184491,-0.05137227745790085,-0.024179555355614103,-0.027192722102286748
2020-06-17,115.57,115.57,115.57,115.57,100,0.0,,115.83999999999992,,35.83845084642192,-0.08095281226491124,-0.03553420673747354,-0.045418605527437705
2020-06-18,115.71,115.72,115.56,115.56,734,0.0,,115.74999999999991,,35.60719836771183,-0.10400362657507856,-0.04922809070499455,-0.054775535870084005
2020-06-19,115.49,115.49,115.49,115.49,100,0.0,,115.64399999999992,,33.95550260546645,-0.1264622004468805,-0.06467491265337175,-0.061787287793508755
2020-06-20,115.48,115.48,115.48,115.48,102,0.0,,115.56399999999992,,33.714899755895615,-0.14341450532708677,-0.08042283118811475,-0.06299167413897203
2020-06-21,115.55,115.55,115.55,115.55,126,0.0,,115.5299999999999,,37.076060124610905,-0.14947782675373844,-0.0942338303012395,-0.055243996452498945
2020-06-22,115.5,115.5,115.5,115.5,100,0.0,,115.51599999999989,,35.684168116598514,-0.15651344523040223,-0.10668975328707206,-0.04982369194333017
2020-06-23,115.5,115.5,115.5,115.5,100,0.0,,115.5039999999999,,35.684168116598514,-0.1602420529231665,-0.11740021321429095,-0.04284183970887556
2020-06-24,115.5,115.5,115.5,115.5,110,0.0,,115.5059999999999,,35.684168116598514,-0.16133720649528982,-0.1261876118704907,-0.03514959462479911
2020-06-25,115.375,115.375,115.375,115.375,150,0.0,,115.4849999999999,,31.94011117036723,-0.17032814212592484,-0.13501571792157754,-0.0353124242043473
2020-06-26,115.37,115.43,115.37,115.43,250,0.0,,115.46099999999993,,35.16357844862864,-0.17104379662714564,-0.14222133366269116,-0.02882246296445448
2020-06-27,115.32,115.32,115.32,115.32,110,0.0,,115.42499999999991,,31.908556866982778,-0.17843020631752893,-0.1494631081936587,-0.028967098123870216
2020-06-28,115.26,115.26,115.135,115.19,693,0.0,,115.36299999999991,,28.545502761153074,-0.19255425714256091,-0.15808133798343915,-0.03447291915912176
2020-06-29,115.325,115.325,115.325,115.325,300,0.0,,115.32799999999993,,36.07975602949898,-0.1906565276505745,-0.16459637591686624,-0.026060151733708264
2020-06-30,115.14,115.14,115.14,115.14,193,0.0,,115.28099999999992,,31.221435561367542,-0.20175481334601386,-0.17202806340269577,-0.029726749943318087
2020-07-01,115.1,115.1,115.1,115.1,100,0.0,,115.21499999999992,,30.272273117791073,-0.2113417344652646,-0.17989079761520954,-0.03145093685005507
2020-07-02,115.145,115.145,115.145,115.145,200,0.0,,115.17999999999992,,32.749250342642185,-0.21285465859614305,-0.18648356981139624,-0.02637108878474681
2020-07-03,115.215,115.23,115.215,115.23,210,0.0,,115.18799999999992,,37.28139721973017,-0.2048336771192396,-0.19015359127296494,-0.01468008584627467
2020-07-04,115.155,115.155,115.155,115.155,100,0.0,,115.15399999999991,,35.03767471718962,-0.20219805143655378,-0.1925624833056827,-0.009635568130871075
2020-07-05,115.11,115.11,115.11,115.11,100,0.0,,115.14799999999991,,33.72614074326064,-0.20141859483118196,-0.19433370561078256,-0.007084889220399404
2020-07-06,115.02,115.02,114.965,114.965,200,0.0,,115.12099999999991,,29.848978983567676,-0.21007949242148527,-0.1974828629729231,-0.012596629448562158
2020-07-07,114.905,114.905,114.905,114.905,100,0.0,,115.07299999999991,,28.39436625330812,-0.2192573524432646,-0.20183776086699143,-0.01741959157627318
2020-07-08,114.955,114.955,114.955,114.955,250,0.0,,115.01799999999992,,31.39476249848859,-0.21996072023875968,-0.2054623527413451,-0.014498367497414566
2020-07-09,114.93,114.94,114.93,114.94,200,0.0,,114.97499999999991,,30.975433638391166,-0.21920169819547652,-0.20821022183217142,-0.010991476363305108
2020-07-10,114.99,114.99,114.96,114.96,200,0.0,,114.94499999999991,,32.27432935850497,-0.2145135561593321,-0.20947088869760358,-0.005042667461728517
2020-07-11,115.09,115.09,115.09,115.09,100,0.0,,114.96999999999991,,40.15713816804998,-0.1980255411035614,-0.20718181917879516,0.009156278075233754
2020-07-12,115.13,115.29,115.13,115.29,710,0.0,,115.04699999999991,,49.83164557938325,-0.1668964633122414,-0.1991247480054844,0.032228284693243014
2020-07-13,115.34,115.34,115.31,115.34,405,0.0,,115.12399999999991,,51.924158249293306,-0.13661702671433318,-0.1866232037472542,0.05000617703292101
2020-07-14,115.465,115.465,115.43,115.43,686,0.0,,115.2219999999999,,55.520456871157634,-0.10415744502978441,-0.17013005200376025,0.06597260697397583
2020-07-15,115.37,115.37,115.345,115.345,200,0.0,,115.2989999999999,,51.59493821247228,-0.08431979618826801,-0.1529680008406618,0.0686482046523938
2020-07-16,115.46,115.51,115.46,115.51,300,0.0,,115.38299999999988,,57.828206100326305,-0.054654176199179005,-0.13330523591236526,0.07865105971318626
2020-07-17,115.36,115.36,115.36,115.36,205,0.0,,115.39699999999989,,51.353936885223696,-0.04275485368694376,-0.11519515946728097,0.07244030578033721
2020-07-18,115.4,115.4,115.4,115.4,301,0.0,,115.40899999999988,,52.86927169825895,-0.02975390466809813,-0.09810690850744441,0.06835300383934628
2020-07-19,115.465,115.465,115.465,115.465,100,0.0,,115.4159999999999,,55.30568645838844,-0.014043714927765905,-0.08129426979150872,0.06725055486374282
2020-07-20,115.28,115.28,115.28,115.28,205,0.0,,115.40299999999988,,47.74113974684355,-0.016332954134895772,-0.06830200666018613,0.051969052525290355
2020-07-21,115.185,115.31,115.185,115.305,500,0.0,,115.3619999999999,,48.76106001451198,-0.01594608509049067,-0.05783082234624704,0.04188473725575637
2020-07-22,115.295,115.295,115.28,115.28,400,0.0,,115.34599999999989,,47.75729808468259,-0.017455562789720602,-0.049755770434941754,0.03230020764522115
2020-07-23,115.33,115.33,115.21,115.22,600,0.0,,115.3099999999999,,45.34472605029592,-0.023225603006608253,-0.04444973694927505,0.021224133942666798
2020-07-24,115.27,115.275,115.25,115.25,517,0.0,,115.2669999999999,,46.79206948849617,-0.02508844815653788,-0.040577479190727614,0.015489031034189735
2020-07-25,115.15,115.15,115.15,115.15,110,0.0,,115.2409999999999,,42.730098274679946,-0.03423924195595873,-0.039309831743773845,0.005070589787815112
2020-07-26,115.17,115.17,115.17,115.17,100,0.0,,115.2139999999999,,43.78123822637221,-0.039423034910441856,-0.03933247237710745,-9.056253333440678e-05
2020-07-27,115.17,115.17,115.17,115.17,110,0.0,,115.1919999999999,,43.78123822637221,-0.04303514580170997,-0.04007300706202796,-0.002962138739682013
2020-07-28,115.19,115.19,115.19,115.19,100,0.0,,115.18599999999988,115.74016666666668,44.952994191643256,-0.04377927660483749,-0.04081426097058986,-0.002965015634247628
