Date,Open,High,Low,Close,Volume,OpenInterest,Entry,5 day sma,200 day sma,rsi,macd,signal,histogram
2020-03-31,229.66,229.66,229.66,229.66,100,0.0,,,,,,,
2020-04-01,229.41,229.41,229.41,229.41,100,0.0,,,,,,,
2020-04-02,229.4,229.4,229.15,229.15,300,0.0,,,,,,,
2020-04-03,229.23,229.23,229.23,229.23,162,0.0,,,,,,,
2020-04-04,229.1,229.1,229.1,229.1,199,0.0,,229.31,,,,,
2020-04-05,229.255,229.255,229.255,229.255,100,0.0,,229.22899999999996,,,,,
2020-04-06,229.16,229.16,229.16,229.16,100,0.0,,229.17899999999995,,,,,
2020-04-07,229.575,229.575,229.575,229.575,100,0.0,,229.26399999999995,,,,,
2020-04-08,229.7,229.7,229.7,229.7,100,0.0,,229.35799999999995,,,,,
2020-04-09,229.68,229.68,229.68,229.68,172,0.0,,229.474,,,,,
2020-04-10,229.57,229.57,229.57,229.57,199,0.0,,229.53699999999998,,,,,
2020-04-11,229.63,229.63,229.63,229.63,100,0.0,,229.631,,,,,
2020-04-12,229.34,229.34,229.34,229.34,193,0.0,,229.58399999999997,,,,,
2020-04-13,229.3,229.3,229.3,229.3,100,0.0,,229.50399999999996,,,,,
2020-04-14,228.85,228.85,228.84,228.84,200,0.0,,229.33599999999993,,33.534136546184556,,,
2020-04-15,228.92,228.92,228.92,228.92,100,0.0,,229.20599999999996,,35.75694237085641,,,
2020-04-16,229.19,229.19,229.19,229.19,100,0.0,,229.11799999999994,,42.71949046673073,,,
2020-04-17,229.09,229.09,229.09,229.09,100,0.0,,229.06799999999993,,40.94934137903432,,,
2020-04-18,228.92,228.92,228.92,228.92,110,0.0,,228.99199999999996,,38.06193291155456,,,
2020-04-19,229.0,229.0,229.0,229.0,101,0.0,,229.02399999999997,,40.19889236388203,,,
2020-04-20,229.15,229.15,229.15,229.15,100,0.0,,229.07,,44.09369435662364,,,
2020-04-21,228.48,228.48,228.48,228.48,202,0.0,,228.92799999999997,,33.57502641131906,,,
2020-04-22,228.4,228.4,228.4,228.4,100,0.0,,228.79000000000002,,32.57576582019405,,,
2020-04-23,228.35,228.35,228.35,228.35,100,0.0,,228.676,,31.936019375743925,,,
2020-04-24,228.56,228.56,228.56,228.56,101,0.0,,228.58799999999997,,37.488735889040704,,,
2020-04-25,228.62,228.62,228.62,228.62,100,0.0,,228.48199999999997,,39.019457039619375,-0.3470017419321323,,
2020-04-26,228.78,228.78,228.78,228.78,108,0.0,,228.54199999999997,,43.025983836674705,-0.3212302707867707,,
2020-04-27,228.965,228.965,228.965,228.965,100,0.0,,228.65499999999992,,47.33460710468404,-0.2826203686553299,,
2020-04-28,228.87,228.87,228.87,228.87,200,0.0,,228.75899999999993,,45.43447514071645,-0.2567280479694318,,
2020-04-29,228.87,228.87,228.87,228.87,100,0.0,,228.8209999999999,,45.43447514071645,-0.23351636597368497,,
2020-04-30,229.05,229.05,229.05,229.05,100,0.0,,228.90699999999987,,49.857592246285385,-0.19831044570952372,,
2020-05-01,229.03,229.03,228.97,228.97,214,0.0,,228.94499999999988,,47.995452142252255,-0.17484927803008077,,
2020-05-02,228.98,228.98,228.98,228.98,101,0.0,,228.94799999999992,,48.25561123505581,-0.15367771613841796,,
2020-05-03,229.095,229.095,229.09,229.09,218,0.0,,228.9919999999999,,51.15052073643584,-0.12656406831857225,-0.2327220337237716,0.10615796540519934
2020-05-04,229.02,229.02,229.02,229.02,100,0.0,,229.02199999999993,,49.261782002957425,-0.1094629018692217,-0.20807020735286164,0.09860730548363994
2020-05-05,229.025,229.025,228.985,228.985,300,0.0,,229.00899999999996,,48.30141686698126,-0.09760913440186414,-0.18597799276266214,0.088368858360798
2020-05-06,228.89,228.98,228.89,228.98,300,0.0,,229.01099999999997,,48.156981957914425,-0.08760850023907096,-0.1663040942579439,0.07869559401887294
2020-05-07,229.07,229.07,229.07,229.07,110,0.0,,229.02899999999994,,50.99743926421484,-0.0715953709065218,-0.14736234958765948,0.07576697868113769
2020-05-08,229.0,229.04,228.96,229.04,300,0.0,,229.01899999999995,,50.01376575838696,-0.06062673258722384,-0.13001522618757236,0.06938849360034852
2020-05-09,228.93,228.93,228.93,228.93,100,0.0,,229.00099999999998,,46.47404355996259,-0.060117095925818376,-0.11603560013522157,0.0559185042094032
2020-05-10,228.95,228.95,228.95,228.95,200,0.0,,228.99399999999997,,47.20566918307515,-0.05743727123751796,-0.10431593435568086,0.0468786631181629
2020-05-11,228.995,228.995,228.995,228.995,100,0.0,,228.99699999999993,,48.8981671258003,-0.05109339410293501,-0.0936714263051317,0.04257803220219669
2020-05-12,228.91,228.91,228.91,228.91,100,0.0,,228.96499999999997,,45.904605423808896,-0.052321485873846996,-0.08540143821887476,0.033079952345027766
2020-05-13,228.88,228.88,228.87,228.87,460,0.0,,228.93099999999995,,44.5232413508529,-0.05587829297786584,-0.07949680917067298,0.023618516192807137
2020-05-14,229.1,229.1,229.1,229.1,174,0.0,,228.96499999999992,,53.23702137473103,-0.0396805971991796,-0.0715335667763743,0.031852969577194704
2020-05-15,229.15,229.15,229.15,229.15,100,0.0,,229.00499999999994,,54.89561919564077,-0.02254929028200081,-0.06173671147749961,0.0391874211954988
2020-05-16,229.205,229.3,229.205,229.3,211,0.0,,229.0659999999999,,59.53274241290215,0.003095457761759235,-0.04877027762964784,0.051865735391407077
2020-05-17,229.18,229.18,229.18,229.18,102,0.0,,229.1199999999999,,54.6887589754538,0.013579571382820177,-0.03630030782715424,0.049879879209974415
2020-05-18,228.79,228.79,228.79,228.79,300,0.0,,229.1039999999999,,42.56651761852647,-0.009472243545246783,-0.03093469497077275,0.021462451425525966
2020-05-19,228.89,228.89,228.89,228.89,114,0.0,,229.0619999999999,,45.879123411117014,-0.01944762853395332,-0.028637281683408865,0.009189653149455544
2020-05-20,228.84,228.84,228.84,228.84,100,0.0,,228.99999999999986,,44.497175297176966,-0.031030079695653967,-0.029115841285857886,-0.0019142384097960811
2020-05-21,228.81,228.84,228.81,228.84,200,0.0,,228.90799999999984,,44.497175297176966,-0.039751030552309885,-0.031242879139148288,-0.008508151413161597
2020-05-22,229.215,229.215,229.215,229.215,100,0.0,,228.91499999999982,,56.020074134853125,-0.016216151245657784,-0.02823753356045019,0.012021382314792405
2020-05-23,229.16,229.16,229.16,229.16,199,0.0,,228.98899999999986,,54.24141083078662,-0.0019798081849273785,-0.022985988485345627,0.02100618030041825
2020-05-24,229.165,229.165,229.165,229.165,124,0.0,,229.04399999999987,,54.38320775379054,0.009595444163892353,-0.01646970195549803,0.026065146119390384
2020-05-25,229.13,229.13,229.13,229.13,100,0.0,,229.10199999999992,,53.14180359965763,0.015763001483776407,-0.010023161267643143,0.02578616275141955
2020-05-26,229.1,229.1,229.1,229.1,100,0.0,,229.1539999999999,,52.045157261780865,0.018022335549346735,-0.004414061904245168,0.022436397453591904
2020-05-27,229.12,229.13,229.12,229.13,201,0.0,,229.13699999999994,,53.087718421567324,0.0219802487283971,0.0008648002222832857,0.021115448506113816
2020-05-28,229.045,229.045,229.045,229.045,169,0.0,,229.11399999999995,,49.785154131305184,0.018050063911630332,0.004301852960152695,0.013748210951477637
2020-05-29,229.25,229.25,229.25,229.25,300,0.0,,229.13099999999994,,56.77007264910424,0.031118436902374924,0.009665169748597142,0.02145326715377778
2020-05-30,229.22,229.22,229.22,229.22,206,0.0,,229.14899999999997,,55.552253034640565,0.03860940221528608,0.015454016241934931,0.02315538597335115
2020-05-31,229.14,229.28,229.14,229.28,300,0.0,,229.185,,57.51521384957846,0.04882472373154201,0.022128157739856345,0.026696565991685663
2020-06-01,229.23,229.23,229.23,229.23,106,0.0,,229.205,,55.32257209926782,0.05228316966326929,0.028159160124538937,0.024124009538730354
2020-06-02,229.16,229.16,229.16,229.16,278,0.0,,229.228,,52.31560345999821,0.04881291311789937,0.032289910723211024,0.016523002394688346
2020-06-03,229.19,229.19,229.19,229.19,100,0.0,,229.21600000000004,,53.482548354303795,0.04793094103112594,0.03541811678479401,0.012512824246331933
2020-06-04,229.2,229.2,229.17,229.17,307,0.0,,229.20600000000005,,52.55909417019802,0.04509827411376932,0.037354148250589074,0.007744125863180247
2020-06-05,229.3,229.3,229.3,229.3,101,0.0,,229.21000000000004,,57.674744898125326,0.05273537810603557,0.04043039422167838,0.01230498388435719
2020-06-06,229.28,229.28,229.12,229.12,405,0.0,,229.18800000000002,,49.685726947525836,0.04375891681101507,0.04109609873954572,0.0026628180714693486
2020-06-07,229.24,229.27,229.24,229.26,608,0.0,,229.208,,54.91649649837495,0.04739549081850214,0.042355977155337,0.005039513663165136
2020-06-08,229.19,229.225,229.19,229.225,400,0.0,,229.21499999999997,,53.42124889984151,0.04691251614266889,0.04326728495280338,0.003645231189865511
2020-06-09,229.21,229.21,229.18,229.21,376,0.0,,229.22299999999996,,52.75825638857199,0.04480292041495204,0.043574412045233116,0.0012285083697189253
2020-06-10,229.13,229.13,229.06,229.06,742,0.0,,229.17499999999995,,46.53826911543008,0.030673716691950403,0.04099427297457657,-0.010320556282626167
2020-06-11,228.69,228.69,228.68,228.68,334,0.0,,229.087,,35.21239662468301,-0.011059120603192696,0.030583594259022722,-0.04164271486221542
2020-06-12,228.515,228.515,228.515,228.515,100,0.0,,228.93799999999996,,31.614618196182775,-0.05679215129762838,0.013108445147692502,-0.06990059644532089
2020-06-13,228.61,228.61,228.61,228.61,200,0.0,,228.81499999999997,,35.68888276630834,-0.08439732176998405,-0.006392708235842809,-0.07800461353414123
2020-06-14,228.1,228.1,228.1,228.1,239,0.0,,228.59299999999993,,26.54548097998449,-0.14574727217686245,-0.034263621024046745,-0.11148365115281571
2020-06-15,228.02,228.02,228.02,228.02,200,0.0,,228.38499999999993,,25.444272896395702,-0.19853430144516437,-0.06711775710827028,-0.1314165443368941
2020-06-16,228.05,228.05,228.05,228.05,201,0.0,,228.25899999999993,,26.672730732902934,-0.23523599900360637,-0.10074140548733751,-0.13449459351626886
2020-06-17,228.1,228.1,228.0,228.0,534,0.0,,228.15599999999995,,25.906565365188627,-0.265298742116272,-0.13365287281312443,-0.1316458693031476
2020-06-18,228.29,228.29,228.29,228.29,100,0.0,,228.09199999999993,,37.17800605068695,-0.26269492270748174,-0.1594612827919959,-0.10323363991548584
2020-06-19,228.51,228.51,228.43,228.43,471,0.0,,228.15799999999996,,41.78236312943108,-0.24649312775522958,-0.17686765178464264,-0.06962547597058694
2020-06-20,228.55,228.55,228.55,228.55,100,0.0,,228.26399999999995,,45.47145191806691,-0.22141772569571572,-0.18577766656685726,-0.03564005912885845
2020-06-21,228.43,228.43,228.43,228.43,100,0.0,,228.33999999999997,,42.56663642412449,-0.2088211260685,-0.19038635846718582,-0.018434767601314184
2020-06-22,228.54,228.54,228.54,228.54,100,0.0,,228.44799999999995,,45.973706210152926,-0.18779733859909697,-0.18986855449356804,0.002071215894471068
2020-06-23,228.585,228.585,228.585,228.585,100,0.0,,228.50699999999998,,47.34971749487549,-0.16559582603929357,-0.18501400880271315,0.019418182763419584
2020-06-24,228.52,228.52,228.52,228.52,100,0.0,,228.52499999999995,,45.54526449571299,-0.1514995318567003,-0.17831111341351058,0.026811581556810293
2020-06-25,228.04,228.04,228.04,228.04,190,0.0,,228.42299999999994,,34.95231892452077,-0.1770195346269361,-0.1780527976561957,0.0010332630292596012
2020-06-26,228.29,228.29,228.29,228.29,140,0.0,,228.39499999999992,,42.4587921657247,-0.1750535022147517,-0.17745293856790692,0.002399436353155232
2020-06-27,228.11,228.11,228.11,228.11,120,0.0,,228.3089999999999,,38.971646741785335,-0.18587722608305057,-0.17913779607093566,-0.006739430012114911
2020-06-28,228.155,228.23,228.155,228.23,408,0.0,,228.23799999999991,,42.3698222609585,-0.18266644306154944,-0.17984352546905844,-0.002822917592491009
2020-06-29,228.36,228.36,228.36,228.36,200,0.0,,228.20599999999996,,45.88523803782515,-0.16769883308103317,-0.1774145869914534,0.009715753910420233
2020-06-30,228.67,228.67,228.62,228.62,240,0.0,,228.32199999999995,,52.16939842302843,-0.13332023457115838,-0.1685957165073944,0.03527548193623603
2020-07-01,228.69,228.69,228.69,228.69,111,0.0,,228.40199999999996,,53.72738921817623,-0.09928207067230232,-0.154732987340376,0.05545091666807367
2020-07-02,228.73,228.73,228.73,228.73,117,0.0,,228.52599999999993,,54.63669585093129,-0.06829169074390506,-0.13744472802108182,0.06915303727717675
2020-07-03,228.73,228.88,228.73,228.88,404,0.0,,228.65599999999995,,57.97203974617954,-0.031267413697491975,-0.11620926515636386,0.08494185145887188
2020-07-04,228.45,228.45,228.45,228.45,144,0.0,,228.67399999999998,,47.2475404603437,-0.036205459730098255,-0.10020850407111075,0.06400304434101249
2020-07-05,228.57,228.57,228.57,228.57,107,0.0,,228.66399999999993,,50.02597547100389,-0.030089051810023193,-0.08618461361889324,0.05609556180887004
2020-07-06,228.46,228.46,228.46,228.46,100,0.0,,228.61799999999994,,47.55347755427836,-0.0337290279203728,-0.07569349647918915,0.041964468558816345
2020-07-07,228.31,228.31,228.31,228.31,199,0.0,,228.53399999999993,,44.33555370495399,-0.048162296634529866,-0.0701872565102573,0.022024959875727432
2020-07-08,228.46,228.58,228.46,228.58,300,0.0,,228.47399999999988,,50.79059181852941,-0.03738309352868896,-0.06362642391394363,0.02624333038525467
2020-07-09,228.705,228.705,228.705,228.705,100,0.0,,228.52499999999986,,53.480203931025,-0.01854032079870649,-0.054609203290896205,0.036068882492189716
2020-07-10,228.49,228.49,228.49,228.49,710,0.0,,228.50899999999987,,48.563597024212996,-0.020717176115169877,-0.047830797855750944,0.027113621740581066
2020-07-11,228.61,228.61,228.605,228.605,300,0.0,,228.53799999999987,,51.15048007908723,-0.013012807190847298,-0.04086719972277022,0.02785439253192292
2020-07-12,228.51,228.51,228.51,228.51,100,0.0,,228.5779999999999,,48.95990945128711,-0.014406674190951207,-0.035575094616406414,0.021168420425455206
2020-07-13,228.59,228.59,228.59,228.59,129,0.0,,228.57999999999987,,50.868101817922046,-0.008952790225919216,-0.030250633738308975,0.02129784351238976
2020-07-14,228.55,228.55,228.545,228.545,261,0.0,,228.54799999999992,,49.74158533420985,-0.0081675217037116,-0.025834011331389503,0.017666489627677903
2020-07-15,228.73,228.855,228.73,228.855,404,0.0,,228.62099999999992,,56.833629288373764,0.017270139066710044,-0.017213181251769592,0.034483320318479636
2020-07-16,229.0,229.0,229.0,229.0,400,0.0,,228.6999999999999,,59.69831406027372,0.04857007113395184,-0.004056530774625306,0.052626601908577146
2020-07-17,228.925,228.925,228.925,228.925,400,0.0,,228.7829999999999,,57.57014289188995,0.06655639886602671,0.010066055153505098,0.05649034371252161
2020-07-18,229.05,229.05,229.04,229.04,400,0.0,,228.8729999999999,,59.92897074319648,0.08906356277159944,0.025865556677123966,0.06319800609447547
2020-07-19,228.9,228.9,228.9,228.9,228,0.0,,228.9439999999999,,55.85776447112431,0.09451432010195049,0.03959530936208927,0.05491901073986122
2020-07-20,228.735,228.735,228.735,228.735,396,0.0,,228.9199999999999,,51.42381093033821,0.08454537704048448,0.04858532289776832,0.035960054142716164
2020-07-21,228.47,228.47,228.47,228.47,218,0.0,,228.8139999999999,,45.21590121395747,0.054631870345161815,0.049794632387247025,0.00483723795791479
2020-07-22,228.44,228.44,228.44,228.44,200,0.0,,228.71699999999993,,44.56007747133607,0.0281796144403188,0.04547162879786139,-0.017292014357542587
2020-07-23,228.28,228.28,228.28,228.28,208,0.0,,228.5649999999999,,41.13339464825158,-0.005629755450229368,0.03525135194824324,-0.04088110739847261
2020-07-24,228.72,228.72,228.72,228.72,384,0.0,,228.5289999999999,,52.052996801451144,0.003045293842916408,0.028810140327177877,-0.02576484648426147
2020-07-25,228.96,228.96,228.96,228.96,216,0.0,,228.5739999999999,,56.764128933701734,0.028952579826523106,0.028838628227046924,0.00011395159947618153
2020-07-26,228.3,228.3,228.3,228.3,388,0.0,,228.53999999999988,,43.969385300104776,-0.0037292055689590597,0.022325061467845728,-0.026054267036804787
2020-07-27,228.25,228.25,228.25,228.25,218,0.0,,228.50199999999987,,43.17541387574728,-0.03328069890653751,0.011203909392969079,-0.04448460829950659
2020-07-28,228.28,228.28,228.28,228.28,494,0.0,,228.50199999999987,228.85462500000003,43.83078718334396,-0.053661148684881255,-0.0017691022226009878,-0.05189204646228027
