Date,Open,High,Low,Close,Volume,OpenInterest,Entry,5 day sma,200 day sma,rsi,macd,signal,histogram
2020-03-31,328.57,328.57,328.57,328.57,134,0.0,,,,,,,
2020-04-01,328.685,328.745,328.56,328.56,1158,0.0,,,,,,,
2020-04-02,328.48,328.51,328.41,328.51,803,0.0,,,,,,,
2020-04-03,328.46,328.46,328.43,328.45,311,0.0,,,,,,,
2020-04-04,328.38,328.5,328.38,328.495,1132,0.0,,328.517,,,,,
2020-04-05,328.295,328.37,327.86,327.86,3601,0.0,,328.37500000000006,,,,,
2020-04-06,327.74,327.94,327.74,327.775,989,0.0,,328.218,,,,,
2020-04-07,327.74,327.8,327.7,327.75,1132,0.0,,328.06600000000003,,,,,
2020-04-08,327.635,327.635,327.62,327.62,417,0.0,,327.90000000000003,,,,,
2020-04-09,327.62,327.705,327.58,327.705,1023,0.0,,327.742,,,,,
2020-04-10,327.72,327.75,327.51,327.695,1677,0.0,,327.709,,,,,
2020-04-11,327.15,327.15,327.15,327.15,138,0.0,,327.584,,,,,
2020-04-12,327.37,327.62,327.37,327.62,200,0.0,,327.558,,,,,
2020-04-13,327.21,327.21,327.21,327.21,108,0.0,,327.476,,,,,
2020-04-14,326.99,326.99,326.99,326.99,100,0.0,,327.333,,21.582733812950224,,,
2020-04-15,327.11,327.11,327.11,327.11,100,0.0,,327.216,,25.066102591222233,,,
2020-04-16,327.03,327.03,326.97,327.0,300,0.0,,327.18600000000004,,24.01309379993036,,,
2020-04-17,326.83,326.86,326.83,326.86,213,0.0,,327.0340000000001,,22.705717954314807,,,
2020-04-18,326.865,326.865,326.865,326.865,114,0.0,,326.9650000000001,,22.867234825285067,,,
2020-04-19,326.89,326.89,326.89,326.89,110,0.0,,326.9450000000001,,23.72546695698503,,,
2020-04-20,326.75,326.75,326.41,326.41,418,0.0,,326.8050000000001,,19.28796804764778,,,
2020-04-21,326.68,326.68,326.68,326.68,100,0.0,,326.7410000000001,,27.50200575241375,,,
2020-04-22,326.72,326.72,326.72,326.72,100,0.0,,326.7130000000001,,28.66033070872541,,,
2020-04-23,326.775,326.93,326.775,326.93,204,0.0,,326.7260000000001,,34.570775707418505,,,
2020-04-24,326.78,327.19,326.78,327.19,526,0.0,,326.7860000000002,,41.079478046691996,,,
2020-04-25,327.14,327.14,327.14,327.14,117,0.0,,326.93200000000013,,40.25025265974932,-0.40684454390054725,,
2020-04-26,327.405,327.405,327.38,327.38,206,0.0,,327.07200000000006,,45.8957825775417,-0.35000586982249615,,
2020-04-27,327.175,327.175,327.175,327.175,100,0.0,,327.16300000000007,,42.225723600019606,-0.31783875058954436,,
2020-04-28,326.795,326.795,326.735,326.735,220,0.0,,327.124,,35.638490095702764,-0.32411421272223606,,
2020-04-29,326.595,326.595,326.39,326.39,411,0.0,,326.96400000000006,,31.490340444980717,-0.352858643592981,,
2020-04-30,326.25,326.26,326.06,326.06,610,0.0,,326.74800000000005,,28.118917448243764,-0.39768281429121544,,
2020-05-01,326.055,326.055,325.885,325.895,402,0.0,,326.451,,26.586250910018435,-0.4414318618263451,,
2020-05-02,325.89,326.04,325.89,326.03,641,0.0,,326.22200000000004,,29.95050356893421,-0.4599083878230772,,
2020-05-03,326.525,326.525,326.335,326.335,214,0.0,,326.142,,36.97732312326358,-0.44481269294504955,-0.3883886419459436,-0.05642405099910597
2020-05-04,326.57,326.57,326.57,326.57,100,0.0,,326.178,,41.81994559412116,-0.4091700523090367,-0.3925449240185622,-0.016625128290474467
2020-05-05,326.58,326.58,326.58,326.58,308,0.0,,326.282,,42.02409500211599,-0.37578427913490486,-0.3891927950418308,0.013408515906925933
2020-05-06,326.59,326.59,326.59,326.59,102,0.0,,326.42099999999994,,42.24235200382194,-0.34454717161514736,-0.38026367035649417,0.0357164987413468
2020-05-07,326.435,326.435,326.435,326.435,132,0.0,,326.50199999999995,,39.74478481845472,-0.3285118631980595,-0.3699133089248072,0.041401445726747754
2020-05-08,326.63,326.63,326.63,326.63,209,0.0,,326.561,,44.213529768029126,-0.2966493068804539,-0.3552605085159366,0.058611201635482724
2020-05-09,326.65,326.65,326.65,326.65,230,0.0,,326.577,,44.666799568225635,-0.266709705128676,-0.3375503478384845,0.0708406427098085
2020-05-10,327.15,327.325,327.15,327.25,407,0.0,,326.711,,56.171817517042044,-0.19235007748693533,-0.3085102937681746,0.11616021628123929
2020-05-11,327.19,327.19,327.12,327.16,302,0.0,,326.82500000000005,,54.34645685036001,-0.13907857346578112,-0.27462394970769594,0.13554537624191482
2020-05-12,327.345,327.345,327.345,327.345,142,0.0,,327.00700000000006,,57.410182635714605,-0.08099886434990822,-0.2358989326361384,0.15490006828623018
2020-05-13,327.53,327.53,327.53,327.53,102,0.0,,327.18700000000007,,60.280709210774226,-0.019813920007266006,-0.1926819301103639,0.1728680101030979
2020-05-14,327.74,327.77,327.74,327.77,435,0.0,,327.41100000000006,,63.69892500801689,0.04749410100197338,-0.14464672388789648,0.19214082488986986
2020-05-15,327.81,328.195,327.81,328.195,235,0.0,,327.6,,68.81671263747174,0.13359019608327571,-0.08899933989366204,0.22258953597693776
2020-05-16,328.15,328.185,328.15,328.185,261,0.0,,327.805,,68.5717478017465,0.19872428543669685,-0.03145461482759026,0.2301789002642871
2020-05-17,328.11,328.11,328.11,328.11,100,0.0,,327.958,,66.65532803859551,0.24150769691937057,0.02313784752180191,0.21836984939756865
2020-05-18,327.995,327.995,327.995,327.995,100,0.0,,328.05100000000004,,63.71491855801563,0.2631014501104687,0.07113056803953527,0.19197088207093344
2020-05-19,328.21,328.21,328.21,328.21,211,0.0,,328.13900000000007,,66.67477931843456,0.2941723228373121,0.11573891899909064,0.17843340383822145
2020-05-20,328.085,328.36,328.085,328.36,505,0.0,,328.1720000000001,,68.59928918000767,0.3271290200125918,0.15801693920179088,0.16911208081080092
2020-05-21,328.35,328.35,328.35,328.35,150,0.0,,328.2050000000001,,68.316043537214,0.3484241073149974,0.19609837282443218,0.15232573449056522
2020-05-22,328.025,328.025,328.025,328.025,125,0.0,,328.1880000000001,,59.68997223953353,0.3352117214998884,0.22392104255952344,0.11129067894036498
2020-05-23,328.08,328.08,328.08,328.08,100,0.0,,328.2050000000001,,60.59672047320326,0.32542752496101457,0.24422233903982168,0.08120518592119289
2020-05-24,327.955,327.955,327.955,327.955,102,0.0,,328.1540000000001,,57.43459436416815,0.3040817581575084,0.256194222863359,0.04788753529414935
2020-05-25,327.96,327.96,327.96,327.96,202,0.0,,328.07400000000007,,57.53006204373712,0.28429140800477626,0.26181365989164246,0.0224777481131338
2020-05-26,327.98,327.98,327.98,327.98,140,0.0,,328.0000000000001,,57.936458673895835,0.26714180138367283,0.2628792881900486,0.004262513193624251
2020-05-27,328.285,328.285,328.285,328.285,698,0.0,,328.05200000000013,,63.649113745691025,0.2749916332174962,0.2653017571955381,0.009689876021958088
2020-05-28,328.4,328.4,328.4,328.4,200,0.0,,328.11600000000016,,65.54895474894946,0.28718176775146276,0.26967775930672305,0.017504008444739705
2020-05-29,328.395,328.405,328.395,328.405,400,0.0,,328.2060000000002,,65.63305552851469,0.2938585766569304,0.2745139227767645,0.019344653880165874
2020-05-30,328.18,328.18,328.18,328.18,102,0.0,,328.25000000000017,,58.689881537337826,0.27779216110809557,0.27516957044303075,0.0026225906650648168
2020-05-31,328.065,328.215,328.065,328.215,220,0.0,,328.29700000000014,,59.40921959213894,0.2648308137567028,0.2731018191057652,-0.008271005349062388
2020-06-01,328.27,328.27,328.27,328.27,152,0.0,,328.29400000000015,,60.57112379691605,0.2560453614015614,0.26969052756492445,-0.013645166163363032
2020-06-02,328.085,328.085,328.08,328.08,200,0.0,,328.23000000000013,,54.7415645239752,0.23108758122128847,0.26196993829619725,-0.030882357074908773
2020-06-03,328.19,328.195,328.19,328.195,342,0.0,,328.1880000000001,,57.41318159389933,0.21807407730540262,0.2531907660980383,-0.035116688792635686
2020-06-04,328.215,328.215,328.215,328.215,110,0.0,,328.19500000000005,,57.87886586313813,0.20698857905449586,0.24395032868932984,-0.03696174963483398
2020-06-05,328.41,328.41,328.19,328.19,300,0.0,,328.1900000000001,,57.0392419227511,0.19395021342705832,0.23395030563687555,-0.040000092209817234
2020-06-06,328.29,328.29,328.29,328.29,126,0.0,,328.1940000000001,,59.56595903783423,0.18950191883658363,0.22506062827681717,-0.03555870944023354
2020-06-07,328.11,328.235,328.1,328.235,507,0.0,,328.2250000000001,,57.560755133687145,0.179469757333095,0.21594245408807275,-0.036472696754977746
2020-06-08,328.185,328.185,328.185,328.185,101,0.0,,328.22300000000007,,55.72423163312966,0.1655759583508143,0.20586915494062108,-0.04029319658980679
2020-06-09,328.43,328.52,328.43,328.52,246,0.0,,328.2840000000001,,64.00966738011164,0.17952724452305802,0.20060077285710848,-0.021073528334050462
2020-06-10,328.59,328.59,328.54,328.54,323,0.0,,328.3540000000001,,64.43753651288341,0.19000728645835352,0.1984820755773575,-0.008474789119003984
2020-06-11,328.595,328.595,328.595,328.595,100,0.0,,328.4150000000001,,65.64703868864046,0.20044028471011188,0.1988737174039084,0.0015665673062034702
2020-06-12,329.01,329.01,329.01,329.01,122,0.0,,328.57000000000005,,73.08534050763666,0.2394354795259801,0.20698606982832277,0.03244940969765733
2020-06-13,328.835,328.835,328.835,328.835,118,0.0,,328.7000000000001,,66.54226638648677,0.2532985469227924,0.21624856524721672,0.03704998167557569
2020-06-14,328.88,329.045,328.88,329.045,502,0.0,,328.8050000000001,,70.01177704405977,0.2780254681376846,0.2286039458253103,0.04942152231237429
2020-06-15,329.12,329.12,329.12,329.12,150,0.0,,328.9210000000001,,71.16195279526242,0.3002129366891495,0.24292574399807815,0.057287192691071354
2020-06-16,328.885,328.885,328.885,328.885,100,0.0,,328.9790000000001,,63.007463699305184,0.2954286122015901,0.25342631763878054,0.04200229456280957
2020-06-17,328.59,328.59,328.59,328.59,100,0.0,,328.8950000000001,,54.55602820004729,0.2647807384612406,0.2556972018032726,0.009083536657968017
2020-06-18,328.64,328.64,328.64,328.64,100,0.0,,328.85600000000005,,55.642059956880225,0.24174003124630872,0.25290576769187983,-0.011165736445571117
2020-06-19,328.51,328.51,328.51,328.51,106,0.0,,328.749,,52.15228353902361,0.21056295258796354,0.2444372046710966,-0.03387425208313305
2020-06-20,328.59,328.59,328.59,328.59,198,0.0,,328.64300000000003,,54.061699911613374,0.19011865503409808,0.23357349474369687,-0.04345483970959879
2020-06-21,328.61,328.61,328.61,328.61,100,0.0,,328.5880000000001,,54.55001246242833,0.1735298902265754,0.2215647738402726,-0.048034883613697205
2020-06-22,328.385,328.385,328.34,328.34,202,0.0,,328.53800000000007,,47.24825807804031,0.13701698457697375,0.20465521598761285,-0.0676382314106391
2020-06-23,328.33,328.33,328.33,328.33,100,0.0,,328.476,,46.9973430970587,0.10605083930079218,0.18493434065024875,-0.07888350134945657
2020-06-24,328.255,328.255,328.255,328.255,191,0.0,,328.42500000000007,,45.06439461991348,0.07459815181317708,0.1628671028828344,-0.08826895106965732
2020-06-25,327.94,328.115,327.94,328.115,206,0.0,,328.33000000000004,,41.623019536850464,0.03793752028519748,0.13788118636330704,-0.09994366607810956
2020-06-26,328.465,328.495,328.465,328.495,200,0.0,,328.3070000000001,,52.27608862363934,0.039095857175937,0.11812412052583304,-0.07902826334989604
2020-06-27,328.28,328.29,328.28,328.29,200,0.0,,328.2970000000001,,47.265045458332594,0.02320457289170008,0.09914021099900645,-0.07593563810730637
2020-06-28,328.245,328.245,328.245,328.245,100,0.0,,328.2800000000001,,46.21773119857655,0.006899953319873475,0.08069215946317985,-0.07379220614330638
2020-06-29,328.095,328.095,328.095,328.095,112,0.0,,328.24800000000016,,42.81232313423573,-0.017918765185925167,0.060969974533358846,-0.078888739719284
2020-06-30,328.21,328.21,328.21,328.21,100,0.0,,328.26700000000017,,46.091814675844596,-0.027985638486086373,0.043178851929469804,-0.07116449041555617
2020-07-01,328.195,328.195,328.195,328.195,101,0.0,,328.20700000000016,,45.723497807973324,-0.03675044647354753,0.027192992248866343,-0.06394343872241387
2020-07-02,328.145,328.145,328.145,328.145,100,0.0,,328.17800000000017,,44.448474594848705,-0.04718725676030999,0.012316942447031078,-0.05950419920734107
2020-07-03,328.14,328.14,328.14,328.14,190,0.0,,328.15700000000015,,44.315393019207555,-0.05522535875979884,-0.0011915177943349065,-0.05403384096546393
2020-07-04,328.15,328.35,328.15,328.35,309,0.0,,328.20800000000014,,50.9569852197231,-0.04414153145160071,-0.009781520525788068,-0.034360010925812645
2020-07-05,328.31,328.49,328.31,328.49,415,0.0,,328.2640000000001,,54.82533233902561,-0.023786492603903753,-0.012582514941411205,-0.011203977662492547
2020-07-06,328.47,328.47,328.47,328.47,108,0.0,,328.31900000000013,,54.16801088109,-0.00916318304956576,-0.011898648563042116,0.0027354655134763563
2020-07-07,328.59,328.7,328.59,328.64,497,0.0,,328.4180000000001,,58.700576830612704,0.015959503160161148,-0.006327018218401464,0.022286521378562612
2020-07-08,328.685,328.685,328.685,328.685,166,0.0,,328.52700000000016,,59.83296031558282,0.03905038833124763,0.002748463091528355,0.03630192523971928
2020-07-09,328.935,329.0,328.935,328.965,336,0.0,,328.6500000000001,,66.06739335265067,0.07903270134750073,0.01800531074272283,0.0610273906047779
2020-07-10,328.94,328.94,328.94,328.94,100,0.0,,328.7400000000001,,65.095883243627,0.10746291580358047,0.03589683175489436,0.07156608404868611
2020-07-11,329.035,329.035,329.035,329.035,200,0.0,,328.8530000000001,,67.07707642888795,0.13609099931414903,0.055935665266745295,0.08015533404740374
2020-07-12,329.08,329.08,329.08,329.08,100,0.0,,328.9410000000001,,68.00353450401064,0.16055925848269226,0.07686038390993469,0.08369887457275757
2020-07-13,328.84,328.84,328.84,328.84,106,0.0,,328.9720000000001,,58.54168554394558,0.1587545127203498,0.09323920967201771,0.06551530304833209
2020-07-14,328.945,328.945,328.86,328.86,200,0.0,,328.9510000000001,,59.052979045879205,0.15712681147948615,0.10601673003351139,0.05111008144597476
2020-07-15,329.105,329.105,329.105,329.105,100,0.0,,328.98400000000004,,64.78272257247127,0.17360508758451942,0.119534401543713,0.05407068604080642
2020-07-16,328.795,328.84,328.65,328.65,371,0.0,,328.90700000000004,,50.616986315329015,0.14824071601339028,0.12527566443764848,0.0229650515757418
2020-07-17,328.6,328.6,328.6,328.6,100,0.0,,328.81100000000004,,49.34018299666403,0.12269038824672407,0.1247586091994636,-0.0020682209527395357
2020-07-18,328.63,328.645,328.63,328.645,230,0.0,,328.77200000000005,,50.549188653861215,0.10486388770874555,0.12077966490132,-0.01591577719257445
2020-07-19,328.585,328.585,328.585,328.585,100,0.0,,328.7170000000001,,48.874364335125435,0.08491590138743277,0.11360691219854255,-0.02869101081110978
2020-07-20,328.595,328.595,328.595,328.595,101,0.0,,328.6150000000001,,49.17660450090967,0.06911715539342822,0.10470896083751968,-0.03559180544409146
2020-07-21,328.45,328.45,328.45,328.45,100,0.0,,328.5750000000001,,45.02058762073837,0.04438460904037811,0.09264409047809137,-0.04825948143771326
2020-07-22,328.45,328.45,328.45,328.45,100,0.0,,328.5450000000001,,45.02058762073837,0.02450145039858853,0.07901556246219081,-0.05451411206360228
2020-07-23,328.12,328.12,328.12,328.12,127,0.0,,328.44000000000005,,36.80960356669778,-0.017680528028961362,0.05967634436396038,-0.07735687239292174
2020-07-24,328.17,328.17,328.17,328.17,102,0.0,,328.3570000000001,,38.63576889994245,-0.046538995138575956,0.03843327646345312,-0.08497227160202908
2020-07-25,328.21,328.31,328.21,328.265,700,0.0,,328.29100000000005,,42.061807419321674,-0.061040198769887866,0.018538581416784924,-0.07957878018667279
2020-07-26,328.04,328.1,328.04,328.1,202,0.0,,328.22100000000006,,38.084657009684726,-0.08486831900785319,-0.0021427986681426987,-0.08272552033971049
2020-07-27,328.405,328.405,328.405,328.405,100,0.0,,328.21200000000005,,47.8927165930891,-0.07823942951898744,-0.01736212483831165,-0.06087730468067579
2020-07-28,328.4,328.4,328.4,328.4,100,0.0,,328.26800000000003,327.9504583333333,47.75915049038394,-0.07255309810153676,-0.02840031949095667,-0.04415277861058009
