Date,Open,High,Low,Close,Volume,OpenInterest,Entry,5 day sma,200 day sma,rsi,macd,signal,histogram
2020-03-30,37.49,37.49,37.49,37.49,100,0.0,,,,,,,
2020-03-31,37.47,37.47,37.47,37.47,210,0.0,,,,,,,
2020-04-01,37.49,37.49,37.49,37.49,178,0.0,,,,,,,
2020-04-02,37.48,37.48,37.48,37.48,346,0.0,,,,,,,
2020-04-03,37.49,37.515,37.49,37.515,400,0.0,,37.489,,,,,
2020-04-04,37.525,37.525,37.49,37.49,390,0.0,,37.489,,,,,
2020-04-05,37.455,37.455,37.455,37.455,161,0.0,,37.486,,,,,
2020-04-06,37.46,37.46,37.46,37.46,200,0.0,,37.48,,,,,
2020-04-07,37.475,37.475,37.475,37.475,400,0.0,,37.479,,,,,
2020-04-08,37.48,37.48,37.48,37.48,120,0.0,,37.471999999999994,,,,,
2020-04-09,37.51,37.51,37.51,37.51,300,0.0,,37.475999999999985,,,,,
2020-04-10,37.51,37.51,37.51,37.51,100,0.0,,37.48699999999999,,,,,
2020-04-11,37.5,37.5,37.5,37.5,100,0.0,,37.49499999999999,,,,,
2020-04-12,37.48,37.48,37.48,37.48,101,0.0,,37.49599999999999,,,,,
2020-04-13,37.445,37.45,37.445,37.45,701,0.0,,37.489999999999995,,42.30769230769283,,,
2020-04-14,37.45,37.45,37.445,37.445,200,0.0,,37.47699999999999,,41.44927536231897,,,
2020-04-15,37.46,37.46,37.46,37.46,200,0.0,,37.467,,45.0512659552208,,,
2020-04-16,37.39,37.39,37.39,37.39,100,0.0,,37.44499999999999,,34.41199975410386,,,
2020-04-17,37.41,37.41,37.41,37.41,100,0.0,,37.431,,38.85505652947825,,,
2020-04-18,37.4,37.4,37.4,37.4,200,0.0,,37.42099999999999,,37.48764171256114,,,
2020-04-19,37.385,37.39,37.385,37.385,625,0.0,,37.40899999999999,,35.47111702242064,,,
2020-04-20,37.39,37.4,37.39,37.39,300,0.0,,37.39499999999999,,36.69355484671864,,,
2020-04-21,37.37,37.37,37.37,37.37,100,0.0,,37.390999999999984,,33.92509411524304,,,
2020-04-22,37.34,37.34,37.34,37.34,100,0.0,,37.37699999999999,,30.239563371411762,,,
2020-04-23,37.315,37.32,37.31,37.31,700,0.0,,37.35899999999999,,27.072269729692096,,,
2020-04-24,37.3,37.3,37.3,37.3,100,0.0,,37.341999999999985,,26.091264399036987,-0.06256937046428135,,
2020-04-25,37.315,37.32,37.315,37.32,701,0.0,,37.32799999999999,,31.442068870810758,-0.06256198539613678,,
2020-04-26,37.315,37.315,37.315,37.315,800,0.0,,37.316999999999986,,30.840929110457964,-0.062242102674417765,,
2020-04-27,37.3,37.3,37.3,37.3,100,0.0,,37.30899999999998,,29.046742108245454,-0.062478751793591414,,
2020-04-28,37.295,37.295,37.295,37.295,201,0.0,,37.30599999999998,,28.45255268372901,-0.06235101247905561,,
2020-04-29,37.295,37.295,37.295,37.295,100,0.0,,37.304999999999986,,28.45255268372901,-0.06154037897075426,,
2020-04-30,37.305,37.305,37.305,37.305,600,0.0,,37.301999999999985,,31.69362049850369,-0.059406231589939296,,
2020-05-01,37.305,37.32,37.305,37.32,500,0.0,,37.30299999999998,,36.35119860511044,-0.05586060350992739,,
2020-05-02,37.33,37.33,37.325,37.325,200,0.0,,37.30799999999998,,37.87192199955365,-0.052047241298978975,-0.060117519797453646,0.008070278498474671
2020-05-03,37.325,37.325,37.325,37.325,201,0.0,,37.31399999999998,,37.87192199955365,-0.048466433398104414,-0.0577873025175838,0.009320869119479387
2020-05-04,37.325,37.325,37.325,37.325,100,0.0,,37.31999999999997,,37.87192199955365,-0.04510863309516111,-0.05525156863309927,0.010142935537938158
2020-05-05,37.315,37.325,37.315,37.325,300,0.0,,37.32399999999997,,37.87192199955365,-0.041963819375247624,-0.05259401878152894,0.010630199406281314
2020-05-06,37.345,37.345,37.345,37.345,200,0.0,,37.328999999999965,,44.94856614374364,-0.037426272222887746,-0.04956046946980071,0.012134197246912962
2020-05-07,37.365,37.365,37.365,37.365,720,0.0,,37.33699999999997,,50.96365705839111,-0.03184926209243599,-0.04601822799432777,0.014168965901891775
2020-05-08,37.365,37.365,37.365,37.365,700,0.0,,37.34499999999997,,50.96365705839111,-0.02711685515726714,-0.04223795342691564,0.015121098269648504
2020-05-09,37.365,37.365,37.355,37.355,335,0.0,,37.350999999999964,,47.927016906176945,-0.02389782573332866,-0.03856992788819825,0.014672102154869589
2020-05-10,37.365,37.365,37.365,37.365,300,0.0,,37.358999999999966,,51.06694538702484,-0.020305733441261964,-0.03491708899881099,0.014611355557549027
2020-05-11,37.375,37.39,37.375,37.39,300,0.0,,37.36799999999997,,57.9013428685239,-0.015265709754409329,-0.03098681314993066,0.01572110339552133
2020-05-12,37.39,37.395,37.39,37.395,465,0.0,,37.37399999999997,,59.130787169605,-0.010744144646430698,-0.02693827944923067,0.01619413480279997
2020-05-13,37.395,37.395,37.385,37.385,1000,0.0,,37.377999999999965,,55.63152668363093,-0.007876888283810501,-0.023126001216146636,0.015249112932336134
2020-05-14,37.38,37.38,37.375,37.375,533,0.0,,37.38199999999996,,52.29851632113504,-0.006338418047754146,-0.01976848458246814,0.013430066534713993
2020-05-15,37.375,37.375,37.375,37.375,911,0.0,,37.383999999999965,,52.29851632113503,-0.005060831189901194,-0.01682695390395475,0.011766122714053556
2020-05-16,37.385,37.385,37.385,37.385,200,0.0,,37.38299999999996,,55.397666574393426,-0.00320447873784957,-0.014102458870733716,0.010897980132884146
2020-05-17,37.4,37.41,37.4,37.41,225,0.0,,37.38599999999995,,62.03793018317084,0.0002807487244425033,-0.011225817351698473,0.011506566076140977
2020-05-18,37.405,37.405,37.405,37.405,300,0.0,,37.38999999999996,,60.110439347362856,0.00260928022652962,-0.008458797836052856,0.011068078062582476
2020-05-19,37.395,37.395,37.395,37.395,500,0.0,,37.39399999999996,,56.34020680217337,0.0036061720845523837,-0.006045803851931808,0.009651975936484192
2020-05-20,37.39,37.39,37.39,37.39,106,0.0,,37.396999999999956,,54.49957861763049,0.003947256337035299,-0.004047191814138386,0.007994448151173686
2020-05-21,37.365,37.365,37.365,37.365,400,0.0,,37.39299999999996,,46.346537815525124,0.002175202616477634,-0.0028027129280151822,0.004977915544492817
2020-05-22,37.36,37.36,37.36,37.36,100,0.0,,37.38299999999997,,44.89981380125213,0.00036319240673776676,-0.0021695318610645926,0.0025327242678023594
2020-05-23,37.365,37.365,37.365,37.365,100,0.0,,37.374999999999964,,46.69184963996317,-0.000661752257961723,-0.0018679759404440187,0.0012062236824822957
2020-05-24,37.365,37.365,37.365,37.365,400,0.0,,37.368999999999964,,46.691849639963166,-0.0014572302458759623,-0.0017858268015304075,0.0003285965556544452
2020-05-25,37.36,37.36,37.35,37.35,326,0.0,,37.36099999999997,,41.94540285955136,-0.00326044256978264,-0.0020807499551808543,-0.0011796926146017857
2020-05-26,37.35,37.35,37.35,37.35,100,0.0,,37.35799999999996,,41.94540285955136,-0.004636059717356034,-0.0025918119076158903,-0.0020442478097401433
2020-05-27,37.335,37.34,37.335,37.34,200,0.0,,37.353999999999964,,38.888857602504224,-0.006458710648161059,-0.003365191655724924,-0.003093518992436135
2020-05-28,37.335,37.35,37.335,37.35,401,0.0,,37.35099999999996,,43.33559494339965,-0.007015389176302733,-0.004095231159840486,-0.0029201580164622473
2020-05-29,37.355,37.355,37.355,37.355,400,0.0,,37.348999999999954,,45.47205554796466,-0.006972725468422425,-0.004670730021556874,-0.002301995446865551
2020-05-30,37.36,37.36,37.36,37.36,100,0.0,,37.35099999999996,,47.59971863033458,-0.006460977828709247,-0.005028779582987349,-0.0014321982457218977
2020-05-31,37.37,37.37,37.37,37.37,218,0.0,,37.35499999999996,,51.662147440366226,-0.005188685771059909,-0.005060760820601862,-0.00012792495045804708
2020-06-01,37.38,37.38,37.38,37.38,100,0.0,,37.36299999999996,,55.38691426731412,-0.0033350246344809875,-0.004715613583377687,0.0013805889488966994
2020-06-02,37.375,37.375,37.375,37.375,301,0.0,,37.36799999999996,,53.180344945707034,-0.00224358044332007,-0.004221206955366164,0.0019776265120460936
2020-06-03,37.345,37.345,37.33,37.33,207,0.0,,37.36299999999996,,38.36595895223052,-0.004952636071969607,-0.004367492778686853,-0.0005851432932827546
2020-06-04,37.35,37.365,37.35,37.365,579,0.0,,37.36399999999996,,50.026364706816594,-0.0042266524639700265,-0.004339324715743487,0.00011267225177346088
2020-06-05,37.36,37.36,37.355,37.355,400,0.0,,37.36099999999996,,47.27444296684366,-0.004407415705969697,-0.004352942913788729,-5.4472792180968246e-05
2020-06-06,37.355,37.355,37.355,37.355,159,0.0,,37.35599999999996,,47.27444296684366,-0.00449881236900751,-0.0043821168048324855,-0.0001166955641750244
2020-06-07,37.37,37.37,37.37,37.37,100,0.0,,37.35499999999996,,51.879431078084615,-0.0033225697275867105,-0.004170207389383331,0.0008476376617966202
2020-06-08,37.37,37.37,37.37,37.37,105,0.0,,37.362999999999964,,51.879431078084615,-0.0023631480600627697,-0.0038087955235192187,0.001445647463456449
2020-06-09,37.365,37.365,37.365,37.365,1225,0.0,,37.362999999999964,,50.18497935985465,-0.001983394354056145,-0.003443715289626604,0.001460320935570459
2020-06-10,37.365,37.37,37.365,37.37,400,0.0,,37.36599999999997,,51.877623807283,-0.0012644033381903341,-0.00300785289933935,0.001743449561149016
2020-06-11,37.39,37.39,37.39,37.39,100,0.0,,37.372999999999976,,58.021926524758186,0.0009087594615735384,-0.0022245304271567724,0.0031332898887303107
2020-06-12,37.405,37.405,37.405,37.405,100,0.0,,37.379999999999974,,61.946283991312455,0.0037976048521386474,-0.0010201033712976884,0.004817708223436336
2020-06-13,37.41,37.41,37.41,37.41,317,0.0,,37.38799999999997,,63.18186512857466,0.006416528108537989,0.0004672229246694471,0.005949305183868542
2020-06-14,37.39,37.39,37.39,37.39,137,0.0,,37.39299999999997,,55.429098881054045,0.006799826635827344,0.0017337436669010266,0.005066082968926317
2020-06-15,37.385,37.4,37.385,37.4,404,0.0,,37.39899999999997,,58.191480790537256,0.007820361645677565,0.002951067262656334,0.004869294383021231
2020-06-16,37.4,37.4,37.375,37.375,401,0.0,,37.39599999999997,,49.87006975736511,0.00653650318734833,0.0036681544475947337,0.0028683487397535967
2020-06-17,37.385,37.4,37.385,37.4,334,0.0,,37.39499999999997,,56.55987287386024,0.007450443105327054,0.004424612179141198,0.0030258309261858556
2020-06-18,37.43,37.44,37.43,37.43,468,0.0,,37.39899999999997,,62.94950908120889,0.010474749957239737,0.005634639734760906,0.004840110222478831
2020-06-19,37.435,37.44,37.435,37.44,500,0.0,,37.40899999999997,,64.80772353666177,0.013522571565360408,0.007212226100880807,0.006310345464479602
2020-06-20,37.46,37.46,37.455,37.46,512,0.0,,37.42099999999997,,68.23867916395119,0.017351804203450172,0.00924014172139468,0.008111662482055491
2020-06-21,37.47,37.47,37.47,37.47,200,0.0,,37.43999999999997,,69.82284527305728,0.020951894683967964,0.011582492313909338,0.009369402370058627
2020-06-22,37.44,37.44,37.44,37.44,510,0.0,,37.447999999999965,,60.132920640629145,0.021140547970027512,0.013494103445132972,0.00764644452489454
2020-06-23,37.435,37.435,37.435,37.435,100,0.0,,37.44899999999997,,58.67147293079903,0.020648574926681817,0.014924997741442743,0.005723577185239075
2020-06-24,37.44,37.46,37.44,37.46,1107,0.0,,37.45299999999997,,63.454078720199846,0.02202211656022257,0.016344421505198707,0.005677695055023864
2020-06-25,37.445,37.455,37.445,37.455,405,0.0,,37.45199999999997,,61.91096854490933,0.022448428477552795,0.017565222899669525,0.004883205577883271
2020-06-26,37.445,37.45,37.445,37.45,247,0.0,,37.44799999999997,,60.33094980513715,0.022127750595380746,0.01847772843881177,0.003650022156568976
2020-06-27,37.46,37.47,37.46,37.47,501,0.0,,37.45399999999997,,64.26005123249625,0.02321978073788955,0.019426138898627328,0.0037936418392622226
2020-06-28,37.46,37.47,37.455,37.47,317,0.0,,37.46099999999997,,64.26005123249625,0.023810747023468082,0.02030306052359548,0.003507686499872601
2020-06-29,37.475,37.475,37.475,37.475,619,0.0,,37.46399999999997,,65.257770810093,0.02440126765150552,0.021122701949177487,0.003278565702328033
2020-06-30,37.465,37.47,37.465,37.465,401,0.0,,37.46599999999997,,61.55656186848975,0.023788128341259096,0.02165578722759381,0.002132341113665285
2020-07-01,37.47,37.48,37.47,37.48,889,0.0,,37.471999999999966,,64.78311111359298,0.024233239954696728,0.022171277773014395,0.002061962181682333
2020-07-02,37.46,37.46,37.455,37.455,300,0.0,,37.468999999999966,,56.30165072830033,0.02231150985178232,0.02219932418876798,0.00011218566301433863
2020-07-03,37.445,37.445,37.445,37.445,200,0.0,,37.46399999999996,,53.295937005439946,0.019753897835514067,0.0217102389181172,-0.001956341082603133
2020-07-04,37.44,37.44,37.43,37.43,512,0.0,,37.45499999999997,,49.06466211558124,0.016328373915811767,0.020633865917656116,-0.004305492001844349
2020-07-05,37.455,37.47,37.455,37.465,307,0.0,,37.45499999999997,,57.53612203525942,0.016250503335811572,0.019757193401287208,-0.003506690065475635
2020-07-06,37.465,37.485,37.465,37.485,1108,0.0,,37.45599999999997,,61.47875228168169,0.017599744296369124,0.01932570358030359,-0.0017259592839344653
2020-07-07,37.485,37.485,37.48,37.48,729,0.0,,37.46099999999997,,59.97943529683167,0.01805741462961663,0.0190720457901662,-0.0010146311605495686
2020-07-08,37.47,37.47,37.455,37.455,575,0.0,,37.462999999999965,,53.0173247737086,0.01621590375532378,0.018500817383197716,-0.0022849136278739364
2020-07-09,37.455,37.49,37.455,37.485,569,0.0,,37.47399999999997,,59.14566190793455,0.0169814903494796,0.018196951976454094,-0.0012154616269744942
2020-07-10,37.485,37.49,37.485,37.49,300,0.0,,37.47899999999997,,60.080262425726325,0.0177866480474691,0.018114891190657095,-0.0003282431431879951
2020-07-11,37.495,37.51,37.495,37.505,552,0.0,,37.48299999999997,,62.827613859002916,0.01941135395846061,0.0183741837442178,0.001037170214242808
2020-07-12,37.515,37.515,37.515,37.515,100,0.0,,37.48999999999997,,64.57784321689883,0.02126078048179636,0.018951503091733515,0.002309277390062845
2020-07-13,37.545,37.545,37.545,37.545,100,0.0,,37.50799999999997,,69.25474791906252,0.02486063567265262,0.020133329607917336,0.004727306064735284
2020-07-14,37.545,37.56,37.545,37.555,1056,0.0,,37.52199999999997,,70.6460257264754,0.028195443748984417,0.021745752436130753,0.0064496913128536636
2020-07-15,37.55,37.555,37.55,37.55,400,0.0,,37.53399999999997,,68.96558608310477,0.030088009122195558,0.023414203773343713,0.006673805348851845
2020-07-16,37.56,37.56,37.55,37.55,321,0.0,,37.54299999999997,,68.96558608310477,0.03122790496590966,0.024976944011856905,0.006250960954052753
2020-07-17,37.55,37.55,37.55,37.55,218,0.0,,37.549999999999976,,68.96558608310477,0.0317651121942788,0.026334577648341285,0.005430534545937515
2020-07-18,37.54,37.54,37.54,37.54,137,0.0,,37.54899999999998,,65.09760585383486,0.03102628467012636,0.027272919052698304,0.0037533656174280547
2020-07-19,37.56,37.56,37.56,37.56,100,0.0,,37.549999999999976,,68.85938796781761,0.0316892968985556,0.028156194621869766,0.0035331022766858303
2020-07-20,37.58,37.58,37.58,37.58,110,0.0,,37.55599999999997,,72.09799673453563,0.033443060930530066,0.029213567883601826,0.00422949304692824
2020-07-21,37.61,37.61,37.61,37.61,100,0.0,,37.56799999999997,,76.11128278210182,0.036829137469197804,0.030736681800721023,0.006092455668476781
2020-07-22,37.6,37.6,37.6,37.6,400,0.0,,37.577999999999975,,72.37437005487494,0.03826462037021372,0.032242269514619566,0.006022350855594154
2020-07-23,37.6,37.6,37.6,37.6,400,0.0,,37.589999999999975,,72.37437005487494,0.038953222410953,0.033584460093886256,0.005368762317066747
2020-07-24,37.58,37.58,37.58,37.58,101,0.0,,37.59399999999997,,64.97477336449737,0.037453372472377566,0.03435824256958452,0.0030951299027930437
2020-07-25,37.595,37.595,37.595,37.595,100,0.0,,37.596999999999966,,67.64649118595023,0.03704803850371263,0.034896201756410145,0.002151836747302488
2020-07-26,37.59,37.61,37.59,37.61,600,0.0,,37.596999999999966,,70.10249618582694,0.03750485048264807,0.03541793150165773,0.0020869189809903377
2020-07-27,37.58,37.58,37.58,37.58,100,0.0,,37.59299999999997,37.42629166666666,60.25130016506757,0.03504218350907706,0.0353427819031416,-0.0003005983940645371
