Date,Open,High,Low,Close,Volume,OpenInterest,Entry,5 day sma,200 day sma,rsi,macd,signal,histogram
2020-03-31,10.455,10.455,10.45,10.45,511,0.0,,,,,,,
2020-04-01,10.445,10.485,10.445,10.48,1000,0.0,,,,,,,
2020-04-02,10.5,10.54,10.5,10.53,1975,0.0,,,,,,,
2020-04-03,10.55,10.56,10.55,10.555,809,0.0,,,,,,,
2020-04-04,10.55,10.56,10.55,10.56,375,0.0,,10.515,,,,,
2020-04-05,10.57,10.575,10.555,10.57,647,0.0,,10.539000000000001,,,,,
2020-04-06,10.57,10.58,10.56,10.58,626,0.0,,10.559000000000001,,,,,
2020-04-07,10.56,10.585,10.56,10.58,700,0.0,,10.568999999999999,,,,,
2020-04-08,10.58,10.58,10.555,10.57,1600,0.0,,10.572,,,,,
2020-04-09,10.58,10.58,10.58,10.58,182,0.0,,10.575999999999999,,,,,
2020-04-10,10.575,10.59,10.575,10.58,1010,0.0,,10.578,,,,,
2020-04-11,10.575,10.575,10.575,10.575,300,0.0,,10.576999999999998,,,,,
2020-04-12,10.57,10.57,10.56,10.56,300,0.0,,10.572999999999999,,,,,
2020-04-13,10.56,10.57,10.56,10.57,900,0.0,,10.572999999999999,,,,,
2020-04-14,10.58,10.58,10.57,10.57,1100,0.0,,10.571,,83.33333333333366,,,
2020-04-15,10.59,10.6,10.58,10.6,1025,0.0,,10.575,,85.86956521739154,,,
2020-04-16,10.61,10.65,10.61,10.65,839,0.0,,10.59,,88.9010507880913,,,
2020-04-17,10.64,10.655,10.625,10.655,1000,0.0,,10.609,,89.1516887221017,,,
2020-04-18,10.645,10.645,10.63,10.63,771,0.0,,10.621,,79.48644719077846,,,
2020-04-19,10.65,10.655,10.64,10.64,1310,0.0,,10.635000000000002,,80.401710354678,,,
2020-04-20,10.655,10.67,10.65,10.66,1342,0.0,,10.647000000000002,,82.11996722730107,,,
2020-04-21,10.64,10.645,10.64,10.64,910,0.0,,10.645000000000001,,75.03528854476059,,,
2020-04-22,10.62,10.62,10.61,10.62,1556,0.0,,10.638000000000002,,68.65650633698218,,,
2020-04-23,10.62,10.625,10.62,10.62,1629,0.0,,10.636,,68.65650633698218,,,
2020-04-24,10.615,10.62,10.6,10.605,720,0.0,,10.629,,63.92931786516709,,,
2020-04-25,10.61,10.61,10.59,10.59,710,0.0,,10.615,,59.516241917991174,0.025779391949456,,
2020-04-26,10.59,10.59,10.58,10.58,1801,0.0,,10.603,,56.705876313038985,0.021383789681534537,,
2020-04-27,10.57,10.585,10.57,10.57,991,0.0,,10.593,,53.9617864857188,0.016898531042206955,,
2020-04-28,10.56,10.56,10.56,10.56,137,0.0,,10.581000000000001,,51.28891280764913,0.01239414286561491,,
2020-04-29,10.575,10.585,10.575,10.58,700,0.0,,10.576000000000002,,55.98472006113741,0.01031926161198271,,
2020-04-30,10.56,10.56,10.56,10.56,343,0.0,,10.570000000000002,,50.719219266537465,0.00698060237780318,,
2020-05-01,10.56,10.56,10.56,10.56,222,0.0,,10.566000000000003,,50.719219266537465,0.004285292694296672,,
2020-05-02,10.56,10.56,10.555,10.555,510,0.0,,10.563000000000002,,49.37283927217735,0.00172588718506006,,
2020-05-03,10.55,10.55,10.54,10.545,1610,0.0,,10.560000000000002,,46.70259622368784,-0.0010967340792671365,0.010963351703187543,-0.012060085782454679
2020-05-04,10.54,10.545,10.53,10.545,1368,0.0,,10.553000000000003,,46.70259622368784,-0.003295691091725672,0.0081115431442049,-0.011407234235930572
2020-05-05,10.55,10.55,10.54,10.54,310,0.0,,10.549000000000003,,45.282453442137346,-0.005379823325515787,0.005413269850260763,-0.01079309317577655
2020-05-06,10.54,10.54,10.53,10.53,310,0.0,,10.543000000000003,,42.498997499999895,-0.0077491027300471416,0.002780795334199182,-0.010529898064246323
2020-05-07,10.52,10.53,10.51,10.53,1185,0.0,,10.538000000000002,,42.498997499999895,-0.009517066904765059,0.0003212228864063341,-0.009838289791171392
2020-05-08,10.52,10.55,10.52,10.55,1680,0.0,,10.539000000000001,,49.67434878839897,-0.009198325823364328,-0.0015826868555477984,-0.00761563896781653
2020-05-09,10.56,10.56,10.55,10.55,432,0.0,,10.540000000000001,,49.67434878839897,-0.008843775678979426,-0.003034904620234124,-0.005808871058745302
2020-05-10,10.55,10.56,10.55,10.555,1263,0.0,,10.543000000000001,,51.43158856694994,-0.008066350059543481,-0.004041193708095995,-0.004025156351447486
2020-05-11,10.545,10.55,10.545,10.55,1120,0.0,,10.547,,49.567678785017385,-0.007764192094921185,-0.004785793385461033,-0.0029783987094601522
2020-05-12,10.54,10.54,10.53,10.53,961,0.0,,10.547,,42.87441646749359,-0.009034419420700601,-0.005635518592508946,-0.003398900828191655
2020-05-13,10.53,10.53,10.51,10.51,1444,0.0,,10.538999999999998,,37.43117710834176,-0.011522097018724864,-0.006812834277752131,-0.004709262740972733
2020-05-14,10.51,10.515,10.51,10.515,400,0.0,,10.532,,39.49915247204301,-0.012940965826080841,-0.008038460587417874,-0.004902505238662968
2020-05-15,10.53,10.53,10.52,10.52,400,0.0,,10.524999999999999,,41.57858175289827,-0.013506279383683761,-0.009132024346671052,-0.004374255037012709
2020-05-16,10.505,10.505,10.505,10.505,220,0.0,,10.516,,37.42303958499798,-0.014991852348943624,-0.010303989947125567,-0.004687862401818057
2020-05-17,10.515,10.52,10.51,10.52,710,0.0,,10.514,,43.50385120687294,-0.014788334275014137,-0.01120085881270328,-0.003587475462310856
2020-05-18,10.51,10.525,10.505,10.52,1500,0.0,,10.515999999999998,,43.50385120687294,-0.014460354766663741,-0.011852758003495372,-0.002607596763168369
2020-05-19,10.53,10.53,10.52,10.52,633,0.0,,10.517,,43.50385120687294,-0.01403860039668281,-0.012289926482132861,-0.0017486739145499489
2020-05-20,10.53,10.55,10.53,10.55,1076,0.0,,10.523,,54.53883484594013,-0.01115501961796106,-0.012062945109298501,0.0009079254913374416
2020-05-21,10.55,10.55,10.53,10.53,1203,0.0,,10.527999999999999,,47.83136066830867,-0.010364122772889672,-0.011723180642016736,0.001359057869127064
2020-05-22,10.525,10.54,10.525,10.54,650,0.0,,10.532,,51.07154238539739,-0.008828643788598711,-0.011144273271333133,0.0023156294827344215
2020-05-23,10.55,10.56,10.545,10.56,1297,0.0,,10.540000000000001,,56.84464445090978,-0.005929580267702406,-0.010101334670606988,0.004171754402904583
2020-05-24,10.565,10.565,10.56,10.565,310,0.0,,10.549000000000001,,58.1733403203,-0.0031918002411579494,-0.00871942778471718,0.005527627543559231
2020-05-25,10.58,10.58,10.565,10.565,3501,0.0,,10.552000000000001,,58.17334032030001,-0.0010104420979555329,-0.007177630647364851,0.006167188549409318
2020-05-26,10.56,10.56,10.555,10.56,992,0.0,,10.558000000000002,,56.16772746179802,0.0003112537931357906,-0.005679853759264723,0.005991107552400513
2020-05-27,10.56,10.57,10.56,10.57,782,0.0,,10.564000000000002,,59.19759436853933,0.0021409442628730346,-0.004115694154837171,0.006256638417710206
2020-05-28,10.57,10.57,10.55,10.55,338,0.0,,10.562000000000001,,51.526230005605576,0.001954622616507251,-0.002901630800568287,0.004856253417075539
2020-05-29,10.545,10.545,10.53,10.53,1450,0.0,,10.555000000000001,,45.21599762441698,0.00019092762158834375,-0.002283119116136961,0.0024740467377253046
2020-05-30,10.53,10.53,10.48,10.48,3624,0.0,,10.538000000000002,,34.004219628920566,-0.005181664498323357,-0.0028628281925742404,-0.002318836305749117
2020-05-31,10.47,10.495,10.47,10.49,2166,0.0,,10.524000000000003,,37.35015137401393,-0.008534189213371235,-0.00399710039673364,-0.004537088816637595
2020-06-01,10.49,10.49,10.48,10.48,1548,0.0,,10.506000000000002,,35.416444876619295,-0.011861276221306838,-0.00556993556164828,-0.006291340659658558
2020-06-02,10.47,10.47,10.465,10.465,754,0.0,,10.489,,32.68308290322358,-0.015529378279133255,-0.007561824105145275,-0.007967554173987978
2020-06-03,10.48,10.49,10.48,10.49,400,0.0,,10.481000000000002,,40.87352931560873,-0.01623197244661334,-0.009295853773438889,-0.006936118673174452
2020-06-04,10.5,10.515,10.5,10.515,400,0.0,,10.488000000000003,,47.72330237497602,-0.01460315622516184,-0.010357314263783479,-0.004245841961378361
2020-06-05,10.52,10.52,10.515,10.515,400,0.0,,10.493000000000002,,47.72330237497602,-0.013160600425162983,-0.010917971496059381,-0.0022426289291036013
2020-06-06,10.51,10.51,10.5,10.51,3676,0.0,,10.499,,46.47445911814525,-0.01227927493598635,-0.011190232184044776,-0.0010890427519415751
2020-06-07,10.515,10.53,10.515,10.53,1600,0.0,,10.512,,51.89690402728827,-0.009853401405310436,-0.010922866028297909,0.0010694646229874732
2020-06-08,10.53,10.54,10.53,10.54,1384,0.0,,10.522,,54.38515930536027,-0.007042777967827263,-0.01014684841620378,0.003104070448376517
2020-06-09,10.55,10.55,10.53,10.53,5216,0.0,,10.525,,51.51541131724028,-0.005558183787828241,-0.009229115490528673,0.0036709317027004314
2020-06-10,10.52,10.52,10.52,10.52,972,0.0,,10.526,,48.74539919408485,-0.005129419871442664,-0.008409176366711471,0.003279756495268807
2020-06-11,10.5,10.5,10.5,10.5,1440,0.0,,10.524,,43.68597378073954,-0.006330480394257876,-0.007993437172220752,0.0016629567779628766
2020-06-12,10.49,10.505,10.49,10.505,826,0.0,,10.519,,45.21684719548874,-0.006800479602798504,-0.007754845658336303,0.0009543660555377991
2020-06-13,10.51,10.51,10.51,10.51,1040,0.0,,10.513,,46.77504535077647,-0.00669235385903022,-0.007542347298475086,0.0008499934394448662
2020-06-14,10.51,10.51,10.51,10.51,1000,0.0,,10.508999999999999,,46.77504535077647,-0.006531373816374142,-0.007340152602054898,0.0008087787856807561
2020-06-15,10.51,10.51,10.505,10.505,812,0.0,,10.506,,45.281342118723835,-0.00672967863974705,-0.007218057809593329,0.0004883791698462791
2020-06-16,10.49,10.495,10.49,10.495,826,0.0,,10.504999999999999,,42.367301595526776,-0.007606074969856991,-0.007295661241646062,-0.0003104137282109289
2020-06-17,10.5,10.5,10.5,10.5,240,0.0,,10.504,,44.29751597501448,-0.007807170955329568,-0.007397963184382763,-0.00040920777094680463
2020-06-18,10.5,10.5,10.5,10.5,514,0.0,,10.501999999999999,,44.29751597501448,-0.007875754180924233,-0.007493521383691058,-0.000382232797233175
2020-06-19,10.49,10.49,10.49,10.49,470,0.0,,10.498000000000001,,41.10433466993837,-0.008637456090651696,-0.007722308325083186,-0.0009151477655685103
2020-06-20,10.5,10.515,10.5,10.515,1024,0.0,,10.5,,50.67673243261924,-0.007141496548808135,-0.007606145969828176,0.000464649421020041
2020-06-21,10.51,10.51,10.505,10.51,1054,0.0,,10.503,,48.96270607598942,-0.006286924297519647,-0.00734230163536647,0.0010553773378468231
2020-06-22,10.49,10.49,10.49,10.49,830,0.0,,10.501000000000001,,42.736136767304124,-0.007141183367904702,-0.007302077981874117,0.0001608946139694152
2020-06-23,10.49,10.5,10.49,10.5,1672,0.0,,10.501000000000001,,46.40603475407573,-0.006931372857605922,-0.007227936957020478,0.0002965640994145565
2020-06-24,10.51,10.51,10.51,10.51,488,0.0,,10.504999999999999,,49.86613900718593,-0.005890280601869691,-0.006960405685990321,0.0010701250841206305
2020-06-25,10.48,10.5,10.48,10.5,400,0.0,,10.501999999999999,,46.624447551468485,-0.005805205123994739,-0.006729365573591205,0.0009241604495964662
2020-06-26,10.51,10.515,10.51,10.51,2250,0.0,,10.501999999999999,,50.11670121805411,-0.004874673565840482,-0.00635842717204106,0.0014837536062005784
2020-06-27,10.5,10.5,10.5,10.5,416,0.0,,10.504,,46.81787256970059,-0.004887793586480171,-0.006064300454928883,0.0011765068684487113
2020-06-28,10.495,10.495,10.475,10.475,1454,0.0,,10.498999999999999,,39.770006613381916,-0.006836673447818242,-0.006218775053506756,-0.0006178983943114866
2020-06-29,10.5,10.5,10.5,10.5,224,0.0,,10.497,,48.172212399651144,-0.006291360821256475,-0.0062332922070567,-5.80686141997749e-05
2020-06-30,10.51,10.51,10.51,10.51,760,0.0,,10.498999999999999,,51.11015836345841,-0.004994704366584557,-0.0059855746389622716,0.0009908702723777146
2020-07-01,10.52,10.52,10.52,10.52,294,0.0,,10.501000000000001,,53.92302887265449,-0.003124164929261042,-0.005413292697022026,0.0022891277677609843
2020-07-02,10.525,10.53,10.52,10.53,800,0.0,,10.507000000000001,,56.61141286686141,-0.0008253187612243806,-0.004495697909862497,0.0036703791486381162
2020-07-03,10.54,10.54,10.52,10.52,818,0.0,,10.516000000000002,,53.26460506486472,0.00018745608565673422,-0.003559067110758651,0.003746523196415385
2020-07-04,10.53,10.53,10.53,10.53,248,0.0,,10.522000000000002,,56.06198766196122,0.0017765251983341557,-0.0024919486489400895,0.004268473847274246
2020-07-05,10.53,10.55,10.53,10.55,1000,0.0,,10.530000000000003,,61.07960840437723,0.004596718660421217,-0.0010742151870678281,0.0056709338474890455
2020-07-06,10.545,10.545,10.545,10.545,486,0.0,,10.535000000000002,,59.257698496857905,0.0063550272855863454,0.00041163330746300656,0.005943393978123339
2020-07-07,10.545,10.545,10.54,10.54,1024,0.0,,10.537000000000003,,57.41341073479798,0.007261337151048153,0.001781574076180036,0.005479763074868117
2020-07-08,10.545,10.545,10.545,10.545,400,0.0,,10.542000000000002,,58.79450623578321,0.008287519100901974,0.0030827630811244237,0.005204756019777551
2020-07-09,10.56,10.56,10.56,10.56,200,0.0,,10.548000000000002,,62.702358686317005,0.010193644342514574,0.004504939333402454,0.0056887050091121195
2020-07-10,10.56,10.56,10.56,10.56,400,0.0,,10.550000000000002,,62.702358686317005,0.011570880422496543,0.005918127551221272,0.005652752871275271
2020-07-11,10.57,10.57,10.56,10.565,1400,0.0,,10.554000000000002,,64.02144983308892,0.012916910052991781,0.007317884051575374,0.005599026001416407
2020-07-12,10.55,10.555,10.54,10.54,1660,0.0,,10.554000000000002,,53.77985180352539,0.011829988423860627,0.008220304926032426,0.0036096834978282012
2020-07-13,10.54,10.54,10.53,10.53,1020,0.0,,10.551000000000002,,50.312762264940766,0.010045876168286227,0.008585419174483185,0.0014604569938030422
2020-07-14,10.53,10.53,10.53,10.53,448,0.0,,10.545000000000002,,50.31276226494078,0.008533584501744684,0.008575052239935486,-4.146773819080178e-05
2020-07-15,10.53,10.535,10.52,10.525,7080,0.0,,10.538,,48.49965508564448,0.00685263137836678,0.008230568067621746,-0.0013779366892549653
2020-07-16,10.52,10.52,10.52,10.52,402,0.0,,10.529000000000002,,46.68776004007875,0.005058692248901764,0.007596192903877749,-0.0025375006549759856
2020-07-17,10.56,10.57,10.56,10.57,1200,0.0,,10.535000000000002,,61.98301554016856,0.00758413945802161,0.007593782214706522,-9.642756684911588e-06
2020-07-18,10.58,10.58,10.575,10.575,400,0.0,,10.544000000000002,,63.122417424664455,0.009875197647982503,0.008050065301361719,0.0018251323466207843
2020-07-19,10.57,10.575,10.56,10.56,2530,0.0,,10.550000000000002,,57.54991936784088,0.01036106719683616,0.008512265680456607,0.0018488015163795526
2020-07-20,10.56,10.56,10.55,10.55,3840,0.0,,10.555000000000003,,54.119750411180306,0.009825938584718585,0.008775000261309004,0.0010509383234095816
2020-07-21,10.55,10.56,10.545,10.545,1300,0.0,,10.560000000000002,,52.43683626346105,0.008895841369131574,0.008799168482873519,9.667288625805556e-05
2020-07-22,10.55,10.55,10.55,10.55,200,0.0,,10.556000000000001,,53.97802598032926,0.008464616013680981,0.008732257989035012,-0.00026764197535403093
2020-07-23,10.565,10.57,10.56,10.56,1600,0.0,,10.553000000000003,,56.980410479284004,0.00882801932763222,0.008751410256754454,7.660907087776551e-05
2020-07-24,10.55,10.56,10.55,10.56,400,0.0,,10.553000000000003,,56.980410479284004,0.009012132814886442,0.008803554768380852,0.00020857804650559024
2020-07-25,10.55,10.55,10.54,10.54,600,0.0,,10.551000000000002,,49.49131418378795,0.007458237309856841,0.00853449127667605,-0.001076253966819209
2020-07-26,10.53,10.54,10.53,10.54,918,0.0,,10.55,,49.49131418378795,0.0061558036542361805,0.008058753752188078,-0.001902950097951897
2020-07-27,10.53,10.535,10.52,10.52,2692,0.0,,10.544000000000002,,42.94514426554952,0.0034697852214371494,0.007140960046037892,-0.003671174824600743
2020-07-28,10.52,10.52,10.52,10.52,600,0.0,,10.536000000000001,10.541999999999994,42.94514426554952,0.001325813113444596,0.005977930659519233,-0.004652117546074637
