Date,Open,High,Low,Close,Volume,OpenInterest,Entry,5 day sma,200 day sma,rsi,macd,signal,histogram
2020-03-31,5.6,5.6,5.6,5.6,100,0.0,,,,,,,
2020-04-01,5.6,5.6,5.6,5.6,100,0.0,,,,,,,
2020-04-02,5.6,5.6,5.6,5.6,375,0.0,,,,,,,
2020-04-03,5.605,5.605,5.605,5.605,200,0.0,,,,,,,
2020-04-04,5.61,5.61,5.61,5.61,100,0.0,,5.603,,,,,
2020-04-05,5.625,5.625,5.625,5.625,100,0.0,,5.608,,,,,
2020-04-06,5.63,5.63,5.63,5.63,100,0.0,,5.614,,,,,
2020-04-07,5.63,5.63,5.63,5.63,100,0.0,,5.62,,,,,
2020-04-08,5.62,5.62,5.62,5.62,140,0.0,,5.622999999999999,,,,,
2020-04-09,5.62,5.625,5.62,5.62,317,0.0,,5.625,,,,,
2020-04-10,5.63,5.63,5.63,5.63,100,0.0,,5.626,,,,,
2020-04-11,5.64,5.655,5.64,5.655,1970,0.0,,5.631000000000001,,,,,
2020-04-12,5.67,5.67,5.66,5.66,1083,0.0,,5.637000000000001,,,,,
2020-04-13,5.67,5.68,5.67,5.68,575,0.0,,5.649000000000002,,,,,
2020-04-14,5.69,5.69,5.67,5.675,2452,0.0,,5.660000000000002,,85.71428571428595,,,
2020-04-15,5.69,5.69,5.675,5.675,1600,0.0,,5.669000000000002,,85.71428571428595,,,
2020-04-16,5.68,5.68,5.675,5.675,492,0.0,,5.673000000000002,,85.71428571428595,,,
2020-04-17,5.68,5.68,5.68,5.68,100,0.0,,5.677000000000001,,86.51623330128292,,,
2020-04-18,5.675,5.675,5.675,5.675,200,0.0,,5.676000000000002,,81.58410610964474,,,
2020-04-19,5.675,5.69,5.675,5.685,2013,0.0,,5.678000000000003,,83.59804777273584,,,
2020-04-20,5.685,5.69,5.685,5.69,506,0.0,,5.681000000000003,,84.51017472559454,,,
2020-04-21,5.685,5.685,5.685,5.685,145,0.0,,5.683000000000002,,79.7349568319593,,,
2020-04-22,5.685,5.69,5.67,5.67,1268,0.0,,5.681000000000002,,67.42608917240423,,,
2020-04-23,5.67,5.675,5.67,5.67,919,0.0,,5.6800000000000015,,67.42608917240423,,,
2020-04-24,5.67,5.68,5.665,5.68,1242,0.0,,5.679000000000003,,70.89944101015679,,,
2020-04-25,5.675,5.68,5.675,5.68,474,0.0,,5.677000000000003,,70.89944101015679,0.022182875681454384,,
2020-04-26,5.67,5.67,5.67,5.67,200,0.0,,5.674000000000003,,63.09657695373558,0.020350226387484405,,
2020-04-27,5.67,5.67,5.67,5.67,535,0.0,,5.674000000000002,,63.09657695373557,0.01868247863423189,,
2020-04-28,5.67,5.675,5.67,5.675,1420,0.0,,5.675000000000002,,65.31043348688786,0.017561793316052565,,
2020-04-29,5.67,5.68,5.67,5.68,1061,0.0,,5.675000000000002,,67.41555802167412,0.0168824895104569,,
2020-04-30,5.68,5.68,5.67,5.675,2508,0.0,,5.674000000000001,,63.280036150372446,0.01575901798743562,,
2020-05-01,5.64,5.64,5.63,5.63,200,0.0,,5.666000000000001,,39.68489373983587,0.011109471717405839,,
2020-05-02,5.64,5.64,5.64,5.64,200,0.0,,5.660000000000001,,44.62610191174161,0.008137781942113342,,
2020-05-03,5.65,5.69,5.65,5.69,700,0.0,,5.663,,61.57592481290309,0.009705400700021904,0.01559683731962854,-0.005891436619606635
2020-05-04,5.67,5.67,5.65,5.65,275,0.0,,5.657000000000001,,48.72611911611175,0.007632105986703053,0.014003891053043444,-0.006371785066340391
2020-05-05,5.65,5.66,5.63,5.66,1183,0.0,,5.654000000000002,,51.45363344164882,0.006718475017728487,0.012546807845980452,-0.005828332828251966
2020-05-06,5.66,5.66,5.64,5.64,400,0.0,,5.656000000000001,,46.164400115312375,0.0043306618651968165,0.010903578649823727,-0.00657291678462691
2020-05-07,5.625,5.66,5.61,5.66,15826,0.0,,5.660000000000001,,51.53017905056237,0.0040059574081965366,0.00952405440149829,-0.0055180969933017535
2020-05-08,5.67,5.68,5.67,5.68,300,0.0,,5.658,,56.2284672888231,0.005301348988515642,0.00867951331890176,-0.003378164330386119
2020-05-09,5.645,5.645,5.645,5.645,300,0.0,,5.657000000000001,,47.543264343095274,0.0034638198963037325,0.007636374634382156,-0.004172554738078423
2020-05-10,5.645,5.645,5.645,5.645,100,0.0,,5.654000000000002,,47.54326434309527,0.001984686620112086,0.006506037031528142,-0.004521350411416056
2020-05-11,5.65,5.65,5.63,5.635,500,0.0,,5.653000000000001,,45.2283456062669,5.48320862137075e-06,0.005205926266946788,-0.005200443058325417
2020-05-12,5.6,5.61,5.6,5.61,206,0.0,,5.643000000000002,,39.98649346931845,-0.0035395392158639183,0.0034568331703846472,-0.006996372386248565
2020-05-13,5.62,5.62,5.62,5.62,200,0.0,,5.631000000000002,,42.84020081445779,-0.005478921010364957,0.0016696823342347267,-0.007148603344599684
2020-05-14,5.61,5.61,5.6,5.6,200,0.0,,5.622000000000002,,38.86022510751599,-0.008531383430439021,-0.0003705308187000227,-0.008160852611739
2020-05-15,5.61,5.61,5.61,5.61,200,0.0,,5.615000000000003,,41.77300704747484,-0.010027969276021231,-0.0023020185101642644,-0.007725950765856967
2020-05-16,5.61,5.62,5.61,5.62,301,0.0,,5.612000000000004,,44.61461400809498,-0.010288508394056706,-0.003899316486942753,-0.006389191907113952
2020-05-17,5.61,5.61,5.59,5.59,5379,0.0,,5.608000000000004,,38.53832504143227,-0.012768548917941658,-0.005673162973142534,-0.0070953859447991235
2020-05-18,5.58,5.59,5.58,5.59,228,0.0,,5.602000000000005,,38.53832504143227,-0.014566090081465255,-0.007451748394807079,-0.007114341686658176
2020-05-19,5.59,5.59,5.59,5.59,1033,0.0,,5.600000000000004,,38.53832504143227,-0.0158084247243222,-0.009123083660710104,-0.006685341063612097
2020-05-20,5.6,5.6,5.6,5.6,102,0.0,,5.598000000000004,,41.83629099282045,-0.015803890045942737,-0.01045924493775663,-0.005344645108186106
2020-05-21,5.6,5.6,5.58,5.58,904,0.0,,5.590000000000004,,37.50206423916233,-0.01721567751962283,-0.011810531454129872,-0.005405146065492958
2020-05-22,5.58,5.58,5.58,5.58,2200,0.0,,5.5880000000000045,,37.50206423916233,-0.01812558875946202,-0.013073542915196301,-0.005052045844265718
2020-05-23,5.605,5.605,5.58,5.58,2191,0.0,,5.586000000000005,,37.50206423916232,-0.018631922764925868,-0.014185218885142216,-0.004446703879783652
2020-05-24,5.6,5.61,5.6,5.61,3487,0.0,,5.590000000000005,,47.66062720139512,-0.016423131199236884,-0.01463280134796115,-0.0017903298512757342
2020-05-25,5.62,5.62,5.62,5.62,170,0.0,,5.594000000000006,,50.54618533968977,-0.013707717508747663,-0.014447784580118455,0.0007400670713707917
2020-05-26,5.62,5.62,5.62,5.62,101,0.0,,5.602000000000006,,50.54618533968977,-0.011424043335187761,-0.013843036331132317,0.002418992995944556
2020-05-27,5.625,5.625,5.625,5.625,100,0.0,,5.611000000000006,,52.0782372158033,-0.00910579099595843,-0.01289558726409754,0.0037897962681391114
2020-05-28,5.635,5.635,5.635,5.635,100,0.0,,5.622000000000005,,55.075802698015714,-0.006388005932505436,-0.01159407099777912,0.005206065065273683
2020-05-29,5.645,5.655,5.645,5.655,500,0.0,,5.631000000000006,,60.409642810671066,-0.002590447766751325,-0.00979334635157356,0.007202898584822235
2020-05-30,5.62,5.625,5.62,5.62,906,0.0,,5.631000000000006,,49.36396367539077,-0.002377654927293804,-0.00831020806671761,0.005932553139423806
2020-05-31,5.635,5.645,5.635,5.645,200,0.0,,5.636000000000005,,55.60777430770254,-0.00018953911373298382,-0.0066860742761206855,0.006496535162387702
2020-06-01,5.63,5.63,5.61,5.61,300,0.0,,5.633000000000005,,46.89038336900738,-0.0012650661644908467,-0.005601872653794718,0.004336806489303871
2020-06-02,5.635,5.635,5.635,5.635,100,0.0,,5.633000000000005,,52.60562337571615,-9.89968605038527e-05,-0.004501297495136545,0.004402300634632692
2020-06-03,5.66,5.66,5.66,5.66,817,0.0,,5.634000000000006,,57.52773452689395,0.002810020364678145,-0.0030390339231736074,0.005849054287851752
2020-06-04,5.665,5.665,5.665,5.665,100,0.0,,5.643000000000006,,58.456994421949936,0.005456002289083273,-0.0013400266807222316,0.006796028969805504
2020-06-05,5.685,5.685,5.68,5.68,200,0.0,,5.650000000000005,,61.19966224616371,0.008663469582686822,0.0006606725719595793,0.008002797010727243
2020-06-06,5.67,5.67,5.67,5.67,100,0.0,,5.662000000000004,,58.43013518455851,0.010279992737702415,0.0025845366051081464,0.007695456132594269
2020-06-07,5.695,5.71,5.695,5.71,575,0.0,,5.677000000000005,,65.21175948616931,0.014620231759577607,0.0049916756360020385,0.009628556123575568
2020-06-08,5.725,5.725,5.725,5.725,399,0.0,,5.690000000000006,,67.36203513126247,0.01905067279655004,0.0078034750681116385,0.0112471977284384
2020-06-09,5.725,5.725,5.725,5.725,100,0.0,,5.702000000000005,,67.36203513126247,0.022304714374844714,0.010703722929458254,0.01160099144538646
2020-06-10,5.76,5.76,5.76,5.76,285,0.0,,5.718000000000005,,72.03896693274314,0.027392015162683414,0.014041381376103286,0.013350633786580128
2020-06-11,5.755,5.755,5.755,5.755,100,0.0,,5.735000000000005,,70.48507162501019,0.030666772017398536,0.017366459504362337,0.013300312513036198
2020-06-12,5.74,5.74,5.74,5.74,367,0.0,,5.741000000000005,,65.893090499587,0.031686404629868825,0.020230448529463638,0.011455956100405187
2020-06-13,5.735,5.735,5.735,5.735,200,0.0,,5.743000000000005,,64.38729309292303,0.031725303062659194,0.022529419436102753,0.00919588362655644
2020-06-14,5.735,5.735,5.73,5.73,559,0.0,,5.744000000000004,,62.84078237405291,0.03099537672866326,0.024222610894614856,0.006772765834048403
2020-06-15,5.72,5.72,5.72,5.72,100,0.0,,5.736000000000004,,59.74975010162839,0.02927255265811013,0.025232599247313914,0.004039953410796215
2020-06-16,5.715,5.715,5.715,5.715,100,0.0,,5.728000000000005,,58.20805071549183,0.027190310977101895,0.02562414159327151,0.0015661693838303833
2020-06-17,5.7,5.7,5.695,5.695,200,0.0,,5.719000000000004,,52.38542646570932,0.02365362235548929,0.025230037745715066,-0.0015764153902257765
2020-06-18,5.695,5.695,5.675,5.675,200,0.0,,5.707000000000003,,47.29096196174406,0.01901771392140006,0.02398757298085207,-0.004969859059452009
2020-06-19,5.675,5.675,5.675,5.675,300,0.0,,5.696000000000003,,47.29096196174406,0.015168865844306545,0.022223831553542968,-0.007054965709236423
2020-06-20,5.685,5.685,5.675,5.675,205,0.0,,5.687000000000003,,47.29096196174405,0.011980522013598893,0.02017516964555415,-0.008194647631955258
2020-06-21,5.66,5.66,5.66,5.66,100,0.0,,5.676000000000003,,43.342588577380596,0.00814942047086653,0.017770019810616627,-0.009620599339750097
2020-06-22,5.685,5.685,5.685,5.685,265,0.0,,5.674000000000002,,50.726506423431346,0.007049276293844997,0.015625871107262303,-0.008576594813417306
2020-06-23,5.68,5.68,5.68,5.68,100,0.0,,5.6750000000000025,,49.34148335109818,0.005708145940976905,0.013642326074005224,-0.007934180133028318
2020-06-24,5.685,5.685,5.685,5.685,100,0.0,,5.677000000000001,,50.78849939540298,0.004991213089686752,0.01191210347714153,-0.006920890387454777
2020-06-25,5.665,5.665,5.66,5.66,200,0.0,,5.674000000000001,,44.018200401949,0.002378331646771592,0.010005349111067543,-0.0076270174642959505
2020-06-26,5.65,5.65,5.65,5.65,100,0.0,,5.672000000000002,,41.62780026947347,-0.0004936219811160214,0.007905554892630829,-0.00839917687374685
2020-06-27,5.695,5.695,5.695,5.695,105,0.0,,5.674000000000001,,53.7890989491748,0.0008516408116348018,0.006494772076431623,-0.005643131264796822
2020-06-28,5.725,5.725,5.725,5.725,100,0.0,,5.683000000000002,,59.80185196142815,0.004289078716933403,0.00605363340453198,-0.0017645546875985768
2020-06-29,5.735,5.735,5.735,5.735,400,0.0,,5.693000000000001,,61.5956469641108,0.007731070480719637,0.006389120819769512,0.0013419496609501256
2020-06-30,5.725,5.725,5.725,5.725,168,0.0,,5.706000000000001,,58.77130808215301,0.009541963509548168,0.0070196893577252435,0.0025222741518229246
2020-07-01,5.725,5.725,5.71,5.71,268,0.0,,5.718000000000001,,54.71831865868425,0.009655432822623489,0.0075468380507048936,0.002108594771918595
2020-07-02,5.685,5.685,5.685,5.685,200,0.0,,5.716000000000001,,48.69139409609391,0.007639997864803405,0.007565470013524596,7.452785127880918e-05
2020-07-03,5.7,5.705,5.7,5.705,2200,0.0,,5.712000000000001,,53.13827924969738,0.007569329474889308,0.007566241905797538,3.087569091769944e-06
2020-07-04,5.7,5.7,5.68,5.69,970,0.0,,5.703,,49.661841441614385,0.006231121141198059,0.007299217752877642,-0.001068096611679583
2020-07-05,5.68,5.68,5.68,5.68,200,0.0,,5.694,,47.43387322754968,0.004313936593248968,0.006702161520951907,-0.002388224927702939
2020-07-06,5.7,5.7,5.7,5.7,550,0.0,,5.692,,52.06565070745473,0.004358148852340982,0.006233358987229723,-0.0018752101348887412
2020-07-07,5.73,5.73,5.725,5.725,470,0.0,,5.700000000000001,,57.148449789495004,0.006337424566986272,0.006254172103181034,8.325246380523794e-05
2020-07-08,5.73,5.73,5.73,5.73,200,0.0,,5.705000000000001,,58.10526965824876,0.008214778194506778,0.006646293321446183,0.0015684848730605945
2020-07-09,5.715,5.715,5.715,5.715,200,0.0,,5.710000000000002,,54.19565415553685,0.008395442396189168,0.006996123136394781,0.001399319259794387
2020-07-10,5.72,5.72,5.72,5.72,750,0.0,,5.718000000000002,,55.27590233465799,0.008840174264785894,0.007364933362073004,0.0014752409027128897
2020-07-11,5.75,5.76,5.75,5.76,518,0.0,,5.730000000000002,,62.82857609798407,0.012278751378190123,0.008347696965296428,0.003931054412893695
2020-07-12,5.78,5.78,5.78,5.78,208,0.0,,5.741000000000001,,65.92689121610277,0.01642830608096446,0.009963818788430036,0.006464487292534425
2020-07-13,5.785,5.785,5.785,5.785,200,0.0,,5.752000000000002,,66.6747414066055,0.01989102493833972,0.011949260018411973,0.007941764919927746
2020-07-14,5.785,5.785,5.785,5.785,216,0.0,,5.766000000000002,,66.6747414066055,0.022377302961203327,0.014034868606970244,0.008342434354233083
2020-07-15,5.79,5.79,5.79,5.79,758,0.0,,5.780000000000003,,67.50197689738764,0.024469089982408043,0.016121712882057805,0.008347377100350238
2020-07-16,5.785,5.785,5.77,5.77,726,0.0,,5.782000000000004,,60.98124164158819,0.02423366283397943,0.01774410287244213,0.0064895599615373
2020-07-17,5.77,5.77,5.77,5.77,200,0.0,,5.780000000000004,,60.98124164158819,0.02377304426658977,0.01894989115127166,0.004823153115318113
2020-07-18,5.765,5.765,5.765,5.765,200,0.0,,5.776000000000004,,59.31978497160379,0.022742382491379942,0.019708389419293315,0.003033993072086627
2020-07-19,5.75,5.75,5.745,5.745,400,0.0,,5.768000000000004,,53.089010109593715,0.020080269904062753,0.019782765516247205,0.00029750438781554756
2020-07-20,5.76,5.76,5.76,5.76,400,0.0,,5.762000000000005,,56.757592700705395,0.01896231537093307,0.019618675487184378,-0.0006563601162513089
2020-07-21,5.77,5.77,5.77,5.77,200,0.0,,5.762000000000006,,59.05640293743596,0.018668051102857852,0.019428550610319072,-0.0007604995074612202
2020-07-22,5.775,5.775,5.775,5.775,200,0.0,,5.763000000000006,,60.19580446673662,0.01862362125063033,0.019267564738381322,-0.0006439434877509934
2020-07-23,5.765,5.765,5.765,5.765,200,0.0,,5.763000000000005,,56.7917926424652,0.01757885573961815,0.018929822938628688,-0.0013509671990105387
2020-07-24,5.765,5.765,5.765,5.765,200,0.0,,5.767000000000005,,56.7917926424652,0.016559978421992305,0.018455854035301412,-0.0018958756133091066
2020-07-25,5.77,5.77,5.77,5.77,202,0.0,,5.7690000000000055,,58.163677646490726,0.015971855413345892,0.017959054310910307,-0.001987198897564414
2020-07-26,5.745,5.745,5.745,5.745,430,0.0,,5.764000000000005,,49.671594302264694,0.013334757837757394,0.017034195016279723,-0.0036994371785223287
2020-07-27,5.75,5.75,5.75,5.75,200,0.0,,5.759000000000005,,51.20601126057844,0.011515553095200914,0.01593046663206396,-0.0044149135368630466
2020-07-28,5.745,5.745,5.745,5.745,200,0.0,,5.755000000000004,5.678,49.578194169428976,0.009560158461058066,0.014656404997862783,-0.0050962465368047175
