Date,Open,High,Low,Close,Volume,OpenInterest,Entry,5 day sma,200 day sma,rsi,macd,signal,histogram
2020-03-30,39.97,39.97,39.97,39.97,100,0.0,,,,,,,
2020-03-31,39.89,39.89,39.86,39.86,336,0.0,,,,,,,
2020-04-01,39.86,39.87,39.86,39.87,261,0.0,,,,,,,
2020-04-02,39.87,39.87,39.87,39.87,100,0.0,,,,,,,
2020-04-03,39.835,39.875,39.835,39.875,201,0.0,,39.888999999999996,,,,,
2020-04-04,39.89,39.92,39.89,39.92,200,0.0,,39.879000000000005,,,,,
2020-04-05,39.97,39.97,39.97,39.97,100,0.0,,39.900999999999996,,,,,
2020-04-06,40.015,40.015,40.015,40.015,100,0.0,,39.92999999999999,,,,,
2020-04-07,39.975,39.975,39.975,39.975,100,0.0,,39.95099999999999,,,,,
2020-04-08,39.91,39.91,39.91,39.91,101,0.0,,39.95799999999999,,,,,
2020-04-09,39.93,39.93,39.93,39.93,101,0.0,,39.959999999999994,,,,,
2020-04-10,39.855,39.855,39.855,39.855,100,0.0,,39.93699999999999,,,,,
2020-04-11,39.885,39.885,39.885,39.885,200,0.0,,39.91099999999999,,,,,
2020-04-12,39.935,39.945,39.935,39.945,200,0.0,,39.90499999999999,,,,,
2020-04-13,39.845,39.845,39.845,39.845,100,0.0,,39.89199999999999,,40.4580152671758,,,
2020-04-14,39.775,39.78,39.775,39.78,201,0.0,,39.86199999999999,,36.55172413793145,,,
2020-04-15,39.755,39.76,39.755,39.76,200,0.0,,39.84299999999999,,35.41856142987095,,,
2020-04-16,39.725,39.8,39.725,39.8,200,0.0,,39.825999999999986,,39.46092059228599,,,
2020-04-17,39.845,39.845,39.845,39.845,100,0.0,,39.80599999999999,,43.72823759454982,,,
2020-04-18,39.875,39.875,39.875,39.875,100,0.0,,39.81199999999999,,46.43882023309951,,,
2020-04-19,39.985,39.985,39.985,39.985,100,0.0,,39.852999999999994,,54.99846227125999,,,
2020-04-20,39.965,39.965,39.965,39.965,129,0.0,,39.89399999999999,,53.32969206116847,,,
2020-04-21,40.055,40.06,40.055,40.06,300,0.0,,39.94599999999999,,59.600209717194225,,,
2020-04-22,40.06,40.06,40.06,40.06,100,0.0,,39.98899999999999,,59.600209717194225,,,
2020-04-23,40.075,40.075,40.075,40.075,100,0.0,,40.028999999999996,,60.57032412831205,,,
2020-04-24,40.05,40.05,40.05,40.05,100,0.0,,40.041999999999994,,58.06761008599371,0.052785082629618785,,
2020-04-25,40.12,40.12,40.12,40.12,118,0.0,,40.07299999999999,,62.71327885824392,0.06052667193358019,,
2020-04-26,40.11,40.11,40.09,40.09,201,0.0,,40.07899999999999,,59.662518417929206,0.06350909464257626,,
2020-04-27,40.12,40.12,40.12,40.12,100,0.0,,40.090999999999994,,61.67052948364769,0.06751516263802415,,
2020-04-28,40.2,40.2,40.2,40.2,210,0.0,,40.116,,66.4646947498081,0.0762661827183635,,
2020-04-29,40.2,40.2,40.2,40.2,101,0.0,,40.145999999999994,,66.4646947498081,0.08225326474462946,,
2020-04-30,40.205,40.205,40.205,40.205,100,0.0,,40.16299999999999,,66.76600376883721,0.08640549978235867,,
2020-05-01,40.23,40.23,40.23,40.23,100,0.0,,40.19099999999999,,68.299661523221,0.09066829931582276,,
2020-05-02,40.255,40.255,40.255,40.255,160,0.0,,40.21799999999998,,69.80048804731096,0.09496914454214789,0.07498871143856907,0.019980433103578818
2020-05-03,40.25,40.25,40.25,40.25,200,0.0,,40.22799999999999,,69.09590275813792,0.09685762277312193,0.07936249370547965,0.01749512906764228
2020-05-04,40.27,40.27,40.27,40.27,100,0.0,,40.24199999999998,,70.38370880057653,0.09882885075724346,0.08325576511583241,0.01557308564141105
2020-05-05,40.195,40.195,40.195,40.195,100,0.0,,40.23999999999999,,60.24522565885871,0.0932640994541174,0.08525743198348941,0.00800666747062799
2020-05-06,40.105,40.105,40.105,40.105,102,0.0,,40.21499999999999,,50.790494101023235,0.0806619256473482,0.08433833071626118,-0.00367640506891298
2020-05-07,40.13,40.13,40.13,40.13,200,0.0,,40.18999999999998,,52.9971418775667,0.07186350542099262,0.08184336565720747,-0.009979860236214846
2020-05-08,40.09,40.09,40.09,40.09,352,0.0,,40.15799999999999,,49.19596432063797,0.06096031572317884,0.07766675567040174,-0.0167064399472229
2020-05-09,40.08,40.08,40.08,40.08,101,0.0,,40.11999999999999,,48.26396962922341,0.050925505381890446,0.07231850561269948,-0.021393000230809034
2020-05-10,40.11,40.11,40.11,40.11,102,0.0,,40.10299999999999,,51.24786466121599,0.044876289241202016,0.0668300623384,-0.02195377309719798
2020-05-11,40.16,40.16,40.16,40.16,101,0.0,,40.11399999999999,,55.82124522878791,0.04361406817096736,0.062186863504913474,-0.018572795333946117
2020-05-12,40.155,40.155,40.155,40.155,100,0.0,,40.118999999999986,,55.26295186962301,0.04172926171228397,0.058095343146387576,-0.016366081434103605
2020-05-13,40.21,40.21,40.21,40.21,100,0.0,,40.14299999999999,,60.00187772640589,0.04416447874080376,0.05530917026527081,-0.011144691524467051
2020-05-14,40.28,40.28,40.27,40.27,200,0.0,,40.181,,64.42864093579148,0.05035543819345634,0.05431842385090792,-0.0039629856574515815
2020-05-15,40.24,40.24,40.24,40.24,100,0.0,,40.206999999999994,,60.80503534412587,0.05223889146042637,0.05390251737281161,-0.0016636259123852387
2020-05-16,40.14,40.14,40.14,40.14,150,0.0,,40.20299999999999,,50.59097481597019,0.04514200850479,0.052150415599207293,-0.007008407094417295
2020-05-17,40.11,40.11,40.11,40.11,103,0.0,,40.19399999999999,,47.9867062925002,0.036674171334368566,0.049055166746239554,-0.012380995411870988
2020-05-18,40.195,40.195,40.195,40.195,100,0.0,,40.19099999999999,,55.04743529726909,0.03640251347908929,0.046524636092809504,-0.01012212261372021
2020-05-19,40.195,40.195,40.195,40.195,101,0.0,,40.17599999999998,,55.04743529726909,0.0357748326696381,0.044374675408175225,-0.008599842738537124
2020-05-20,40.21,40.21,40.21,40.21,105,0.0,,40.16999999999998,,56.262585582144624,0.03607195075146308,0.0427141304768328,-0.006642179725369721
2020-05-21,40.205,40.23,40.205,40.23,400,0.0,,40.187999999999974,,57.89681813181793,0.03748910080700796,0.041669124542867836,-0.004180023735859878
2020-05-22,40.25,40.25,40.25,40.25,100,0.0,,40.21599999999997,,59.525466346209264,0.039767618932501136,0.0412888234207945,-0.0015212044882933623
2020-05-23,40.26,40.26,40.26,40.26,100,0.0,,40.22899999999997,,60.351306393767814,0.04189731126520968,0.04141052098967754,0.0004867902755321396
2020-05-24,40.205,40.205,40.205,40.205,100,0.0,,40.23099999999997,,53.84403317305172,0.038700947010035236,0.04086860619374908,-0.002167659183713845
2020-05-25,40.21,40.21,40.2,40.2,300,0.0,,40.22899999999997,,53.28158629475843,0.03535677618891242,0.03976624019278175,-0.00440946400386933
2020-05-26,40.175,40.175,40.175,40.175,180,0.0,,40.21799999999997,,50.444253271399305,0.030339471116072048,0.03788088637743981,-0.0075414152613677635
2020-05-27,40.19,40.19,40.19,40.19,100,0.0,,40.20599999999997,,52.09268487698936,0.027259366331193746,0.0357565823681906,-0.008497216036996852
2020-05-28,40.22,40.22,40.22,40.22,100,0.0,,40.197999999999965,,55.29557541378842,0.026928693165473305,0.03399100452764714,-0.007062311362173834
2020-05-29,40.22,40.22,40.22,40.22,100,0.0,,40.200999999999965,,55.29557541378842,0.02636273905369535,0.03246535143285678,-0.006102612379161432
2020-05-30,40.24,40.275,40.24,40.275,294,0.0,,40.215999999999966,,60.85945737433215,0.030006362025332578,0.031973553551351945,-0.001967191526019367
2020-05-31,40.265,40.265,40.265,40.265,100,0.0,,40.23399999999996,,59.41161673341265,0.03172137874641123,0.0319231185903638,-0.00020173984395256694
2020-06-01,40.285,40.285,40.285,40.285,100,0.0,,40.25299999999996,,61.38998586411348,0.03429899721738394,0.03239829431576783,0.0019007029016161123
2020-06-02,40.16,40.16,40.16,40.16,100,0.0,,40.24099999999996,,46.224863671535424,0.025956117133766554,0.031109858879367576,-0.005153741745601022
2020-06-03,40.155,40.155,40.155,40.155,100,0.0,,40.22799999999996,,45.738152102228185,0.018725016018301233,0.02863289030715431,-0.009907874288853077
2020-06-04,40.18,40.18,40.18,40.18,100,0.0,,40.20899999999996,,48.649508181203736,0.014840534904827507,0.02587441922668895,-0.011033884321861444
2020-06-05,40.215,40.215,40.215,40.215,100,0.0,,40.198999999999955,,52.49255061310152,0.01442003790817381,0.023583542962985926,-0.009163505054812116
2020-06-06,40.1,40.1,40.1,40.1,100,0.0,,40.161999999999956,,41.502107503428334,0.0047524686041597874,0.0198173280912207,-0.015064859487060912
2020-06-07,40.12,40.12,40.12,40.12,100,0.0,,40.153999999999954,,43.709450650790735,-0.0012805554215447046,0.015597751388667619,-0.016878306810212323
2020-06-08,40.135,40.135,40.135,40.135,123,0.0,,40.149999999999956,,45.374291272429666,-0.004796109226049339,0.01151897926572423,-0.016315088491773568
2020-06-09,40.09,40.09,40.08,40.08,200,0.0,,40.12999999999995,,40.62932726796119,-0.011883268369459188,0.006838529738687546,-0.018721798108146732
2020-06-10,40.13,40.13,40.13,40.13,102,0.0,,40.11299999999995,,46.143187026052416,-0.013311860081586246,0.0028084517746327885,-0.016120311856219035
2020-06-11,40.075,40.075,40.075,40.075,118,0.0,,40.107999999999954,,41.56978962065641,-0.01866688937079175,-0.0014866164544521192,-0.017180272916339633
2020-06-12,40.085,40.12,40.085,40.12,311,0.0,,40.107999999999954,,46.26269446212044,-0.019059953464953594,-0.0050012838565524145,-0.01405866960840118
2020-06-13,40.08,40.08,40.08,40.08,102,0.0,,40.09699999999996,,42.95977165927902,-0.022341585408071296,-0.00846934416685619,-0.013872241241215106
2020-06-14,40.105,40.105,40.105,40.105,100,0.0,,40.101999999999954,,45.575120800967625,-0.022663757609556967,-0.011308226855396345,-0.011355530754160622
2020-06-15,40.125,40.125,40.125,40.125,310,0.0,,40.10099999999996,,47.64333293351635,-0.021062453692096028,-0.013259072222736281,-0.007803381469359747
2020-06-16,40.095,40.095,40.095,40.095,100,0.0,,40.10499999999995,,44.88782232838349,-0.02196100528164635,-0.014999458834518295,-0.006961546447128056
2020-06-17,40.07,40.07,40.07,40.07,100,0.0,,40.09499999999995,,42.672914324163095,-0.02440903282010254,-0.016881373631635145,-0.0075276591884673935
2020-06-18,40.07,40.07,40.07,40.07,100,0.0,,40.09299999999995,,42.6729143241631,-0.02604883749757647,-0.01871486640482341,-0.00733397109275306
2020-06-19,40.035,40.035,40.035,40.035,200,0.0,,40.07899999999995,,39.50767852126195,-0.029828754695067516,-0.020937644062872234,-0.008891110632195283
2020-06-20,40.02,40.02,40.01,40.01,250,0.0,,40.05599999999995,,37.37515692406529,-0.03444460144870476,-0.023639035540038742,-0.010805565908666017
2020-06-21,40.025,40.025,40.025,40.025,100,0.0,,40.04199999999995,,39.48575472800972,-0.0364718933332,-0.026205607098670997,-0.010266286234529003
2020-06-22,39.985,39.985,39.985,39.985,100,0.0,,40.024999999999956,,36.00133215775798,-0.040835476509556656,-0.029131580980848133,-0.011703895528708524
2020-06-23,39.875,39.875,39.875,39.875,100,0.0,,39.985999999999954,,28.542106111827522,-0.05256380547668016,-0.03381802588001454,-0.018745779596665617
2020-06-24,39.89,39.89,39.89,39.89,115,0.0,,39.95699999999995,,30.652149843784457,-0.059957068280255044,-0.03904583436006265,-0.020911233920192396
2020-06-25,39.845,39.845,39.825,39.825,200,0.0,,39.91999999999996,,26.93984886067237,-0.07025142439952248,-0.04528695236795462,-0.02496447203156786
2020-06-26,39.825,39.825,39.825,39.825,102,0.0,,39.87999999999995,,26.93984886067237,-0.07751621709240197,-0.05173280531284409,-0.025783411779557883
2020-06-27,39.82,39.82,39.82,39.82,100,0.0,,39.84699999999996,,26.651886181998506,-0.08272349094472986,-0.05793094243922125,-0.02479254850550861
2020-06-28,39.82,39.82,39.82,39.82,179,0.0,,39.835999999999956,,26.651886181998506,-0.08586054606043092,-0.06351686316346318,-0.02234368289696774
2020-06-29,39.78,39.78,39.78,39.78,100,0.0,,39.81399999999995,,24.247181913015808,-0.09053076820453043,-0.06891964417167663,-0.0216111240328538
2020-06-30,39.765,39.765,39.765,39.765,100,0.0,,39.80199999999995,,23.39473412255991,-0.0943546656883143,-0.07400664847500417,-0.02034801721331013
2020-07-01,39.815,39.83,39.815,39.83,301,0.0,,39.802999999999955,,34.19153433031501,-0.09109014473472143,-0.07742334772694763,-0.013666797007773804
2020-07-02,39.87,39.88,39.87,39.88,300,0.0,,39.814999999999955,,41.07173955547388,-0.08350580330686341,-0.07863983884293078,-0.004865964463932629
2020-07-03,39.875,39.875,39.875,39.875,100,0.0,,39.82599999999995,,40.614456658572166,-0.07701088277726598,-0.07831404762979784,0.00130316485253186
2020-07-04,39.905,39.905,39.905,39.905,100,0.0,,39.85099999999996,,44.60000019855272,-0.06865149053581376,-0.07638153621100102,0.007730045675187258
2020-07-05,39.89,39.89,39.89,39.89,100,0.0,,39.875999999999955,,43.044468516013374,-0.06251633717815253,-0.07360849640443133,0.011092159226278805
2020-07-06,39.84,39.84,39.84,39.84,100,0.0,,39.87799999999995,,38.254918526253746,-0.06098576019218882,-0.07108394916198284,0.010098188969794017
2020-07-07,39.875,39.875,39.875,39.875,107,0.0,,39.87699999999995,,43.0333033317881,-0.05629957297878008,-0.06812707392534229,0.011827500946562208
2020-07-08,39.92,39.92,39.92,39.92,100,0.0,,39.88599999999995,,48.54672178501559,-0.04839672461524458,-0.06418100406332275,0.01578427944807817
2020-07-09,39.975,39.975,39.96,39.96,300,0.0,,39.896999999999956,,52.90952064541032,-0.03846262148579882,-0.05903732754781797,0.020574706062019152
2020-07-10,39.955,39.98,39.955,39.98,300,0.0,,39.91499999999995,,54.96565133186601,-0.028645730185111518,-0.05295900807527669,0.024313277890165172
2020-07-11,39.945,39.945,39.945,39.945,239,0.0,,39.93599999999995,,50.7864953611598,-0.02342000930639898,-0.04705120832150115,0.023631199015102168
2020-07-12,39.935,39.95,39.935,39.95,550,0.0,,39.95099999999995,,51.35550230682798,-0.01866002845491721,-0.041372972348184364,0.022712943893267154
2020-07-13,39.915,39.92,39.915,39.92,200,0.0,,39.95099999999995,,47.785524125984324,-0.01711121122421133,-0.03652062012338975,0.019409408899178422
2020-07-14,39.905,39.905,39.885,39.885,580,0.0,,39.93599999999995,,43.94720310699672,-0.01849477366482688,-0.03291545083167718,0.014420677166850297
2020-07-15,39.87,39.87,39.845,39.845,575,0.0,,39.90899999999995,,39.99344259060855,-0.022558877871411198,-0.03084413623962398,0.008285258368212783
2020-07-16,39.835,39.835,39.835,39.835,137,0.0,,39.88699999999996,,39.04764403419484,-0.026283644667216777,-0.029932037925142544,0.0036483932579257673
2020-07-17,39.835,39.845,39.835,39.835,538,0.0,,39.863999999999955,,39.04764403419484,-0.02890238053666394,-0.029726106447446825,0.000823725910782884
2020-07-18,39.84,39.84,39.835,39.835,321,0.0,,39.84699999999996,,39.04764403419484,-0.03062472481573053,-0.029905830121103566,-0.0007188946946269648
2020-07-19,39.795,39.795,39.765,39.765,334,0.0,,39.82299999999996,,32.35748162393031,-0.03720918572023635,-0.03136650124093013,-0.0058426844793062205
2020-07-20,39.785,39.785,39.77,39.77,551,0.0,,39.80799999999996,,33.237378656955755,-0.04154505468279268,-0.03340221192930264,-0.008142842753490039
2020-07-21,39.755,39.795,39.745,39.795,611,0.0,,39.79999999999996,,37.60755326772503,-0.04247435310436032,-0.03521664016431418,-0.007257712940046138
2020-07-22,39.82,39.84,39.82,39.84,400,0.0,,39.80099999999996,,44.632994902075424,-0.03912865411152211,-0.035999042953755764,-0.003129611157766346
2020-07-23,39.83,39.885,39.83,39.87,515,0.0,,39.80799999999996,,48.77417394897136,-0.03366830699050638,-0.03553289576110589,0.0018645887705995082
2020-07-24,39.87,39.92,39.87,39.92,400,0.0,,39.83899999999996,,54.837173337114415,-0.025017968853077832,-0.03342991037950028,0.008411941526422446
2020-07-25,39.89,39.97,39.89,39.97,400,0.0,,39.87899999999996,,59.94295402430829,-0.013966929356762137,-0.02953731417495265,0.015570384818190515
2020-07-26,39.97,40.02,39.955,40.02,475,0.0,,39.923999999999964,,64.29054738442635,-0.0011609362544362511,-0.02386203859084937,0.02270110233641312
2020-07-27,40.015,40.065,40.015,40.055,651,0.0,,39.96699999999997,40.02450000000001,66.99127894106135,0.011677502059399103,-0.01675413046079968,0.02843163252019878
