Date,Open,High,Low,Close,Volume,OpenInterest,Entry,5 day sma,200 day sma,rsi,macd,signal,histogram
2020-03-30,258.09,258.09,258.09,258.09,100,0.0,,,,,,,
2020-03-31,258.09,258.09,258.09,258.09,100,0.0,,,,,,,
2020-04-01,258.09,258.09,258.09,258.09,100,0.0,,,,,,,
2020-04-02,258.1,258.1,258.1,258.1,100,0.0,,,,,,,
2020-04-03,258.1,258.1,258.1,258.1,100,0.0,,258.09399999999994,,,,,
2020-04-04,258.14,258.14,258.14,258.14,100,0.0,,258.1039999999999,,,,,
2020-04-05,258.14,258.14,258.14,258.14,100,0.0,,258.114,,,,,
2020-04-06,258.1,258.1,258.1,258.1,100,0.0,,258.11600000000004,,,,,
2020-04-07,258.1,258.1,258.1,258.1,100,0.0,,258.1160000000001,,,,,
2020-04-08,258.09,258.09,258.09,258.09,100,0.0,,258.11400000000003,,,,,
2020-04-09,258.095,258.095,258.095,258.095,100,0.0,,258.105,,,,,
2020-04-10,258.1,258.1,258.1,258.1,100,0.0,,258.09700000000004,,,,,
2020-04-11,258.15,258.15,258.15,258.15,100,0.0,,258.1070000000001,,,,,
2020-04-12,258.11,258.11,258.11,258.11,100,0.0,,258.1090000000001,,,,,
2020-04-13,258.09,258.09,258.09,258.09,100,0.0,,258.1090000000001,,50.0,,,
2020-04-14,258.09,258.09,258.09,258.09,100,0.0,,258.10800000000006,,50.0,,,
2020-04-15,258.09,258.14,258.09,258.14,200,0.0,,258.1160000000001,,60.429970200086,,,
2020-04-16,258.07,258.07,258.07,258.07,100,0.0,,258.1000000000001,,45.97169975835513,,,
2020-04-17,258.07,258.07,258.07,258.07,100,0.0,,258.0920000000001,,45.97169975835513,,,
2020-04-18,258.05,258.05,258.05,258.05,100,0.0,,258.0840000000001,,42.59477333875907,,,
2020-04-19,258.08,258.08,258.08,258.08,100,0.0,,258.0820000000001,,48.68397035559111,,,
2020-04-20,258.08,258.08,258.08,258.08,100,0.0,,258.07000000000005,,48.68397035559111,,,
2020-04-21,258.12,258.12,258.12,258.12,100,0.0,,258.08000000000004,,55.91510579745123,,,
2020-04-22,258.14,258.14,258.14,258.14,100,0.0,,258.0940000000001,,59.02421129123789,,,
2020-04-23,258.08,258.09,258.08,258.09,200,0.0,,258.1020000000001,,49.60534153672171,,,
2020-04-24,258.09,258.09,258.09,258.09,100,0.0,,258.1040000000001,,49.6053415367217,-0.0029445596815094177,,
2020-04-25,258.07,258.07,258.07,258.07,100,0.0,,258.1020000000001,,46.18625050578949,-0.0049000536774883585,,
2020-04-26,258.08,258.09,258.08,258.09,200,0.0,,258.0960000000001,,49.904715922341175,-0.004780853205033964,,
2020-04-27,258.47,258.47,258.47,258.47,104,0.0,,258.1620000000001,,79.24688095972945,0.025680410449467672,,
2020-04-28,257.14,257.14,257.14,257.14,100,0.0,,257.9720000000001,,24.704890902746556,-0.056843447490166454,,
2020-04-29,257.55,257.55,257.55,257.55,125,0.0,,257.8640000000001,,38.709181710488515,-0.0881445504628573,,
2020-04-30,258.565,258.565,258.565,258.565,100,0.0,,257.9630000000001,,59.02643437842695,-0.030695049367864158,,
2020-05-01,258.71,258.71,258.57,258.57,302,0.0,,258.0590000000001,,59.098362530431864,0.015063905044087278,,
2020-05-02,258.03,258.125,258.03,258.125,200,0.0,,257.9900000000001,,50.58683779146353,0.01524469377091009,-0.014702167180050511,0.0299468609509606
2020-05-03,258.3,258.3,258.3,258.3,101,0.0,,258.2220000000001,,53.42752833894132,0.029172722616465308,-0.005927189220747347,0.03509991183721266
2020-05-04,258.235,258.235,258.235,258.235,100,0.0,,258.35900000000015,,52.22655693788324,0.034567358063952724,0.0021717202361926672,0.03239563782776006
2020-05-05,258.81,258.81,258.67,258.67,206,0.0,,258.38000000000017,,58.887055619103904,0.07310084899216918,0.016357545987387968,0.05674330300478121
2020-05-06,258.84,258.84,258.84,258.84,100,0.0,,258.43400000000014,,61.16571725476376,0.11601910144025851,0.036289857077962076,0.07972924436229643
2020-05-07,258.88,258.88,258.88,258.88,135,0.0,,258.58500000000015,,61.70356012501004,0.15151324109115194,0.05933453388060005,0.09217870721055188
2020-05-08,258.99,258.99,258.85,258.85,200,0.0,,258.6950000000001,,61.02096194808601,0.17520223094766152,0.08250807329401236,0.09269415765364916
2020-05-09,259.04,259.04,259.04,259.04,108,0.0,,258.8560000000001,,63.75567607696816,0.20692206937138735,0.10739087250948737,0.09953119686189998
2020-05-10,259.18,259.18,259.18,259.18,100,0.0,,258.95800000000014,,65.66707251196887,0.2405837995396496,0.13402945791551982,0.10655434162412977
2020-05-11,259.33,259.33,259.33,259.33,100,0.0,,259.05600000000015,,67.6363895586668,0.27618106620093386,0.16245977957260263,0.11372128662833123
2020-05-12,259.185,259.185,259.185,259.185,103,0.0,,259.1170000000001,,63.82521768103156,0.2893563484432775,0.1878390933467376,0.10151725509653992
2020-05-13,259.25,259.28,259.25,259.28,201,0.0,,259.2030000000001,,65.20844097771496,0.30395970235457526,0.21106321514830514,0.09289648720627011
2020-05-14,259.75,259.75,259.75,259.75,140,0.0,,259.3450000000001,,71.09676565424931,0.3494300257625014,0.2387365772711444,0.11069344849135698
2020-05-15,259.73,259.73,259.495,259.495,401,0.0,,259.408,,64.69881091697636,0.36073093412181834,0.2631354486412792,0.09759548548053915
2020-05-16,258.82,258.82,258.82,258.82,110,0.0,,259.30600000000004,,51.490029932091396,0.31162787447033224,0.2728339338070898,0.03879394066324243
2020-05-17,259.255,259.255,259.255,259.255,121,0.0,,259.32000000000005,,57.51035219111763,0.30430635623088165,0.2791284182918482,0.025177937939033446
2020-05-18,259.32,259.32,259.32,259.32,204,0.0,,259.3280000000001,,58.342293842074284,0.300287430473702,0.283360220728219,0.016927209745483007
2020-05-19,258.72,258.72,258.72,258.72,100,0.0,,259.12200000000007,,48.836711544660496,0.24585337262442408,0.27585885110746,-0.03000547848303592
2020-05-20,258.4,258.4,258.4,258.4,100,0.0,,258.9030000000001,,44.657687520425945,0.17487679313990157,0.2556624395139483,-0.08078564637404673
2020-05-21,258.12,258.12,258.12,258.12,100,0.0,,258.76300000000003,,41.325429887112996,0.09493928165619536,0.22351780794239773,-0.12857852628620237
2020-05-22,258.01,258.01,258.01,258.01,100,0.0,,258.514,,40.06074959899308,0.02245331930669181,0.18330491021525655,-0.16085159090856474
2020-05-23,257.95,257.95,257.95,257.95,100,0.0,,258.24000000000007,,39.35331236997805,-0.03937987990502734,0.13876795219119978,-0.17814783209622712
2020-05-24,258.06,258.06,258.06,258.06,100,0.0,,258.10800000000006,,41.39654665015321,-0.07860099176718904,0.09529416339952201,-0.17389515516671106
2020-05-25,257.87,257.87,257.87,257.87,140,0.0,,258.00200000000007,,38.955238783863784,-0.12359074047094509,0.0515171826254286,-0.17510792309637369
2020-05-26,257.93,257.93,257.93,257.93,101,0.0,,257.96400000000006,,40.15547084707406,-0.15264435281181932,0.010684875537979019,-0.16332922834979835
2020-05-27,257.845,257.845,257.845,257.845,117,0.0,,257.93100000000004,,38.98603016377034,-0.18044824449987118,-0.02754174846959102,-0.15290649603028017
2020-05-28,257.765,257.765,257.765,257.765,193,0.0,,257.894,,37.86822985593206,-0.20655729645488918,-0.06334485806665066,-0.14321243838823852
2020-05-29,257.34,257.34,257.34,257.34,101,0.0,,257.75,,32.531840901842855,-0.2585623109899302,-0.10238834865130658,-0.15617396233862363
2020-05-30,257.365,257.365,257.365,257.365,100,0.0,,257.649,,33.128803780672726,-0.2943660994605466,-0.1407838988131546,-0.153582200647392
2020-05-31,257.45,257.45,257.45,257.45,313,0.0,,257.553,,35.227280696737125,-0.312282274479287,-0.17508357394638108,-0.13719870053290595
2020-06-01,257.335,257.335,257.335,257.335,200,0.0,,257.45099999999996,,33.68702996102854,-0.33193418055407165,-0.2064536952679192,-0.12548048528615244
2020-06-02,257.78,257.78,257.75,257.75,300,0.0,,257.448,,43.31842420310454,-0.3104428342530241,-0.2272515230649402,-0.0831913111880839
2020-06-03,257.81,257.81,257.81,257.81,100,0.0,,257.542,,44.57187899238299,-0.2852807500086101,-0.2388573684536742,-0.04642338155493589
2020-06-04,257.65,257.65,257.65,257.65,100,0.0,,257.59899999999993,,41.910290873496855,-0.2750793364266997,-0.2461017620482793,-0.028977574378420384
2020-06-05,257.73,257.73,257.73,257.73,100,0.0,,257.6549999999999,,43.719918879700444,-0.2575702022935502,-0.2483954500973335,-0.009174752196216718
2020-06-06,257.93,257.93,257.93,257.93,100,0.0,,257.77399999999994,,48.07495425340483,-0.22496253079555117,-0.24370886623697705,0.01874633544142587
2020-06-07,258.09,258.09,258.09,258.09,286,0.0,,257.8419999999999,,51.320289939906,-0.18408800149325089,-0.2317846932882318,0.04769669179498093
2020-06-08,258.18,258.18,258.18,258.18,140,0.0,,257.91599999999994,,53.096109420140536,-0.14278644148151898,-0.21398504292688927,0.0711986014453703
2020-06-09,258.15,258.15,258.15,258.15,100,0.0,,258.0159999999999,,52.409789386671484,-0.11119363587135922,-0.19342676151578325,0.08223312564442403
2020-06-10,258.86,258.86,258.86,258.86,100,0.0,,258.2419999999999,,64.20300675790538,-0.028536097164021612,-0.16044862864543094,0.13191253148140933
2020-06-11,258.795,258.795,258.795,258.795,100,0.0,,258.4149999999999,,62.67182512700668,0.031364095238131995,-0.12208608386871835,0.15345017910685033
2020-06-12,258.68,258.68,258.68,258.68,110,0.0,,258.53299999999996,,59.947784098096584,0.06876323065023371,-0.08391622096492794,0.15267945161516167
2020-06-13,258.59,258.59,258.59,258.59,100,0.0,,258.6149999999999,,57.82933114356229,0.09010143382892011,-0.04911269000615833,0.13921412383507845
2020-06-14,258.315,258.315,258.315,258.315,120,0.0,,258.64799999999997,,51.80520628727058,0.08385528037825907,-0.02251909592927485,0.10637437630753392
2020-06-15,258.22,258.22,258.22,258.22,100,0.0,,258.52,,49.87242858288329,0.07042760710066887,-0.003929755323286108,0.07435736242395498
2020-06-16,258.45,258.56,258.45,258.56,252,0.0,,258.47299999999996,,56.174399192823614,0.08622726356861676,0.014101648455094467,0.07212561511352229
2020-06-17,258.74,258.74,258.74,258.74,200,0.0,,258.48499999999996,,59.10557637995219,0.11198223927920026,0.033677766619915624,0.07830447265928464
2020-06-18,258.54,258.54,258.54,258.54,100,0.0,,258.47499999999997,,54.72583222224593,0.11493007222304641,0.049928227740541786,0.06500184448250462
2020-06-19,258.68,258.68,258.68,258.68,137,0.0,,258.54799999999994,,57.12106119980555,0.12709797470364492,0.06536217713316242,0.061735797570482503
2020-06-20,258.36,258.36,258.36,258.36,199,0.0,,258.57599999999996,,50.53943021893111,0.10965575613766987,0.07422089293406392,0.03543486320360595
2020-06-21,258.29,258.29,258.195,258.195,400,0.0,,258.503,,47.50028056929223,0.08157816887216995,0.07569234812168513,0.005885820750484827
2020-06-22,258.46,258.46,258.46,258.46,101,0.0,,258.447,,52.44626753365776,0.0797899945886229,0.07651187741507269,0.003278117173550213
2020-06-23,258.475,258.475,258.475,258.475,100,0.0,,258.434,,52.717801221421695,0.07867629684989197,0.07694476130203655,0.00173153554785542
2020-06-24,258.56,258.56,258.56,258.56,101,0.0,,258.40999999999997,,54.30991260145162,0.08368777244652392,0.07829336353093402,0.005394408915589899
2020-06-25,258.275,258.275,258.275,258.275,200,0.0,,258.3929999999999,,48.42238959271031,0.06392539267244501,0.07541976935923622,-0.011494376686791208
2020-06-26,258.39,258.39,258.39,258.39,108,0.0,,258.4319999999999,,50.74278006690273,0.05688734136600715,0.07171328376059041,-0.014825942394583264
2020-06-27,258.605,258.605,258.605,258.605,102,0.0,,258.4609999999999,,54.8338614755036,0.06787590696501411,0.07094580840147516,-0.0030699014364610477
2020-06-28,258.6,258.6,258.56,258.56,200,0.0,,258.4779999999999,,53.82618627107386,0.07212192380796978,0.07118103148277409,0.0009408923251956886
2020-06-29,258.335,258.48,258.335,258.48,281,0.0,,258.4619999999999,,51.996779248742335,0.0682449065332662,0.07059380649287252,-0.0023488999596063126
2020-06-30,258.71,258.71,258.71,258.71,135,0.0,,258.54899999999986,,56.567208659566326,0.08277721600143195,0.07303048839458441,0.009746727606847541
2020-07-01,258.62,258.62,258.62,258.62,115,0.0,,258.5949999999999,,54.385150508519274,0.08604011127135891,0.07563241296993932,0.01040769830141959
2020-07-02,258.39,258.39,258.39,258.39,178,0.0,,258.55199999999985,,49.16560195169615,0.06926841826322061,0.07435961402859557,-0.0050911957653749645
2020-07-03,258.45,258.45,258.45,258.45,100,0.0,,258.52999999999986,,50.50024088773863,0.06012514404591229,0.07151272003205893,-0.011387575986146634
2020-07-04,258.395,258.395,258.395,258.395,100,0.0,,258.51299999999986,,49.22443967960342,0.047888958900728085,0.06678796780579277,-0.018899008905064685
2020-07-05,258.46,258.46,258.46,258.46,101,0.0,,258.46299999999985,,50.806180960336455,0.04294164622115204,0.062018703488864624,-0.019077057267712583
2020-07-06,258.62,258.62,258.62,258.62,201,0.0,,258.4629999999999,,54.55869901600563,0.05133971581727792,0.05988290595454729,-0.008543190137269369
2020-07-07,258.63,258.63,258.63,258.63,100,0.0,,258.51099999999997,,54.79081424604173,0.0581320527849698,0.059532735320631795,-0.0014006825356619942
2020-07-08,258.85,258.85,258.85,258.85,102,0.0,,258.59099999999995,,59.67141446182579,0.08034106832622001,0.06369440192174944,0.016646666404470573
2020-07-09,258.83,258.88,258.83,258.88,287,0.0,,258.68799999999993,,60.300792585174406,0.09921888884059626,0.07079929930551881,0.02841958953507745
2020-07-10,258.94,258.94,258.94,258.94,167,0.0,,258.78399999999993,,61.591824589619996,0.11766482925679611,0.08017240529577427,0.03749242396102184
2020-07-11,258.97,258.97,258.97,258.97,231,0.0,,258.8539999999999,,62.25281390917399,0.1331690295343151,0.09077173014348244,0.04239729939083264
2020-07-12,258.92,258.92,258.92,258.92,100,0.0,,258.9119999999999,,60.38750283095209,0.13980999522715365,0.10057938316021668,0.03923061206693697
2020-07-13,259.0,259.0,259.0,259.0,210,0.0,,258.9419999999999,,62.33226481854984,0.14980152110928202,0.11042381075002976,0.03937771035925226
2020-07-14,258.96,258.96,258.96,258.96,100,0.0,,258.9579999999999,,60.726913345442846,0.15273161664532608,0.11888537192908903,0.03384624471623705
2020-07-15,258.83,258.83,258.83,258.83,100,0.0,,258.93599999999986,,55.70552786881414,0.142916373926937,0.12369157232865863,0.019224801598278385
2020-07-16,258.725,258.725,258.725,258.725,100,0.0,,258.88699999999983,,51.96780290464665,0.12522162394606084,0.12399758265213909,0.001224041293921757
2020-07-17,258.71,258.71,258.67,258.67,426,0.0,,258.8369999999999,,50.07255143387798,0.10554372440049065,0.12030681100180941,-0.014763086601318767
2020-07-18,258.695,258.695,258.695,258.695,105,0.0,,258.77599999999984,,50.948238819948685,0.09091809114505622,0.11442906703045877,-0.023510975885402546
2020-07-19,258.48,258.53,258.48,258.53,200,0.0,,258.6899999999998,,45.30088467375988,0.06526076490621335,0.10459540660560969,-0.039334641699396336
2020-07-20,258.44,258.45,258.44,258.44,555,0.0,,258.61199999999985,,42.53158075518583,0.037235671529288084,0.09112345959034537,-0.05388778806105729
2020-07-21,258.48,258.48,258.48,258.48,111,0.0,,258.5629999999998,,44.16527391989413,0.018045234592648285,0.07650781459080597,-0.05846257999815768
2020-07-22,258.23,258.38,258.21,258.38,811,0.0,,258.5049999999998,,41.02535602946831,-0.005172859697779586,0.06017167973308886,-0.06534453943086845
2020-07-23,258.45,258.48,258.45,258.48,962,0.0,,258.4619999999999,,45.21954219787058,-0.015327516367563021,0.04507184051295848,-0.060399356880521504
2020-07-24,258.53,258.545,258.53,258.545,575,0.0,,258.46499999999986,,47.817347318194976,-0.017923586221456844,0.03247275516607542,-0.05039634138753227
2020-07-25,258.32,258.32,258.32,258.32,208,0.0,,258.44099999999986,,40.6340356033508,-0.037702004640095765,0.018437803204841185,-0.056139807844936954
2020-07-26,258.2,258.2,258.09,258.13,542,0.0,,258.3709999999998,,35.75007693584831,-0.06792495918870145,0.001165250726132657,-0.06909020991483411
2020-07-27,258.25,258.25,258.23,258.23,200,0.0,,258.3409999999998,258.372125,39.84799449462643,-0.08285263059644876,-0.015638325538383627,-0.06721430505806514
