Date,Open,High,Low,Close,Volume,OpenInterest,Entry,5 day sma,200 day sma,rsi,macd,signal,histogram
2020-03-30,5.69,5.69,5.69,5.69,100,0.0,,,,,,,
2020-03-31,5.65,5.65,5.65,5.65,100,0.0,,,,,,,
2020-04-01,5.7,5.7,5.7,5.7,100,0.0,,,,,,,
2020-04-02,5.71,5.71,5.71,5.71,100,0.0,,,,,,,
2020-04-03,5.71,5.71,5.71,5.71,100,0.0,,5.692,,,,,
2020-04-04,5.72,5.72,5.72,5.72,100,0.0,,5.6979999999999995,,,,,
2020-04-05,5.7,5.73,5.7,5.73,200,0.0,,5.714,,,,,
2020-04-06,5.74,5.74,5.74,5.74,100,0.0,,5.722,,,,,
2020-04-07,5.75,5.75,5.75,5.75,100,0.0,,5.7299999999999995,,,,,
2020-04-08,5.72,5.72,5.72,5.72,100,0.0,,5.731999999999999,,,,,
2020-04-09,5.72,5.72,5.72,5.72,100,0.0,,5.731999999999999,,,,,
2020-04-10,5.67,5.67,5.67,5.67,100,0.0,,5.72,,,,,
2020-04-11,5.72,5.72,5.72,5.72,200,0.0,,5.715999999999999,,,,,
2020-04-12,5.72,5.72,5.72,5.72,100,0.0,,5.709999999999999,,,,,
2020-04-13,5.74,5.74,5.74,5.74,100,0.0,,5.714,,58.620689655172384,,,
2020-04-14,5.71,5.71,5.71,5.71,100,0.0,,5.712000000000001,,52.74463007159898,,,
2020-04-15,5.72,5.72,5.72,5.72,100,0.0,,5.7219999999999995,,54.38596491228059,,,
2020-04-16,5.72,5.72,5.72,5.72,100,0.0,,5.7219999999999995,,54.38596491228059,,,
2020-04-17,5.74,5.74,5.74,5.74,100,0.0,,5.726000000000001,,57.78685859957164,,,
2020-04-18,5.72,5.72,5.72,5.72,200,0.0,,5.7219999999999995,,53.49182411579207,,,
2020-04-19,5.72,5.72,5.72,5.72,100,0.0,,5.723999999999999,,53.49182411579206,,,
2020-04-20,5.74,5.74,5.74,5.74,100,0.0,,5.728,,57.18267474711582,,,
2020-04-21,5.62,5.62,5.62,5.62,100,0.0,,5.708,,37.7996698983898,,,
2020-04-22,5.735,5.735,5.72,5.72,200,0.0,,5.703999999999999,,52.307697311628864,,,
2020-04-23,5.71,5.71,5.71,5.71,100,0.0,,5.702,,51.02598153835349,,,
2020-04-24,5.71,5.72,5.71,5.72,200,0.0,,5.702,,52.28509501890877,-0.00162607291514405,,
2020-04-25,5.71,5.71,5.71,5.71,100,0.0,,5.696,,50.87645299038139,-0.00159067883527797,,
2020-04-26,5.76,5.76,5.76,5.76,100,0.0,,5.723999999999998,,57.09995927578026,0.002443782951913498,,
2020-04-27,5.71,5.71,5.71,5.71,100,0.0,,5.721999999999999,,50.24474902511028,0.0015882326945630965,,
2020-04-28,5.71,5.71,5.71,5.71,100,0.0,,5.721999999999999,,50.24474902511028,0.0008998302684961601,,
2020-04-29,5.71,5.71,5.71,5.71,100,0.0,,5.719999999999999,,50.24474902511028,0.000350229162392246,,
2020-04-30,5.68,5.68,5.68,5.68,100,0.0,,5.713999999999999,,46.09743393601234,-0.0024775236034999537,,
2020-05-01,5.71,5.71,5.71,5.71,100,0.0,,5.703999999999999,,50.497769551245995,-0.0022716031368519296,,
2020-05-02,5.71,5.71,5.71,5.71,100,0.0,,5.703999999999999,,50.497769551245995,-0.002084382222675707,-0.0005297984040094011,-0.0015545838186663058
2020-05-03,5.71,5.71,5.71,5.71,100,0.0,,5.703999999999999,,50.497769551245995,-0.0019139455266952154,-0.000806627828546564,-0.0011073176981486513
2020-05-04,5.72,5.72,5.72,5.72,200,0.0,,5.705999999999999,,52.12488723953766,-0.0009608803600249516,-0.0008374783348422416,-0.00012340202518270997
2020-05-05,5.71,5.71,5.71,5.71,100,0.0,,5.711999999999999,,50.34285037715542,-0.001000947476052616,-0.0008701721630843166,-0.00013077531296829946
2020-05-06,5.73,5.73,5.73,5.73,100,0.0,,5.715999999999998,,53.748588312207765,0.0005745093131119816,-0.000581235867845057,0.0011557451809570385
2020-05-07,5.75,5.75,5.75,5.75,100,0.0,,5.723999999999998,,56.92978937460614,0.0033977360360974984,0.0002145585129434541,0.003183177523154044
2020-05-08,5.71,5.71,5.71,5.71,100,0.0,,5.723999999999998,,49.58423729339759,0.0023800619753471253,0.0006476592054241884,0.001732402769922937
2020-05-09,5.735,5.735,5.735,5.735,100,0.0,,5.7269999999999985,,53.61277948723757,0.0035499177741851184,0.0012281109191763745,0.002321806855008744
2020-05-10,5.76,5.76,5.74,5.74,200,0.0,,5.732999999999999,,54.39762417560599,0.004824876958184454,0.0019474641269779905,0.0028774128312064637
2020-05-11,5.72,5.78,5.72,5.78,200,0.0,,5.7429999999999986,,60.19926846188814,0.008959675441851722,0.0033499063899527374,0.005609769051898985
2020-05-12,5.74,5.74,5.74,5.74,100,0.0,,5.740999999999998,,52.94529909057465,0.008906202169034039,0.004461165545768998,0.004445036623265041
2020-05-13,5.71,5.71,5.71,5.71,100,0.0,,5.740999999999998,,48.249364410858995,0.006369649580141967,0.004842862352643592,0.0015267872274983751
2020-05-14,5.73,5.73,5.73,5.73,100,0.0,,5.7399999999999975,,51.34745175452657,0.0059051750494703015,0.005055324892008934,0.0008498501574613678
2020-05-15,5.71,5.71,5.71,5.71,100,0.0,,5.733999999999997,,48.237541757647016,0.0038785334650466297,0.004819966606616473,-0.0009414331415698437
2020-05-16,5.71,5.71,5.71,5.71,100,0.0,,5.719999999999997,,48.23754175764701,0.0022465090502983287,0.0043052750953528444,-0.0020587660450545157
2020-05-17,5.72,5.72,5.72,5.72,100,0.0,,5.715999999999997,,49.993814744115774,0.0017399769982837654,0.003792215475939029,-0.0020522384776552635
2020-05-18,5.68,5.68,5.68,5.68,100,0.0,,5.709999999999996,,43.618616561159094,-0.0018675905866079034,0.0026602542634296426,-0.004527844850037546
2020-05-19,5.74,5.74,5.74,5.74,100,0.0,,5.711999999999997,,53.24901253261606,0.00011357544330969915,0.002150918499405654,-0.0020373430560959548
2020-05-20,5.74,5.74,5.74,5.74,100,0.0,,5.717999999999996,,53.24901253261606,0.0016644767437492547,0.0020536301482743744,-0.0003891534045251197
2020-05-21,5.73,5.73,5.73,5.73,100,0.0,,5.721999999999996,,51.5471245307615,0.0020628811615441833,0.002055480350928336,7.4008106158473044e-06
2020-05-22,5.76,5.76,5.76,5.76,100,0.0,,5.729999999999995,,56.0820240876169,0.004744675150852196,0.002593319310913108,0.0021513558399390877
2020-05-23,5.67,5.67,5.67,5.67,100,0.0,,5.727999999999996,,43.06116060088593,-0.00038776175382970735,0.001997103097964545,-0.0023848648517942523
2020-05-24,5.69,5.69,5.62,5.62,200,0.0,,5.703999999999995,,37.809154201659396,-0.008393086830103869,-8.093488764913774e-05,-0.00831215194245473
2020-05-25,5.72,5.72,5.72,5.72,100,0.0,,5.699999999999994,,50.74758777329316,-0.006592209475845046,-0.0013831898052883195,-0.005209019670556726
2020-05-26,5.63,5.63,5.63,5.63,100,0.0,,5.679999999999994,,42.23184581046836,-0.012285627964949697,-0.003563677437220595,-0.008721950527729103
2020-05-27,5.63,5.63,5.63,5.63,100,0.0,,5.653999999999995,,42.23184581046836,-0.01660627632005962,-0.006172197213788401,-0.01043407910627122
2020-05-28,5.64,5.65,5.64,5.65,200,0.0,,5.649999999999994,,44.62662215582766,-0.018206712765572064,-0.008579100324145134,-0.00962761244142693
2020-05-29,5.71,5.74,5.71,5.74,200,0.0,,5.673999999999994,,53.889989503756176,-0.012073644877975909,-0.009278009234911289,-0.00279563564306462
2020-05-30,5.62,5.62,5.62,5.62,100,0.0,,5.653999999999995,,43.45230609005607,-0.016703592887659546,-0.01076312596546094,-0.005940466922198606
2020-05-31,5.68,5.68,5.68,5.68,100,0.0,,5.663999999999995,,48.79280349641121,-0.015354365910772216,-0.011681373954523195,-0.0036729919562490214
2020-06-01,5.62,5.62,5.62,5.62,100,0.0,,5.6619999999999955,,44.28836048518123,-0.018908625505396515,-0.01312682426469786,-0.005781801240698655
2020-06-02,5.62,5.62,5.62,5.62,100,0.0,,5.655999999999996,,44.28836048518123,-0.021477818914227953,-0.01479702319460388,-0.006680795719624074
2020-06-03,5.65,5.65,5.65,5.65,100,0.0,,5.6379999999999955,,47.11924617539721,-0.020852795870841767,-0.01600817772985146,-0.004844618140990308
2020-06-04,5.61,5.61,5.61,5.61,100,0.0,,5.635999999999995,,43.91509058570865,-0.023316349943736547,-0.01746981217262848,-0.005846537771108069
2020-06-05,5.61,5.61,5.61,5.61,100,0.0,,5.6219999999999954,,43.91509058570865,-0.024980771511460276,-0.01897200404039484,-0.006008767471065435
2020-06-06,5.66,5.66,5.66,5.66,100,0.0,,5.629999999999996,,48.9478764689245,-0.022011520357836822,-0.01957990730388324,-0.002431613053953584
2020-06-07,5.69,5.69,5.69,5.69,100,0.0,,5.643999999999997,,51.74578565414186,-0.017041178053910144,-0.01907216145388862,0.002030983399978474
2020-06-08,5.69,5.69,5.69,5.69,100,0.0,,5.651999999999997,,51.74578565414186,-0.012952833763895555,-0.017848295915890006,0.0048954621519944515
2020-06-09,5.63,5.68,5.63,5.68,200,0.0,,5.665999999999997,,50.67219763930342,-0.0103998251746944,-0.016358601767650888,0.005958776592956488
2020-06-10,5.76,5.76,5.76,5.76,100,0.0,,5.695999999999996,,58.15232034501726,-0.0018993218620764196,-0.013466745786535995,0.011567423924459575
2020-06-11,5.68,5.68,5.68,5.68,138,0.0,,5.699999999999997,,49.98885057104254,-0.0015995050574666436,-0.011093297640722125,0.009493792583255481
2020-06-12,5.65,5.65,5.61,5.61,300,0.0,,5.683999999999997,,44.148767067583755,-0.006930423457758295,-0.010260722804129358,0.003330299346371064
2020-06-13,5.6,5.6,5.6,5.6,200,0.0,,5.665999999999996,,43.36926969018731,-0.011825810541088444,-0.010573740351521177,-0.0012520701895672674
2020-06-14,5.61,5.61,5.61,5.61,100,0.0,,5.651999999999997,,44.42597195437937,-0.014728739902204246,-0.011404740261657793,-0.0033239996405464538
2020-06-15,5.64,5.64,5.64,5.64,100,0.0,,5.6279999999999974,,47.58574459494072,-0.014442103476841162,-0.012012212904694466,-0.002429890572146695
2020-06-16,5.66,5.66,5.65,5.65,200,0.0,,5.621999999999997,,48.634132529070634,-0.01325522760538167,-0.012260815844831909,-0.000994411760549761
2020-06-17,5.665,5.665,5.665,5.665,100,0.0,,5.632999999999997,,50.24186086428068,-0.010977701180673094,-0.012004192912000146,0.001026491731327052
2020-06-18,5.62,5.62,5.62,5.62,187,0.0,,5.636999999999996,,45.627894676675716,-0.01265795596267516,-0.01213494552213515,-0.0005230104405400098
2020-06-19,5.64,5.64,5.64,5.64,100,0.0,,5.642999999999996,,47.917207383744696,-0.012234703088599197,-0.01215489703542796,-7.980605317123649e-05
2020-06-20,5.67,5.67,5.67,5.67,100,0.0,,5.6489999999999965,,51.2340266598491,-0.009370505502488413,-0.011598018728840052,0.0022275132263516392
2020-06-21,5.65,5.65,5.65,5.65,200,0.0,,5.6489999999999965,,48.99394731605283,-0.008615131262629028,-0.011001441235597847,0.0023863099729688197
2020-06-22,5.625,5.625,5.625,5.625,200,0.0,,5.6409999999999965,,46.27058988922917,-0.00991943769849346,-0.01078504052817697,0.0008656028296835094
2020-06-23,5.58,5.58,5.58,5.58,100,0.0,,5.6329999999999965,,41.76986494238248,-0.014418031769914741,-0.011511638776524526,-0.0029063929933902145
2020-06-24,5.57,5.57,5.55,5.55,200,0.0,,5.614999999999997,,39.04329100840963,-0.020171425623364492,-0.01324359614589252,-0.006927829477471972
2020-06-25,5.55,5.55,5.55,5.55,100,0.0,,5.590999999999996,,39.04329100840963,-0.024449196584064303,-0.015484716233526877,-0.008964480350537426
2020-06-26,5.585,5.585,5.585,5.585,100,0.0,,5.577999999999996,,43.99020486750409,-0.02473008042410907,-0.01733378907164332,-0.00739629135246575
2020-06-27,5.625,5.625,5.625,5.625,141,0.0,,5.577999999999996,,49.07656554402822,-0.02147743864153462,-0.01816251898562158,-0.0033149196559130387
2020-06-28,5.66,5.66,5.66,5.66,202,0.0,,5.593999999999997,,53.09072505030924,-0.01589229264502734,-0.017708473717502733,0.0018161810724753938
2020-06-29,5.59,5.59,5.59,5.59,200,0.0,,5.601999999999998,,45.385144862350124,-0.01691940284554061,-0.01755065954311031,0.0006312566975697001
2020-06-30,5.585,5.585,5.585,5.585,100,0.0,,5.608999999999996,,44.88403240091094,-0.01793016550582216,-0.01762656073565268,-0.00030360477016947926
2020-07-01,5.555,5.555,5.555,5.555,110,0.0,,5.602999999999996,,41.89507077773433,-0.020910903595720676,-0.018283429307666278,-0.0026274742880543975
2020-07-02,5.53,5.53,5.53,5.53,100,0.0,,5.583999999999996,,39.53249301504088,-0.025002240804664844,-0.019627191607065993,-0.00537504919759885
2020-07-03,5.51,5.51,5.48,5.48,652,0.0,,5.547999999999996,,35.25087636258387,-0.03191138259737336,-0.02208402980512747,-0.009827352792245891
2020-07-04,5.5,5.5,5.5,5.5,100,0.0,,5.529999999999996,,38.13709078361966,-0.03536542380137764,-0.024740308604377502,-0.010625115197000136
2020-07-05,5.49,5.49,5.49,5.49,100,0.0,,5.510999999999996,,37.24317605035388,-0.03846627746489695,-0.027485502376481393,-0.010980775088415554
2020-07-06,5.46,5.46,5.46,5.46,200,0.0,,5.4919999999999956,,34.62138032211877,-0.042850521475178205,-0.03055850619622076,-0.012292015278957444
2020-07-07,5.47,5.47,5.47,5.47,300,0.0,,5.479999999999995,,36.232815399282394,-0.044999424657304665,-0.03344668988843755,-0.011552734768867118
2020-07-08,5.54,5.54,5.54,5.54,100,0.0,,5.4919999999999956,,46.22460728692746,-0.040586178721280675,-0.03487458765500617,-0.005711591066274502
2020-07-09,5.58,5.58,5.58,5.58,1100,0.0,,5.507999999999996,,50.95391048924486,-0.0334751036577714,-0.03459469085555922,0.0011195871977878191
2020-07-10,5.625,5.625,5.625,5.625,100,0.0,,5.534999999999995,,55.676545423183775,-0.02393252229852383,-0.03246225714415214,0.008529734845628315
2020-07-11,5.59,5.59,5.59,5.59,101,0.0,,5.560999999999995,,51.521208488694,-0.018975428386879045,-0.029764891392697525,0.01078946300581848
2020-07-12,5.56,5.56,5.56,5.56,100,0.0,,5.578999999999995,,48.200552589274444,-0.017268583545711813,-0.027265629823300382,0.00999704627758857
2020-07-13,5.5,5.5,5.5,5.5,100,0.0,,5.570999999999995,,42.32499095749933,-0.020520843757951823,-0.025916672610230673,0.00539582885227885
2020-07-14,5.51,5.51,5.51,5.51,100,0.0,,5.556999999999995,,43.55985438236387,-0.022037334308760315,-0.025140804949936604,0.0031034706411762897
2020-07-15,5.54,5.54,5.54,5.54,100,0.0,,5.539999999999995,,47.21140478227553,-0.020581167825105773,-0.02422887752497044,0.0036477096998646687
2020-07-16,5.56,5.56,5.56,5.56,100,0.0,,5.533999999999995,,49.55457780792197,-0.017610311829934666,-0.022905164385963288,0.005294852556028622
2020-07-17,5.54,5.54,5.54,5.54,116,0.0,,5.529999999999996,,47.29382351606367,-0.01667747238266415,-0.02165962598530346,0.0049821536026393096
2020-07-18,5.5,5.5,5.5,5.5,100,0.0,,5.529999999999996,,43.06243550328194,-0.01894744179141039,-0.021117189146524846,0.002169747355114455
2020-07-19,5.515,5.515,5.515,5.515,100,0.0,,5.530999999999996,,45.04797299890851,-0.019313401393232787,-0.020756431595866435,0.0014430302026336474
2020-07-20,5.54,5.54,5.54,5.54,100,0.0,,5.530999999999996,,48.28487967999092,-0.017385724142315873,-0.020082290105156324,0.002696565962840451
2020-07-21,5.55,5.55,5.55,5.55,200,0.0,,5.5289999999999955,,49.56463316508108,-0.01487958698969205,-0.01904174948206347,0.0041621624923714184
2020-07-22,5.535,5.535,5.535,5.535,100,0.0,,5.527999999999996,,47.659462592113016,-0.013943102474220481,-0.018022020080494874,0.004078917606274393
2020-07-23,5.525,5.525,5.525,5.525,100,0.0,,5.532999999999996,,46.37954537779748,-0.013848214577777185,-0.017187258979951336,0.003339044402174151
2020-07-24,5.54,5.54,5.54,5.54,100,0.0,,5.537999999999995,,48.60898579567953,-0.012419476601044366,-0.016233702504169945,0.0038142259031255787
2020-07-25,5.56,5.56,5.56,5.56,100,0.0,,5.541999999999996,,51.5042769107873,-0.009563120903022693,-0.014899586183940494,0.0053364652809178015
2020-07-26,5.55,5.55,5.55,5.55,102,0.0,,5.541999999999995,,49.98784081002506,-0.008013974747558272,-0.01352246389666405,0.005508489149105778
2020-07-27,5.57,5.57,5.57,5.57,200,0.0,,5.548999999999994,5.651124999999999,52.970256075303894,-0.005113487306695141,-0.01184066857867027,0.006727181271975129
