Date,Open,High,Low,Close,Volume,OpenInterest,Entry,5 day sma,200 day sma,rsi,macd,signal,histogram
2020-03-31,135.41,135.41,135.41,135.41,100,0.0,,,,,,,
2020-04-01,135.39,135.39,135.39,135.39,100,0.0,,,,,,,
2020-04-02,135.54,135.54,135.54,135.54,200,0.0,,,,,,,
2020-04-03,135.63,135.63,135.63,135.63,112,0.0,,,,,,,
2020-04-04,135.82,135.82,135.82,135.82,100,0.0,,135.558,,,,,
2020-04-05,135.935,135.935,135.935,135.935,100,0.0,,135.66299999999998,,,,,
2020-04-06,136.01,136.035,136.01,136.035,300,0.0,,135.79199999999997,,,,,
2020-04-07,135.725,135.725,135.725,135.725,100,0.0,,135.829,,,,,
2020-04-08,135.66,135.66,135.66,135.66,110,0.0,,135.83499999999998,,,,,
2020-04-09,135.65,135.65,135.62,135.62,310,0.0,,135.795,,,,,
2020-04-10,135.77,135.77,135.77,135.77,223,0.0,,135.762,,,,,
2020-04-11,135.935,135.94,135.935,135.94,200,0.0,,135.743,,,,,
2020-04-12,135.98,135.98,135.95,135.95,401,0.0,,135.78799999999998,,,,,
2020-04-13,135.93,135.93,135.93,135.93,111,0.0,,135.84199999999998,,,,,
2020-04-14,135.95,135.96,135.95,135.96,200,0.0,,135.91,,68.83561643835682,,,
2020-04-15,135.715,135.715,135.715,135.715,195,0.0,,135.899,,58.2998661311917,,,
2020-04-16,135.72,135.73,135.72,135.73,224,0.0,,135.85700000000003,,58.71648486084197,,,
2020-04-17,135.84,135.84,135.84,135.84,100,0.0,,135.83500000000004,,61.735617284698705,,,
2020-04-18,135.88,135.93,135.88,135.93,335,0.0,,135.83500000000004,,64.05202214067276,,,
2020-04-19,135.795,135.795,135.795,135.795,100,0.0,,135.80200000000002,,58.34631915088126,,,
2020-04-20,135.81,135.81,135.81,135.81,100,0.0,,135.82100000000003,,58.785625222373625,,,
2020-04-21,135.935,135.99,135.935,135.99,220,0.0,,135.87300000000002,,63.72915769225246,,,
2020-04-22,136.14,136.14,136.12,136.12,489,0.0,,135.92900000000003,,66.82419361085124,,,
2020-04-23,136.34,136.34,136.2,136.2,200,0.0,,135.983,,68.59989707507837,,,
2020-04-24,136.205,136.205,136.185,136.185,200,0.0,,136.06099999999998,,67.86641447697164,,,
2020-04-25,136.3,136.3,136.3,136.3,100,0.0,,136.15900000000002,,70.47302735693819,0.17600931085752336,,
2020-04-26,136.45,136.45,136.45,136.45,226,0.0,,136.25100000000003,,73.49333099850817,0.19731578987966714,,
2020-04-27,136.465,136.47,136.465,136.47,200,0.0,,136.32100000000003,,73.87701866980936,0.21335572883000964,,
2020-04-28,136.52,136.52,136.52,136.52,121,0.0,,136.38500000000005,,74.85688419356983,0.22747983223749202,,
2020-04-29,136.54,136.54,136.54,136.54,100,0.0,,136.45600000000005,,75.25668738293953,0.2375488040554501,,
2020-04-30,136.54,136.54,136.54,136.54,102,0.0,,136.50400000000005,,75.25668738293953,0.242730490761204,,
2020-05-01,136.535,136.535,136.535,136.535,100,0.0,,136.52100000000004,,74.91131789110747,0.24362519697498897,,
2020-05-02,136.55,136.55,136.55,136.55,100,0.0,,136.53700000000003,,75.27786582095315,0.24274640330230568,,
2020-05-03,136.52,136.52,136.52,136.52,102,0.0,,136.53700000000003,,72.98129846501082,0.23689838656954976,0.22418999371868786,0.012708392850861894
2020-05-04,136.56,136.56,136.56,136.56,121,0.0,,136.54100000000003,,74.11521195594362,0.23280779355593495,0.2259135536861373,0.006894239869797647
2020-05-05,136.7,136.7,136.7,136.7,100,0.0,,136.57300000000004,,77.65057860323876,0.23811792388931963,0.22835442772677378,0.009763496162545848
2020-05-06,136.63,136.63,136.63,136.63,111,0.0,,136.59200000000004,,72.33109385586195,0.23398064225435178,0.22947967063228938,0.004500971622062394
2020-05-07,136.72,136.73,136.72,136.73,212,0.0,,136.62800000000007,,74.96916691811873,0.23604994419557102,0.23079372534494572,0.005256218850625299
2020-05-08,136.61,136.61,136.61,136.61,110,0.0,,136.64600000000007,,66.74520939683569,0.22540851472848544,0.22971668322165367,-0.00430816849316823
2020-05-09,136.66,136.66,136.66,136.66,200,0.0,,136.66600000000008,,68.3053288951925,0.21849105842545669,0.22747155826241428,-0.00898049983695759
2020-05-10,136.62,136.62,136.62,136.62,200,0.0,,136.6500000000001,,65.65179333957559,0.20739058914617203,0.22345536443916583,-0.0160647752929938
2020-05-11,136.58,136.66,136.58,136.66,254,0.0,,136.6560000000001,,67.03109582883295,0.19952109795417527,0.21866851114216773,-0.019147413187992457
2020-05-12,136.71,136.795,136.71,136.795,210,0.0,,136.66900000000007,,71.23015028229975,0.20185102824015644,0.21530501456176548,-0.013453986321609046
2020-05-13,136.88,136.88,136.85,136.85,629,0.0,,136.71700000000007,,72.7527417999616,0.20576363996576674,0.21339673964256572,-0.007633099676798982
2020-05-14,136.8,136.82,136.8,136.82,551,0.0,,136.74900000000008,,70.559215701118,0.20409102932381984,0.21153559757881657,-0.007444568254996731
2020-05-15,136.72,136.84,136.72,136.83,600,0.0,,136.7910000000001,,70.87444823378806,0.20125247649241373,0.20947897336153604,-0.008226496869122302
2020-05-16,136.85,136.85,136.775,136.775,509,0.0,,136.8140000000001,,66.64762847197349,0.19234759918583677,0.20605269852639618,-0.013705099340559412
2020-05-17,136.66,136.74,136.66,136.66,416,0.0,,136.7870000000001,,58.757129888190036,0.1740050588551867,0.1996431705921543,-0.025638111736967617
2020-05-18,136.67,136.67,136.645,136.645,706,0.0,,136.7460000000001,,57.79597050820579,0.15645457786845895,0.19100545204741526,-0.0345508741789563
2020-05-19,136.625,136.66,136.56,136.66,397,0.0,,136.71400000000008,,58.52658670868385,0.14211782407122087,0.1812279264521764,-0.039110102380955525
2020-05-20,136.67,136.67,136.67,136.67,134,0.0,,136.68200000000007,,59.03572305074971,0.13006346911245714,0.17099503498423255,-0.040931565871775405
2020-05-21,136.58,136.7,136.555,136.63,938,0.0,,136.65300000000008,,56.07059043187713,0.11594608594975853,0.15998524517733775,-0.04403915922757923
2020-05-22,136.53,136.53,136.53,136.53,200,0.0,,136.62700000000007,,49.39165145870753,0.09558692722171713,0.14710558158621365,-0.05151865436449651
2020-05-23,135.92,135.92,135.88,135.88,508,0.0,,136.47400000000007,,26.933805305343043,0.026694857822604945,0.1230234368334919,-0.09632857901088696
2020-05-24,135.52,135.52,135.51,135.51,242,0.0,,136.24400000000009,,21.062892641175964,-0.05710029464478339,0.08699869053783685,-0.14409898518262024
2020-05-25,135.3,135.31,135.3,135.31,520,0.0,,135.9720000000001,,18.691201759777016,-0.13805546772155708,0.04198785888595806,-0.18004332660751515
2020-05-26,135.09,135.09,135.09,135.09,101,0.0,,135.6640000000001,,16.491438350159427,-0.21745846124073864,-0.00990140513938128,-0.20755705610135736
2020-05-27,135.175,135.175,135.175,135.175,113,0.0,,135.39300000000011,,20.389853616650186,-0.270409997915408,-0.062003123694586625,-0.20840687422082135
2020-05-28,135.14,135.15,135.14,135.15,415,0.0,,135.24700000000013,,20.09275383979258,-0.31080895117432306,-0.11176428919053391,-0.19904466198378915
2020-05-29,135.02,135.02,135.02,135.02,101,0.0,,135.14900000000011,,18.576925300492775,-0.3492889407512223,-0.1592692195026716,-0.1900197212485507
2020-05-30,134.66,134.66,134.66,134.66,255,0.0,,135.0190000000001,,15.165017008009514,-0.4041745287017875,-0.2082502813424948,-0.1959242473592927
2020-05-31,134.18,134.18,134.18,134.18,104,0.0,,134.8370000000001,,12.00027603030206,-0.4808606784783933,-0.26277236076967453,-0.21808831770871878
2020-06-01,134.39,134.39,134.3,134.3,603,0.0,,134.66200000000012,,16.681520240362204,-0.5258898764119238,-0.3153958638981244,-0.21049401251379934
2020-06-02,134.08,134.08,134.08,134.08,110,0.0,,134.44800000000015,,15.096012545122989,-0.5727259730673779,-0.3668618857319751,-0.20586408733540285
2020-06-03,134.04,134.04,134.04,134.04,153,0.0,,134.25200000000012,,14.82020326076055,-0.606085012064483,-0.41470651099847666,-0.1913785010660063
2020-06-04,134.14,134.295,134.14,134.295,244,0.0,,134.17900000000014,,24.313750017123823,-0.6049721792324192,-0.4527596446452652,-0.152212534587154
2020-06-05,134.285,134.48,134.285,134.48,440,0.0,,134.23900000000012,,30.37642703596758,-0.5824481970507804,-0.4786973551263683,-0.10375084192441214
2020-06-06,134.41,134.41,134.335,134.335,469,0.0,,134.24600000000015,,28.45266499049501,-0.5697305677398106,-0.4969039976490568,-0.07282657009075377
2020-06-07,134.135,134.135,134.135,134.135,119,0.0,,134.25700000000012,,26.006203952886523,-0.5692283730632539,-0.5113688727318962,-0.05785950033135767
2020-06-08,134.01,134.235,134.01,134.235,324,0.0,,134.29600000000013,,29.28043715622161,-0.5543707746919893,-0.5199692531239148,-0.03440152156807441
2020-06-09,134.71,134.71,134.68,134.68,301,0.0,,134.37300000000016,,41.653419731259625,-0.5009140150029339,-0.5161582054997187,0.015244190496784826
2020-06-10,134.645,134.645,134.645,134.645,138,0.0,,134.40600000000015,,41.04515939569748,-0.45611553929208526,-0.5041496722581921,0.04803413296610681
2020-06-11,134.66,134.66,134.66,134.66,362,0.0,,134.47100000000015,,41.439842891185464,-0.41462253935577564,-0.4862442456777088,0.07162170632193315
2020-06-12,134.525,134.525,134.525,134.525,142,0.0,,134.54900000000015,,38.91478508181427,-0.38815796630760246,-0.46662698980368755,0.07846902349608509
2020-06-13,134.835,134.835,134.835,134.835,202,0.0,,134.66900000000015,,46.913975530839544,-0.3382708168674924,-0.4409557552164486,0.1026849383489562
2020-06-14,134.98,135.02,134.98,135.005,544,0.0,,134.73400000000015,,50.72472907592629,-0.28176925172931533,-0.40911845451902196,0.12734920278970663
2020-06-15,135.09,135.09,135.09,135.09,221,0.0,,134.82300000000015,,52.55849462085605,-0.22750997133067585,-0.37279675788135275,0.1452867865506769
2020-06-16,134.875,134.875,134.875,134.875,100,0.0,,134.86600000000016,,47.72091862712787,-0.1995574300345595,-0.33814889231199413,0.13859146227743463
2020-06-17,135.14,135.16,135.14,135.16,416,0.0,,134.99300000000017,,53.79233465082844,-0.15264808936055374,-0.30104873172170604,0.1484006423611523
2020-06-18,135.15,135.15,135.15,135.15,200,0.0,,135.05600000000015,,53.55730611643114,-0.11495389835545211,-0.26382976504845523,0.14887586669300312
2020-06-19,135.34,135.34,135.34,135.34,183,0.0,,135.12300000000016,,57.3685648790376,-0.0689547014328582,-0.22485475232533583,0.15590005089247763
2020-06-20,135.455,135.455,135.45,135.45,217,0.0,,135.19500000000014,,59.44363975725776,-0.023354707246426187,-0.1845547433095539,0.16120003606312772
2020-06-21,135.505,135.505,135.505,135.505,101,0.0,,135.32100000000014,,60.479452989542544,0.017025398822681836,-0.14423871488310677,0.1612641137057886
2020-06-22,135.56,135.62,135.545,135.545,371,0.0,,135.39800000000014,,61.254495962248804,0.05165909561389981,-0.10505915278370546,0.1567182483976053
2020-06-23,135.625,135.625,135.625,135.625,128,0.0,,135.49300000000014,,62.824755182129316,0.08458681708151516,-0.06712995881066133,0.1517167758921765
2020-06-24,135.485,135.485,135.485,135.485,106,0.0,,135.52200000000013,,58.36677182335061,0.09825284595689254,-0.03405339785715056,0.1323062438140431
2020-06-25,135.535,135.6,135.535,135.6,204,0.0,,135.55200000000013,,60.825793379041485,0.11701394725864134,-0.003839928833992177,0.12085387609263351
2020-06-26,135.73,135.81,135.73,135.81,220,0.0,,135.6130000000001,,64.90245888159303,0.147131460275574,0.02635434898792106,0.12077711128765294
2020-06-27,135.79,135.79,135.79,135.79,100,0.0,,135.66200000000012,,64.21704863163347,0.16745564898940302,0.05457460898821745,0.11288104000118557
2020-06-28,135.56,135.62,135.555,135.62,520,0.0,,135.66100000000012,,58.556385454625435,0.167909578619998,0.07724160291457356,0.09066797570542444
2020-06-29,135.58,135.58,135.58,135.58,103,0.0,,135.68000000000012,,57.2770242636587,0.16316083883060628,0.09442545009778011,0.06873538873282617
2020-06-30,135.76,135.76,135.76,135.76,100,0.0,,135.71200000000013,,61.36745827603808,0.17193990778392276,0.10992834163500864,0.06201156614891412
2020-07-01,135.72,135.73,135.72,135.73,313,0.0,,135.69600000000014,,60.33069487694571,0.17446550416860873,0.12283577414172867,0.051629730026880066
2020-07-02,135.82,135.82,135.82,135.82,100,0.0,,135.70200000000014,,62.38385017702255,0.18163552408060468,0.13459572412950388,0.0470397999511008
2020-07-03,135.82,135.83,135.82,135.83,202,0.0,,135.74400000000014,,62.61537756922836,0.18598086134406344,0.1448727515724158,0.04110810977164764
2020-07-04,135.675,135.675,135.675,135.675,180,0.0,,135.76300000000012,,56.781573446928945,0.17490121548104298,0.15087844435414124,0.024022771126901737
2020-07-05,135.69,135.69,135.69,135.69,150,0.0,,135.7490000000001,,57.197184814391306,0.16542398620964605,0.1537875527252422,0.011636433484403852
2020-07-06,135.31,135.37,135.31,135.37,301,0.0,,135.6770000000001,,46.84708688966509,0.13058656742200014,0.14914735566459378,-0.018560788242593634
2020-07-07,135.42,135.42,135.42,135.42,111,0.0,,135.59700000000012,,48.41772105434776,0.10579273142116108,0.14047643081590724,-0.034683699394746165
2020-07-08,135.21,135.34,135.21,135.34,202,0.0,,135.4990000000001,,46.071931467716816,0.07877997978036433,0.12813714060879866,-0.04935716082843433
2020-07-09,135.485,135.53,135.485,135.53,235,0.0,,135.4700000000001,,52.0177739512838,0.0718750606341132,0.11688472461386158,-0.045009663979748385
2020-07-10,135.67,135.67,135.67,135.67,105,0.0,,135.46600000000012,,55.87800085893072,0.07681422585415021,0.10887062486191931,-0.032056399007769104
2020-07-11,135.7,135.7,135.7,135.7,104,0.0,,135.53200000000012,,56.68222387149563,0.08220172879461529,0.10353684564845851,-0.02133511685384322
2020-07-12,135.58,135.58,135.58,135.58,100,0.0,,135.56400000000014,,52.555687206926926,0.07591328547110265,0.09801213361298736,-0.022098848141884703
2020-07-13,135.46,135.46,135.46,135.46,200,0.0,,135.58800000000014,,48.73481239062734,0.060548684172403,0.0905194437248705,-0.029970759552467502
2020-07-14,135.06,135.06,135.06,135.06,141,0.0,,135.49400000000014,,38.648375739324024,0.015912045728413204,0.07559796412557905,-0.059685918397165846
2020-07-15,135.19,135.19,135.19,135.19,102,0.0,,135.39800000000017,,42.79238176208768,-0.00887064303231,0.05870424269400124,-0.06757488572631123
2020-07-16,135.07,135.07,135.07,135.07,111,0.0,,135.27200000000016,,40.099856954058694,-0.0377588391493191,0.03941162632533718,-0.07717046547465628
2020-07-17,135.29,135.44,135.28,135.44,325,0.0,,135.24400000000017,,50.4518872171574,-0.030446071558372978,0.02544008674859515,-0.05588615830696812
2020-07-18,135.4,135.4,135.4,135.4,101,0.0,,135.23200000000014,,49.45678767002873,-0.02756061465311177,0.014839946468253765,-0.04240056112136553
2020-07-19,135.445,135.5,135.445,135.5,268,0.0,,135.32000000000016,,52.00541337991317,-0.01700863998769364,0.008470229177064284,-0.025478869164757924
2020-07-20,135.505,135.505,135.505,135.505,120,0.0,,135.38300000000018,,52.1353742393423,-0.008148732315504503,0.0051464368785505265,-0.01329516919405503
2020-07-21,135.42,135.42,135.33,135.33,554,0.0,,135.43500000000017,,47.30702491075722,-0.015074460124310463,0.001102257477978329,-0.016176717602288792
2020-07-22,135.24,135.24,135.24,135.24,200,0.0,,135.39500000000015,,44.99891050665002,-0.027508298605567916,-0.00461985373873092,-0.022888444866836995
2020-07-23,135.63,135.63,135.63,135.63,111,0.0,,135.44100000000017,,55.19942474091573,-0.005825313955767797,-0.004860945782138295,-0.0009643681736295016
2020-07-24,135.63,135.81,135.63,135.81,217,0.0,,135.50300000000016,,58.980646644977504,0.025588139134015364,0.0012288712010924373,0.024359267932922927
2020-07-25,135.88,135.88,135.88,135.88,200,0.0,,135.57800000000015,,60.38107682096634,0.05549226176410116,0.012081549313694182,0.04341071245040698
2020-07-26,135.99,136.08,135.99,136.08,410,0.0,,135.72800000000015,,64.14734006099897,0.09424344317781674,0.028513928086518696,0.06572951509129804
2020-07-27,135.57,135.57,135.57,135.57,111,0.0,,135.79400000000015,,50.86797483678253,0.08284629536029797,0.03938040154127455,0.043465893819023424
2020-07-28,134.835,134.835,134.835,134.835,100,0.0,,135.63500000000016,135.6754583333333,38.49864967364549,0.014340310086083718,0.03437238325023639,-0.020032073164152668
