Date,Open,High,Low,Close,Volume,OpenInterest,Entry,5 day sma,200 day sma,rsi,macd,signal,histogram
2020-03-31,26.31,26.31,26.31,26.31,400,0.0,,,,,,,
2020-04-01,26.26,26.26,26.26,26.26,367,0.0,,,,,,,
2020-04-02,26.31,26.31,26.3,26.31,500,0.0,,,,,,,
2020-04-03,26.305,26.34,26.3,26.34,664,0.0,,,,,,,
2020-04-04,26.35,26.36,26.345,26.35,1053,0.0,,26.314,,,,,
2020-04-05,26.34,26.36,26.335,26.34,1067,0.0,,26.32,,,,,
2020-04-06,26.34,26.34,26.31,26.31,865,0.0,,26.330000000000002,,,,,
2020-04-07,26.315,26.315,26.315,26.315,182,0.0,,26.331,,,,,
2020-04-08,26.335,26.37,26.315,26.37,7676,0.0,,26.337,,,,,
2020-04-09,26.36,26.37,26.35,26.37,831,0.0,,26.341,,,,,
2020-04-10,26.36,26.36,26.33,26.33,2899,0.0,,26.339000000000006,,,,,
2020-04-11,26.33,26.35,26.33,26.34,577,0.0,,26.345000000000006,,,,,
2020-04-12,26.36,26.36,26.31,26.31,866,0.0,,26.344000000000005,,,,,
2020-04-13,26.305,26.33,26.3,26.32,2517,0.0,,26.334000000000003,,,,,
2020-04-14,26.31,26.32,26.31,26.31,451,0.0,,26.322000000000003,,50.0,,,
2020-04-15,26.33,26.36,26.325,26.33,773,0.0,,26.322000000000003,,52.97872340425517,,,
2020-04-16,26.335,26.35,26.33,26.345,2962,0.0,,26.323,,55.137414116177276,,,
2020-04-17,26.35,26.35,26.29,26.29,1822,0.0,,26.319,,46.675953794842734,,,
2020-04-18,26.295,26.295,26.295,26.295,139,0.0,,26.314,,47.46524566919477,,,
2020-04-19,26.305,26.35,26.305,26.35,775,0.0,,26.321999999999996,,55.30267191557441,,,
2020-04-20,26.355,26.355,26.3,26.3,1625,0.0,,26.315999999999995,,48.2547819231697,,,
2020-04-21,26.29,26.3,26.255,26.27,1987,0.0,,26.301,,44.58345813974284,,,
2020-04-22,26.26,26.26,26.17,26.17,3282,0.0,,26.277000000000005,,35.01918805624514,,,
2020-04-23,26.18,26.18,26.09,26.1,3572,0.0,,26.238,,30.14428686683516,,,
2020-04-24,26.13,26.145,26.12,26.12,700,0.0,,26.192,,33.013505452162335,,,
2020-04-25,26.12,26.15,26.1,26.1,2320,0.0,,26.151999999999997,,31.615075826544853,-0.07309515444564951,,
2020-04-26,26.09,26.09,26.05,26.085,2427,0.0,,26.115,,30.569202632265615,-0.07824904477638839,,
2020-04-27,26.105,26.105,26.08,26.09,635,0.0,,26.099,,31.384044523912934,-0.08099640563635191,,
2020-04-28,26.11,26.11,26.08,26.08,481,0.0,,26.095,,30.610289796090257,-0.08302358117465758,,
2020-04-29,26.105,26.105,26.095,26.095,856,0.0,,26.089999999999996,,33.26798154497321,-0.08246910524398743,,
2020-04-30,26.08,26.09,26.08,26.09,285,0.0,,26.088,,32.81678169041243,-0.08149372831546842,,
2020-05-01,26.12,26.125,26.12,26.12,597,0.0,,26.095,,38.23000563937208,-0.07740767826246042,,
2020-05-02,26.125,26.125,26.12,26.12,1307,0.0,,26.101,,38.23000563937208,-0.073324218212246,,
2020-05-03,26.1,26.12,26.1,26.12,974,0.0,,26.109,,38.23000563937208,-0.0692893225237583,-0.07770535984344089,0.008416037319682587
2020-05-04,26.105,26.11,26.085,26.11,1876,0.0,,26.112000000000005,,36.989202306582456,-0.06613617835159857,-0.07539152354507243,0.00925534519347386
2020-05-05,26.1,26.115,26.1,26.115,430,0.0,,26.117000000000008,,38.07149290922147,-0.0625132172098617,-0.07281586227803029,0.010302645068168595
2020-05-06,26.1,26.1,26.07,26.08,1668,0.0,,26.109,,33.707018310491236,-0.06175433634713556,-0.07060355709185134,0.00884922074471578
2020-05-07,26.09,26.09,26.08,26.085,854,0.0,,26.102000000000004,,34.855948058709956,-0.060057158049016124,-0.0684942772832843,0.008437119234268181
2020-05-08,26.08,26.085,26.055,26.085,3163,0.0,,26.095000000000006,,34.855948058709956,-0.05804304789466386,-0.06640403140556021,0.008360983510896355
2020-05-09,26.08,26.1,26.07,26.07,3710,0.0,,26.087,,32.87366931025551,-0.05700016332478697,-0.06452325778940557,0.0075230944646186015
2020-05-10,26.06,26.08,26.055,26.08,2722,0.0,,26.079999999999995,,35.506932588968866,-0.05473579321078503,-0.06256576487368146,0.007829971662896423
2020-05-11,26.12,26.16,26.12,26.12,2274,0.0,,26.088,,44.82982020074093,-0.04914706114755063,-0.059882024128455294,0.010734962980904664
2020-05-12,26.115,26.13,26.115,26.12,1601,0.0,,26.095,,44.82982020074094,-0.04420834444675492,-0.056747288192115226,0.012538943745360305
2020-05-13,26.155,26.17,26.155,26.16,1572,0.0,,26.109999999999996,,52.75114890046234,-0.03664429752224052,-0.05272669005814029,0.01608239253589977
2020-05-14,26.16,26.205,26.16,26.2,2606,0.0,,26.135999999999996,,59.07860006124331,-0.027109567908759402,-0.04760326562826412,0.020493697719504718
2020-05-15,26.16,26.17,26.15,26.17,692,0.0,,26.153999999999996,,53.312136127563974,-0.021723559602943254,-0.04242732442319995,0.020703764820256695
2020-05-16,26.175,26.18,26.175,26.18,416,0.0,,26.165999999999997,,54.89262121992222,-0.016458469795217923,-0.037233553497603544,0.02077508370238562
2020-05-17,26.19,26.21,26.19,26.2,4246,0.0,,26.181999999999995,,57.958001973998876,-0.010550396928252326,-0.0318969221837333,0.021346525255480975
2020-05-18,26.18,26.22,26.17,26.22,2361,0.0,,26.193999999999996,,60.825019255346014,-0.0042058908709066145,-0.026358715921167966,0.02215282505026135
2020-05-19,26.21,26.23,26.21,26.23,1061,0.0,,26.199999999999996,,62.21257040611989,0.0016105271611586147,-0.02076486730470265,0.022375394465861266
2020-05-20,26.275,26.3,26.27,26.3,3076,0.0,,26.226,,70.17583617014277,0.01173324183401192,-0.014265245476959738,0.02599848731097166
2020-05-21,26.31,26.32,26.3,26.305,2406,0.0,,26.250999999999998,,70.65159300888457,0.01992929188444137,-0.0074263380046795165,0.027355629889120887
2020-05-22,26.33,26.385,26.33,26.375,4762,0.0,,26.286,,76.34162168010049,0.031707629765723055,0.00040045554940099787,0.03130717421632206
2020-05-23,26.37,26.38,26.355,26.37,2169,0.0,,26.316000000000003,,75.21981294218625,0.04017547135629229,0.008355458710779256,0.031820012645513034
2020-05-24,26.39,26.415,26.39,26.41,1398,0.0,,26.352000000000004,,78.00444052535488,0.049542863242276525,0.016592939617078712,0.032949923625197816
2020-05-25,26.41,26.41,26.38,26.39,1880,0.0,,26.370000000000005,,73.5538016959684,0.05472195530973778,0.024218742755610527,0.030503212554127253
2020-05-26,26.35,26.35,26.33,26.33,1292,0.0,,26.375,,62.10554538068111,0.05336971171233529,0.03004893654695548,0.02332077516537981
2020-05-27,26.34,26.37,26.34,26.37,916,0.0,,26.374000000000002,,65.91443306082834,0.054892942948416845,0.03501773782724775,0.019875205121169096
2020-05-28,26.36,26.36,26.33,26.35,2508,0.0,,26.369999999999997,,62.530150126072485,0.053865355535677395,0.03878726136893368,0.015078094166743716
2020-05-29,26.355,26.36,26.34,26.34,1864,0.0,,26.356,,60.84791562172936,0.051648694679137463,0.04135954803097444,0.010289146648163022
2020-05-30,26.33,26.35,26.33,26.35,416,0.0,,26.348000000000003,,61.95029984024016,0.050121126262425264,0.043111863677264606,0.007009262585160658
2020-05-31,26.35,26.37,26.33,26.37,4212,0.0,,26.356000000000005,,64.12587501878343,0.049948574069702545,0.0444792057557522,0.005469368313950347
2020-06-01,26.39,26.42,26.39,26.42,1626,0.0,,26.366000000000007,,68.91158263945172,0.05323277307461538,0.04622991921952484,0.007002853855090543
2020-06-02,26.4,26.43,26.39,26.43,1700,0.0,,26.382000000000012,,69.7798940477453,0.05599694297219315,0.048183323970058506,0.007813619002134647
2020-06-03,26.44,26.45,26.44,26.44,1302,0.0,,26.402000000000008,,70.66233789430116,0.058322182145829515,0.05021109560521271,0.008111086540616805
2020-06-04,26.44,26.49,26.44,26.48,9796,0.0,,26.428000000000008,,73.94030840875855,0.06267019366767457,0.05270291521770508,0.009967278449969488
2020-06-05,26.48,26.5,26.48,26.49,1720,0.0,,26.45200000000001,,74.70133841061592,0.06616028595779966,0.055394389365724,0.010765896592075656
2020-06-06,26.465,26.465,26.45,26.45,984,0.0,,26.458000000000006,,66.35406369803329,0.06494984218558741,0.05730547992969669,0.007644362255890727
2020-06-07,26.42,26.42,26.405,26.415,1032,0.0,,26.455000000000002,,60.032882277417215,0.06046929686906566,0.057938243317570484,0.0025310535514951743
2020-06-08,26.43,26.43,26.425,26.425,894,0.0,,26.452000000000005,,61.17104172526448,0.057067510118297804,0.05776409667771595,-0.0006965865594181428
2020-06-09,26.41,26.42,26.41,26.41,828,0.0,,26.438000000000006,,58.48081053367133,0.0525553693862868,0.05672235121943012,-0.004166981833143318
2020-06-10,26.425,26.425,26.42,26.42,840,0.0,,26.424,,59.75163450929891,0.04921901560039643,0.055221684095623384,-0.006002668495226952
2020-06-11,26.42,26.42,26.4,26.4,2562,0.0,,26.414000000000005,,56.05612531238259,0.044448721145922576,0.05306709150568323,-0.008618370359760652
2020-06-12,26.4,26.43,26.4,26.43,2002,0.0,,26.41700000000001,,60.04768300490498,0.04259793522123445,0.05097326024879348,-0.008375325027559027
2020-06-13,26.42,26.42,26.4,26.4,2258,0.0,,26.412000000000006,,54.697190431417944,0.03826928032045629,0.04843246426312604,-0.010163183942669754
2020-06-14,26.4,26.42,26.4,26.42,1556,0.0,,26.414000000000005,,57.42105689508243,0.03603720847146619,0.045953413104794075,-0.009916204633327888
2020-06-15,26.43,26.43,26.41,26.41,2124,0.0,,26.412,,55.620325687317575,0.03308003299465767,0.0433787370827668,-0.01029870408810913
2020-06-16,26.42,26.43,26.42,26.43,2044,0.0,,26.418,,58.42828208721467,0.031981618783547106,0.04109931342292286,-0.009117694639375756
2020-06-17,26.45,26.46,26.43,26.43,2636,0.0,,26.418,,58.428282087214676,0.030756574956793514,0.03903076572969699,-0.008274190772903478
2020-06-18,26.44,26.465,26.44,26.465,2622,0.0,,26.431,,63.159173978744924,0.032238303298154136,0.03767227324338843,-0.0054339699452342904
2020-06-19,26.46,26.52,26.46,26.52,3400,0.0,,26.451,,69.10844955939952,0.03741927788698973,0.03762167417210869,-0.00020239628511895674
2020-06-20,26.53,26.53,26.5,26.5,3074,0.0,,26.469,,64.99802325646768,0.03945657389947144,0.03798865411758124,0.0014679197818901965
2020-06-21,26.47,26.47,26.46,26.46,800,0.0,,26.475,,57.61693275801048,0.03741221523233307,0.03787336634053161,-0.0004611511081985403
2020-06-22,26.46,26.49,26.46,26.49,2210,0.0,,26.487000000000002,,61.177730066196624,0.03777732208591189,0.037854157489607666,-7.683540369577552e-05
2020-06-23,26.485,26.54,26.485,26.52,6642,0.0,,26.498,,64.39882745040111,0.04002602606423977,0.03828853120453409,0.0017374948597056808
2020-06-24,26.525,26.525,26.49,26.49,3070,0.0,,26.492,,59.11660040085307,0.038938531733133885,0.03841853131025405,0.0005200004228798349
2020-06-25,26.48,26.495,26.48,26.495,4446,0.0,,26.491000000000003,,59.70976111615789,0.03804162270753153,0.038343149589709545,-0.00030152688217801454
2020-06-26,26.49,26.49,26.47,26.47,2752,0.0,,26.493000000000002,,55.38305890897819,0.03491109144579241,0.03765673796092612,-0.002745646515133711
2020-06-27,26.45,26.46,26.45,26.455,622,0.0,,26.486,,52.905911744177565,0.03086396762026311,0.03629818389279352,-0.005434216272530407
2020-06-28,26.46,26.475,26.45,26.465,7626,0.0,,26.475,,54.37114858727785,0.028139138781227757,0.03466637487048037,-0.006527236089252611
2020-06-29,26.48,26.52,26.48,26.515,3302,0.0,,26.479999999999997,,60.91852192156443,0.029672231414103578,0.03366754617920501,-0.003995314765101433
2020-06-30,26.515,26.525,26.5,26.5,3582,0.0,,26.480999999999995,,58.219526334490524,0.02933864608186454,0.032801766159736914,-0.0034631200778723753
2020-07-01,26.5,26.505,26.5,26.505,1590,0.0,,26.487999999999992,,58.87361523580915,0.029141806906103795,0.03206977430901029,-0.0029279674029064964
2020-07-02,26.49,26.49,26.49,26.49,202,0.0,,26.494999999999994,,56.03921359342246,0.027458906618466727,0.031147600770901583,-0.0036886941524348557
2020-07-03,26.47,26.47,26.44,26.44,2842,0.0,,26.48999999999999,,47.781433888669895,0.021838868995750715,0.02928585441587141,-0.007446985420120695
2020-07-04,26.45,26.45,26.45,26.45,648,0.0,,26.476999999999986,,49.38778788932847,0.017984550413903122,0.027025593615477753,-0.00904104320157463
2020-07-05,26.45,26.45,26.43,26.43,1352,0.0,,26.462999999999987,,46.318845591102935,0.013164391406309761,0.024253353173644156,-0.011088961767334395
2020-07-06,26.425,26.43,26.425,26.43,510,0.0,,26.44799999999999,,46.318845591102935,0.009237891996871639,0.021250260938289654,-0.012012368941418015
2020-07-07,26.46,26.46,26.46,26.46,400,0.0,,26.44199999999999,,51.555721320776,0.00844946206643371,0.018690101163918466,-0.010240639097484756
2020-07-08,26.46,26.47,26.46,26.47,3334,0.0,,26.44799999999999,,53.194829734712364,0.008533176940694887,0.01665871631927375,-0.008125539378578864
2020-07-09,26.46,26.46,26.46,26.46,220,0.0,,26.449999999999996,,51.32468108213629,0.007703800538010341,0.01486773316302107,-0.0071639326250107285
2020-07-10,26.47,26.47,26.465,26.47,1390,0.0,,26.45799999999999,,53.100346052457844,0.0077639324101177465,0.013446973012440407,-0.005683040602322661
2020-07-11,26.46,26.475,26.45,26.45,6010,0.0,,26.46199999999999,,49.23209033335918,0.006127124818064544,0.011983003373565235,-0.005855878555500691
2020-07-12,26.44,26.44,26.425,26.43,1454,0.0,,26.45599999999999,,45.650713056001486,0.0031794593277858496,0.01022229456440936,-0.00704283523662351
2020-07-13,26.43,26.44,26.415,26.415,1740,0.0,,26.444999999999986,,43.11733692543158,-0.00036277955294750086,0.008105279740937988,-0.008468059293885489
2020-07-14,26.41,26.41,26.41,26.41,858,0.0,,26.434999999999985,,42.27516483070136,-0.0035327640942277583,0.005777670973904839,-0.009310435068132597
2020-07-15,26.4,26.4,26.38,26.4,1542,0.0,,26.420999999999985,,40.56848375520004,-0.006773831594156121,0.003267370460292647,-0.010041202054448767
2020-07-16,26.39,26.42,26.39,26.42,2400,0.0,,26.414999999999985,,45.32279941787376,-0.007640493235474111,0.0010857977211392955,-0.008726290956613406
2020-07-17,26.42,26.465,26.42,26.465,1564,0.0,,26.421999999999986,,54.200476845909044,-0.004642686906191074,-5.989920432677824e-05,-0.0045827877018642955
2020-07-18,26.47,26.47,26.45,26.45,1748,0.0,,26.428999999999984,,51.21538979267488,-0.003437651327338642,-0.0007354496289291512,-0.0027022016984094913
2020-07-19,26.44,26.44,26.42,26.425,2930,0.0,,26.431999999999988,,46.60806914615612,-0.004448661613682958,-0.0014780920258799127,-0.0029705695878030455
2020-07-20,26.43,26.43,26.43,26.43,600,0.0,,26.437999999999988,,47.62292388839187,-0.004791206292569683,-0.002140714879217867,-0.002650491413351816
2020-07-21,26.44,26.44,26.42,26.42,1904,0.0,,26.437999999999988,,45.7499423826957,-0.005802701909445318,-0.0028731122852633574,-0.0029295896241819607
2020-07-22,26.44,26.46,26.44,26.46,2846,0.0,,26.43699999999999,,53.60939258557703,-0.0033381733823922843,-0.002966124504689143,-0.0003720488777031413
2020-07-23,26.45,26.45,26.43,26.43,810,0.0,,26.432999999999993,,47.99348217466331,-0.0037623954950127825,-0.003125378702753871,-0.0006370167922589115
2020-07-24,26.41,26.43,26.41,26.43,2588,0.0,,26.43399999999999,,47.99348217466332,-0.0040518869451311446,-0.003310680351229326,-0.0007412065939018187
2020-07-25,26.44,26.44,26.42,26.42,800,0.0,,26.431999999999995,,46.12551754453293,-0.005030241933738466,-0.003654592667731154,-0.0013756492660073122
2020-07-26,26.41,26.42,26.41,26.41,2814,0.0,,26.429999999999996,,44.26993632671869,-0.006537155478273604,-0.0042311052298396445,-0.0023060502484339596
2020-07-27,26.43,26.45,26.43,26.45,3304,0.0,,26.42799999999999,,52.50119215919168,-0.004452405058998465,-0.004275365195671409,-0.00017703986332705604
2020-07-28,26.46,26.46,26.445,26.45,2072,0.0,,26.431999999999988,26.340458333333313,52.501192159191696,-0.0027683139321119654,-0.00397395494295952,0.001205641010847555
