Date,Open,High,Low,Close,Volume,OpenInterest,Entry,5 day sma,200 day sma,rsi,macd,signal,histogram
2020-03-31,77.215,77.3,77.215,77.27,966,0.0,,,,,,,
2020-04-01,77.27,77.27,77.27,77.27,190,0.0,,,,,,,
2020-04-02,77.26,77.26,77.25,77.255,502,0.0,,,,,,,
2020-04-03,77.215,77.215,77.21,77.21,201,0.0,,,,,,,
2020-04-04,77.215,77.22,77.175,77.175,612,0.0,,77.236,,,,,
2020-04-05,77.22,77.22,77.22,77.22,100,0.0,,77.226,,,,,
2020-04-06,77.19,77.19,77.19,77.19,315,0.0,,77.21000000000001,,,,,
2020-04-07,77.2,77.2,77.16,77.16,946,0.0,,77.191,,,,,
2020-04-08,77.165,77.175,77.165,77.175,751,0.0,,77.18400000000001,,,,,
2020-04-09,77.2,77.25,77.2,77.25,900,0.0,,77.19900000000001,,,,,
2020-04-10,77.25,77.25,77.23,77.23,1754,0.0,,77.20100000000002,,,,,
2020-04-11,77.225,77.25,77.225,77.25,980,0.0,,77.21300000000002,,,,,
2020-04-12,77.245,77.25,77.24,77.24,1682,0.0,,77.22900000000001,,,,,
2020-04-13,77.25,77.25,77.25,77.25,722,0.0,,77.24400000000001,,,,,
2020-04-14,77.25,77.26,77.25,77.255,1128,0.0,,77.24500000000002,,47.88732394366192,,,
2020-04-15,77.29,77.29,77.29,77.29,270,0.0,,77.25700000000002,,52.88932419196995,,,
2020-04-16,77.34,77.36,77.34,77.36,204,0.0,,77.27900000000002,,60.96022975588452,,,
2020-04-17,77.35,77.36,77.33,77.36,2295,0.0,,77.30300000000003,,60.96022975588452,,,
2020-04-18,77.35,77.44,77.35,77.44,429,0.0,,77.34100000000002,,68.184622202606,,,
2020-04-19,77.4,77.4,77.305,77.305,2088,0.0,,77.35100000000003,,51.025064069375645,,,
2020-04-20,77.325,77.34,77.325,77.34,296,0.0,,77.36100000000002,,54.24036186320991,,,
2020-04-21,77.32,77.335,77.315,77.325,1119,0.0,,77.35400000000001,,52.64516703815199,,,
2020-04-22,77.33,77.385,77.33,77.38,808,0.0,,77.35800000000002,,57.57232515619243,,,
2020-04-23,77.385,77.385,77.34,77.345,2416,0.0,,77.33900000000003,,53.74034971575586,,,
2020-04-24,77.35,77.395,77.35,77.395,3162,0.0,,77.35700000000001,,58.03728820721227,,,
2020-04-25,77.39,77.395,77.33,77.34,10977,0.0,,77.35700000000001,,52.28415709980251,0.05594895866360616,,
2020-04-26,77.34,77.35,77.285,77.29,14226,0.0,,77.35000000000002,,47.65892627477793,0.048139147359236745,,
2020-04-27,77.29,77.3,77.2,77.285,10348,0.0,,77.33100000000002,,47.20917295673486,0.04107289465798658,,
2020-04-28,77.285,77.37,77.265,77.37,12352,0.0,,77.33600000000001,,54.98613579150273,0.041849216391682376,,
2020-04-29,77.42,77.42,77.42,77.42,100,0.0,,77.34100000000002,,58.82838251416896,0.0459691355118963,,
2020-04-30,77.295,77.295,77.295,77.295,125,0.0,,77.33200000000002,,47.83545110351668,0.03870161760879398,,
2020-05-01,77.235,77.235,77.235,77.235,300,0.0,,77.32100000000001,,43.62182175582392,0.0277803244641035,,
2020-05-02,77.23,77.23,77.14,77.14,300,0.0,,77.292,,37.92549660897715,0.011328823288465628,,
2020-05-03,77.13,77.15,77.13,77.15,500,0.0,,77.248,,38.83098633661499,-0.0008919120860468865,0.03443313398441382,-0.035325046070460706
2020-05-04,77.1,77.1,77.06,77.06,200,0.0,,77.176,,34.02099321662264,-0.017635885247429428,0.02401933013804517,-0.0416552153854746
2020-05-05,77.08,77.08,77.02,77.06,700,0.0,,77.12899999999999,,34.02099321662264,-0.03055340398928763,0.01310478331257861,-0.04365818730186624
2020-05-06,77.05,77.075,76.92,76.93,1731,0.0,,77.068,,28.17453333286629,-0.05069615053645293,0.0003445965427723019,-0.051040747079225235
2020-05-07,77.02,77.05,77.02,77.03,1200,0.0,,77.046,,37.12535424686962,-0.05792256278238028,-0.011308835322258216,-0.046613727460122066
2020-05-08,77.06,77.06,77.06,77.06,400,0.0,,77.02799999999999,,39.558809472379956,-0.060531033199765716,-0.021153274897759717,-0.039377758302006
2020-05-09,77.055,77.055,77.02,77.025,480,0.0,,77.02099999999999,,37.724378496431555,-0.06467691705157108,-0.02985800332852199,-0.03481891372304909
2020-05-10,77.02,77.05,77.02,77.04,2200,0.0,,77.017,,39.029308394641504,-0.0659914765702041,-0.03708469797685841,-0.028906778593345686
2020-05-11,77.045,77.1,77.045,77.1,619,0.0,,77.05099999999999,,44.077121891442786,-0.06148303771364283,-0.0419643659242153,-0.01951867178942753
2020-05-12,77.06,77.06,77.05,77.05,304,0.0,,77.05499999999999,,41.02871109928157,-0.061238727638382784,-0.0458192382670488,-0.015419489371333986
2020-05-13,76.79,76.83,76.79,76.83,518,0.0,,77.00899999999999,,30.901722695301032,-0.07789929692256692,-0.05223524999815242,-0.0256640469244145
2020-05-14,76.83,76.87,76.83,76.87,200,0.0,,76.978,,34.08726771708119,-0.08687382502931484,-0.05916296500438491,-0.027710860024929937
2020-05-15,76.83,76.83,76.79,76.8,900,0.0,,76.92999999999999,,31.362381958391282,-0.09849918095305554,-0.06703020819411903,-0.03146897275893651
2020-05-16,76.725,76.725,76.725,76.725,103,0.0,,76.85499999999999,,28.71390458355755,-0.11246777398787344,-0.07611772135286991,-0.03635005263500353
2020-05-17,76.74,76.76,76.72,76.75,1470,0.0,,76.79499999999999,,30.8113258377701,-0.12013584233153551,-0.08492134554860303,-0.03521449678293248
2020-05-18,76.995,76.995,76.995,76.995,100,0.0,,76.828,,47.20523306555355,-0.10523035921238488,-0.0889831482813594,-0.016247210931025477
2020-05-19,77.01,77.01,77.01,77.01,100,0.0,,76.856,,48.01734479227834,-0.09115648657815711,-0.08941781594071896,-0.0017386706374381555
2020-05-20,76.95,76.95,76.95,76.95,310,0.0,,76.886,,45.03331279566597,-0.08387745261597956,-0.0883097432757711,0.004432290659791532
2020-05-21,76.84,76.84,76.84,76.84,100,0.0,,76.90899999999999,,40.11174968155619,-0.08599356614854514,-0.08784650785032591,0.0018529417017807692
2020-05-22,76.89,76.95,76.89,76.95,591,0.0,,76.94899999999998,,46.418020273815415,-0.07789657742166867,-0.08585652176459446,0.007959944342925795
2020-05-23,76.96,76.96,76.96,76.96,100,0.0,,76.94199999999998,,46.96476857610057,-0.06986735175334502,-0.08265868776234458,0.012791336008999565
2020-05-24,77.085,77.09,77.085,77.09,200,0.0,,76.958,,53.59410255764339,-0.0524100683749964,-0.07660896388487495,0.024198895509878554
2020-05-25,77.17,77.17,77.16,77.16,200,0.0,,76.99999999999999,,56.73047028798578,-0.03255139828226561,-0.06779745076435309,0.03524605248208748
2020-05-26,77.275,77.29,77.275,77.29,210,0.0,,77.08999999999999,,61.88281191938899,-0.0062512846964182245,-0.05548821755076612,0.049236932854347895
2020-05-27,77.25,77.25,77.25,77.25,202,0.0,,77.14999999999999,,59.53378864209839,0.011234573921498736,-0.04214365925631315,0.05337823317781189
2020-05-28,77.18,77.18,77.18,77.18,100,0.0,,77.19399999999999,,55.55916746448867,0.019222245785442738,-0.029870478247961973,0.049092724033404714
2020-05-29,77.22,77.22,77.22,77.22,130,0.0,,77.21999999999998,,57.312947119657835,0.0284522195160406,-0.01820593869516146,0.04665815821120206
2020-05-30,77.22,77.235,77.17,77.17,601,0.0,,77.22199999999998,,54.421861644854104,0.03137083460964618,-0.008290584034199935,0.03966141864384612
2020-05-31,77.115,77.115,77.115,77.115,110,0.0,,77.18699999999998,,51.3531728951109,0.02891253208058231,-0.0008499608112434859,0.029762492891825795
2020-06-01,76.96,76.96,76.845,76.845,324,0.0,,77.10599999999997,,39.560191978492405,0.005118562497045787,0.0003437438504143687,0.004774818646631418
2020-06-02,76.76,76.76,76.76,76.76,200,0.0,,77.02199999999996,,36.70264412818217,-0.020362394441576726,-0.00379748380798385,-0.016564910633592875
2020-06-03,76.79,76.79,76.745,76.76,1700,0.0,,76.92999999999998,,36.70264412818217,-0.0400940570636692,-0.01105679845912092,-0.029037258604548276
2020-06-04,76.76,76.78,76.72,76.72,903,0.0,,76.83999999999997,,35.31060725352373,-0.05828730775546376,-0.020502900318389486,-0.03778440743707427
2020-06-05,76.725,76.735,76.725,76.735,400,0.0,,76.76399999999998,,36.286497147372025,-0.07068045507519116,-0.03053841126974982,-0.04014204380544134
2020-06-06,76.76,76.76,76.75,76.755,900,0.0,,76.74599999999998,,37.63737339266242,-0.0779892690142816,-0.04002858281865618,-0.037960686195625426
2020-06-07,76.745,76.745,76.745,76.745,100,0.0,,76.74299999999998,,37.21253087092956,-0.08362450194074711,-0.04874776664307437,-0.03487673529767274
2020-06-08,76.76,76.785,76.76,76.785,300,0.0,,76.74799999999998,,40.12396122811473,-0.08389570150490044,-0.05577735361543959,-0.028118347889460854
2020-06-09,76.63,76.705,76.63,76.705,500,0.0,,76.74499999999998,,36.480540142162226,-0.08953386980724076,-0.06252865685379982,-0.027005212953440938
2020-06-10,76.71,76.75,76.69,76.75,1210,0.0,,76.74799999999998,,39.792343186253824,-0.08934116554490856,-0.06789115859202158,-0.021450006952886985
2020-06-11,76.8,76.8,76.8,76.8,100,0.0,,76.75699999999998,,43.32798708151278,-0.08418344949269851,-0.07114961677215698,-0.013033832720541538
2020-06-12,76.755,76.76,76.755,76.76,404,0.0,,76.75999999999998,,41.24145328904477,-0.0823740315088628,-0.07339449971949814,-0.008979531789364656
2020-06-13,76.75,76.75,76.72,76.72,310,0.0,,76.74699999999999,,39.20807975827798,-0.08320854412539802,-0.07535730860067812,-0.007851235524719904
2020-06-14,76.615,76.615,76.615,76.615,112,0.0,,76.72899999999998,,34.411799228851464,-0.09129018741043637,-0.07854388436262977,-0.012746303047806606
2020-06-15,76.57,76.57,76.57,76.57,300,0.0,,76.69299999999998,,32.57275812521047,-0.1001713587886286,-0.08286937924782954,-0.017301979540799053
2020-06-16,76.675,76.675,76.64,76.64,504,0.0,,76.66099999999997,,38.11329237765956,-0.10040394196198577,-0.0863762917906608,-0.01402765017132497
2020-06-17,76.645,76.69,76.63,76.63,856,0.0,,76.63499999999998,,37.63749331329473,-0.10023968157688046,-0.08914896974790473,-0.011090711828975724
2020-06-18,76.625,76.705,76.625,76.705,610,0.0,,76.63199999999998,,43.34959682638779,-0.09298574900645917,-0.08991632559961563,-0.0030694234068435466
2020-06-19,76.72,76.745,76.72,76.745,1492,0.0,,76.65799999999997,,46.18093698750639,-0.08305191865635209,-0.08854344421096291,0.005491525554610827
2020-06-20,76.695,76.695,76.695,76.695,100,0.0,,76.68299999999996,,43.26976240304369,-0.07831114651700943,-0.08649698467217222,0.008185838155162786
2020-06-21,76.68,76.685,76.68,76.685,200,0.0,,76.69199999999998,,42.69013656882739,-0.07450215243045477,-0.08409801822382873,0.009595865793373959
2020-06-22,76.72,76.72,76.72,76.72,100,0.0,,76.70999999999997,,45.44470073601316,-0.06787684763408208,-0.0808537841058794,0.012976936471797318
2020-06-23,76.86,76.94,76.86,76.94,395,0.0,,76.75699999999998,,58.83734234288516,-0.044362698888960495,-0.07355556706249562,0.029192868173535128
2020-06-24,76.94,76.94,76.94,76.94,131,0.0,,76.79599999999996,,58.837342342885165,-0.025434374956020633,-0.06393132864120063,0.038496953685179996
2020-06-25,76.94,76.94,76.94,76.94,300,0.0,,76.84499999999997,,58.837342342885165,-0.010314641105935607,-0.05320799113414763,0.04289335002821202
2020-06-26,76.86,76.86,76.86,76.86,210,0.0,,76.87999999999997,,52.935376799488445,-0.004732916395965958,-0.043512976186511294,0.038780059790545336
2020-06-27,76.93,76.93,76.93,76.93,200,0.0,,76.92199999999998,,56.99986765441196,0.005278211697557822,-0.03375473860969747,0.039032950307255294
2020-06-28,76.89,76.89,76.89,76.89,200,0.0,,76.91199999999998,,54.123502035585496,0.009870654372576837,-0.02502966001324261,0.03490031438581945
2020-06-29,76.875,76.94,76.875,76.9,842,0.0,,76.90399999999998,,54.738430425602566,0.014153956703466974,-0.017192936669900693,0.03134689337336767
2020-06-30,76.955,76.96,76.955,76.96,1000,0.0,,76.90799999999999,,58.34609339452661,0.02213484648746089,-0.009327380038428375,0.031462226525889266
2020-07-01,77.09,77.09,77.09,77.09,260,0.0,,76.95399999999998,,64.87815732731286,0.03850580177133622,0.00023925632352454502,0.038266545447811676
2020-07-02,77.01,77.08,77.01,77.08,602,0.0,,76.98399999999997,,64.04614641428181,0.050095515435103266,0.01021050814584029,0.039885007289262975
2020-07-03,76.975,76.975,76.975,76.975,252,0.0,,77.00099999999998,,55.93490376049236,0.05022881798723233,0.0182141701141187,0.03201464787311363
2020-07-04,76.98,77.0,76.98,77.0,460,0.0,,77.02099999999999,,57.32084740345557,0.0517551511208012,0.0249223663154552,0.026832784805346
2020-07-05,76.96,76.96,76.96,76.96,356,0.0,,77.02099999999999,,54.3740698398465,0.04917031068561073,0.02977195518948631,0.01939835549612442
2020-07-06,77.05,77.05,77.05,77.05,200,0.0,,77.01299999999999,,59.42799104387407,0.053764292559051796,0.03457042266339941,0.019193869895652388
2020-07-07,77.08,77.155,77.08,77.155,836,0.0,,77.02799999999999,,64.38461379774886,0.06512693599199793,0.040681725329119116,0.02444521066287881
2020-07-08,77.155,77.17,77.155,77.165,1600,0.0,,77.06599999999999,,64.82535581071116,0.07408482545095296,0.04736234535348589,0.026722480097467076
2020-07-09,77.12,77.13,77.12,77.13,600,0.0,,77.09199999999998,,61.936370889147554,0.077466820605963,0.05338324040398131,0.02408358020198168
2020-07-10,77.15,77.15,77.15,77.15,200,0.0,,77.12999999999998,,62.95240211368416,0.08082916073475133,0.05887242447013531,0.021956736264616014
2020-07-11,77.14,77.14,77.14,77.14,318,0.0,,77.14799999999998,,62.0603995211119,0.08174462196687671,0.0634468639694836,0.01829775799739311
2020-07-12,77.185,77.185,77.16,77.16,400,0.0,,77.14899999999997,,63.183982865435674,0.08312574262488681,0.06738263970056424,0.015743102924322572
2020-07-13,77.125,77.125,77.125,77.125,240,0.0,,77.14099999999998,,59.843915161844315,0.08046849251222454,0.06999981026289631,0.010468682249328232
2020-07-14,76.97,76.97,76.97,76.97,400,0.0,,77.10899999999997,,47.79431025452824,0.06510490917597167,0.06902083004551139,-0.003915920869539721
2020-07-15,76.86,76.86,76.86,76.86,212,0.0,,77.05099999999997,,41.42031321341686,0.043551048622759936,0.06392687376096111,-0.020375825138201173
2020-07-16,76.98,77.0,76.98,77.0,620,0.0,,77.02299999999998,,50.47335636239887,0.03733590376059226,0.05860867976088734,-0.021272776000295084
2020-07-17,76.905,76.905,76.905,76.905,380,0.0,,76.97199999999998,,45.3515841478469,0.024462660307179362,0.05177947587014575,-0.02731681556296639
2020-07-18,76.935,76.935,76.935,76.935,420,0.0,,76.93399999999998,,47.17457060865312,0.016491171444187103,0.04472181498495403,-0.028230643540766924
2020-07-19,76.955,76.955,76.955,76.955,200,0.0,,76.93099999999997,,48.41013027172152,0.011653210979517326,0.03810809418386669,-0.026454883204349362
2020-07-20,76.93,76.93,76.9,76.9,1200,0.0,,76.93899999999996,,45.27404838876165,0.003342521601453541,0.03115497966738406,-0.02781245806593052
2020-07-21,76.95,76.955,76.93,76.93,1628,0.0,,76.92499999999997,,47.2802195530901,-0.0008136312913649135,0.02476125747563427,-0.025574888766999183
2020-07-22,76.92,76.92,76.92,76.92,200,0.0,,76.92799999999997,,46.66611860086701,-0.0048583250815568135,0.018837340964196054,-0.023695666045752867
2020-07-23,76.92,76.93,76.92,76.93,800,0.0,,76.92699999999998,,47.40184356415461,-0.007174158392032837,0.013635041092950276,-0.020809199484983113
2020-07-24,77.0,77.0,77.0,77.0,800,0.0,,76.93599999999998,,52.35634641656397,-0.0033227553345227534,0.01024348180745567,-0.013566237141978424
2020-07-25,77.05,77.05,77.05,77.05,200,0.0,,76.96599999999998,,55.57527233795199,0.003721195839716529,0.008939024613907843,-0.005217828774191314
2020-07-26,76.96,76.96,76.955,76.955,480,0.0,,76.97099999999998,,48.82547565640404,0.0016192066361639945,0.007475061018359074,-0.005855854382195079
2020-07-27,76.93,76.93,76.93,76.93,400,0.0,,76.97299999999998,,47.200825804691874,-0.002040405493517028,0.0055719677159838535,-0.0076123732095008815
2020-07-28,76.93,76.93,76.92,76.92,800,0.0,,76.97099999999998,77.02933333333334,46.53382445267876,-0.005682091287511071,0.003321155915284869,-0.009003247202795939
