Date,Open,High,Low,Close,Volume,OpenInterest,Entry,5 day sma,200 day sma,rsi,macd,signal,histogram
2020-03-30,180.77,180.77,180.77,180.77,100,0.0,,,,,,,
2020-03-31,181.025,181.025,181.025,181.025,100,0.0,,,,,,,
2020-04-01,181.495,181.495,181.495,181.495,111,0.0,,,,,,,
2020-04-02,181.52,181.63,181.52,181.63,200,0.0,,,,,,,
2020-04-03,181.415,181.415,181.415,181.415,104,0.0,,181.267,,,,,
2020-04-04,181.415,181.415,181.415,181.415,100,0.0,,181.39600000000002,,,,,
2020-04-05,181.295,181.295,181.295,181.295,198,0.0,,181.45000000000002,,,,,
2020-04-06,180.59,180.59,180.59,180.59,100,0.0,,181.26900000000003,,,,,
2020-04-07,180.54,180.54,180.54,180.54,100,0.0,,181.05100000000004,,,,,
2020-04-08,179.86,179.86,179.86,179.86,139,0.0,,180.74000000000007,,,,,
2020-04-09,180.855,180.855,180.855,180.855,100,0.0,,180.62800000000007,,,,,
2020-04-10,180.855,180.855,180.855,180.855,115,0.0,,180.54000000000008,,,,,
2020-04-11,181.02,181.02,181.02,181.02,100,0.0,,180.6260000000001,,,,,
2020-04-12,180.73,180.73,180.73,180.73,110,0.0,,180.66400000000007,,,,,
2020-04-13,180.75,180.75,180.75,180.75,100,0.0,,180.84200000000007,,49.75609756097548,,,
2020-04-14,180.755,180.755,180.755,180.755,100,0.0,,180.82200000000006,,49.82199737680327,,,
2020-04-15,180.585,180.585,180.585,180.585,110,0.0,,180.7680000000001,,47.53895451982449,,,
2020-04-16,180.825,180.825,180.825,180.825,100,0.0,,180.7290000000001,,50.955816540981324,,,
2020-04-17,180.93,180.93,180.93,180.93,100,0.0,,180.7690000000001,,52.41602206319418,,,
2020-04-18,181.105,181.105,181.105,181.105,110,0.0,,180.8400000000001,,54.829877090747594,,,
2020-04-19,181.12,181.12,181.12,181.12,240,0.0,,180.91300000000012,,55.04040550404297,,,
2020-04-20,181.07,181.07,181.07,181.07,105,0.0,,181.01000000000013,,54.134676204248805,,,
2020-04-21,181.635,181.72,181.635,181.72,200,0.0,,181.18900000000014,,62.72263631753743,,,
2020-04-22,181.65,181.65,181.65,181.65,193,0.0,,181.33300000000014,,61.38951665017253,,,
2020-04-23,181.65,181.65,181.65,181.65,100,0.0,,181.44200000000015,,61.389516650172524,,,
2020-04-24,181.81,181.81,181.81,181.81,100,0.0,,181.58000000000013,,63.44889728546159,0.26592155498607895,,
2020-04-25,181.875,181.875,181.875,181.875,100,0.0,,181.74100000000013,,64.28237129558511,0.29031626644777475,,
2020-04-26,182.22,182.22,182.22,182.22,300,0.0,,181.84100000000012,,68.4010226272002,0.3336418521633959,,
2020-04-27,181.975,181.975,181.975,181.975,100,0.0,,181.90600000000012,,62.85778899876288,0.3442400534829062,,
2020-04-28,181.975,181.975,181.975,181.975,200,0.0,,181.97100000000012,,62.85778899876288,0.34862052399267895,,
2020-04-29,181.915,181.915,181.915,181.915,100,0.0,,181.99200000000013,,61.4435225871015,0.34329330830669846,,
2020-04-30,181.83,181.83,181.83,181.83,100,0.0,,181.98300000000012,,59.404401073473736,0.3284267625890891,,
2020-05-01,181.99,181.99,181.99,181.99,100,0.0,,181.93700000000013,,61.96331347082021,0.32579996166970204,,
2020-05-02,181.975,181.975,181.975,181.975,643,0.0,,181.9370000000001,,61.57147059825211,0.31883252548877294,0.32212142323634413,-0.0032888977475711845
2020-05-03,182.2,182.3,182.2,182.285,300,0.0,,181.99900000000008,,66.31277341759565,0.3344696336035895,0.32459106530979326,0.009878568293796242
2020-05-04,182.53,182.53,182.53,182.53,100,0.0,,182.12200000000013,,69.5141136262214,0.36245346892312114,0.33216354603245885,0.03028992289066229
2020-05-05,182.525,182.525,182.525,182.525,100,0.0,,182.26100000000014,,69.36922908724732,0.3798487419635137,0.34170058521866986,0.03814815674484384
2020-05-06,182.495,182.495,182.495,182.495,109,0.0,,182.36200000000014,,68.44741772715581,0.38675559415227667,0.3507115870053913,0.03604400714688538
2020-05-07,182.94,182.94,182.94,182.94,101,0.0,,182.55500000000012,,73.97241954277348,0.42325804992233884,0.3652208795887808,0.05803717033355804
2020-05-08,182.375,182.375,182.375,182.375,100,0.0,,182.57300000000012,,59.68282226712593,0.40196216142402363,0.3725691359558294,0.029393025468194223
2020-05-09,182.15,182.15,182.15,182.15,113,0.0,,182.49700000000013,,55.11665543803528,0.3627478651769138,0.3706048818000463,-0.007857016623132485
2020-05-10,182.255,182.255,182.255,182.255,100,0.0,,182.44300000000015,,56.778512241294735,0.33626660327189484,0.36373722609441606,-0.027470622822521218
2020-05-11,182.16,182.16,182.16,182.16,100,0.0,,182.37600000000015,,54.801454019982984,0.3041087302320875,0.35181152692195033,-0.047702796689862825
2020-05-12,181.95,181.95,181.95,181.95,100,0.0,,182.1780000000001,,50.606545311428235,0.2586960521497872,0.33318843196751774,-0.07449237981773055
2020-05-13,182.385,182.385,182.385,182.385,100,0.0,,182.18000000000012,,57.81076189209211,0.25486907015201155,0.3175245596044165,-0.06265548945240496
2020-05-14,182.57,182.57,182.57,182.57,200,0.0,,182.2640000000001,,60.45257860964489,0.2637240663628404,0.30676446095610127,-0.04304039459326087
2020-05-15,182.57,182.575,182.57,182.575,310,0.0,,182.3280000000001,,60.524525382915094,0.2680551993899769,0.2990226086428764,-0.03096740925289948
2020-05-16,182.775,182.775,182.775,182.775,300,0.0,,182.45100000000008,,63.39331209710465,0.28434819307915404,0.29608772553013196,-0.011739532450977919
2020-05-17,182.775,182.775,182.775,182.775,287,0.0,,182.61600000000007,,63.39331209710465,0.2938729238261999,0.29564476518934557,-0.0017718413631456764
2020-05-18,182.665,182.665,182.665,182.665,100,0.0,,182.67200000000008,,60.58485972246767,0.28921141174683385,0.2943580945008432,-0.0051466827540093685
2020-05-19,182.755,182.78,182.68,182.74,500,0.0,,182.70600000000007,,61.82661926536204,0.2882462793570255,0.2931357314720797,-0.004889452115054205
2020-05-20,182.755,182.755,182.755,182.755,300,0.0,,182.74200000000005,,62.08390323724165,0.2854018448139186,0.2915889541404475,-0.0061871093265288835
2020-05-21,182.565,182.565,182.565,182.565,100,0.0,,182.70000000000007,,56.856574381194704,0.26476416139908565,0.28622399559217515,-0.0214598341930895
2020-05-22,182.41,182.41,182.32,182.4,449,0.0,,182.62500000000006,,52.706286213878684,0.23241538765358882,0.2754622740044579,-0.04304688635086906
2020-05-23,182.225,182.225,182.225,182.225,100,0.0,,182.5370000000001,,48.650081009377516,0.1904621844324197,0.25846225609005025,-0.06800007165763056
2020-05-24,182.485,182.485,182.485,182.485,200,0.0,,182.4860000000001,,54.2797871728602,0.17616309718582102,0.24200242430920443,-0.06583932712338342
2020-05-25,182.43,182.43,182.43,182.43,100,0.0,,182.4210000000001,,52.9571385006199,0.15856508755175014,0.22531495695771359,-0.06674986940596345
2020-05-26,182.325,182.325,182.325,182.325,100,0.0,,182.3730000000001,,50.430678269902494,0.13459439524527284,0.20717084461522545,-0.07257644936995261
2020-05-27,182.32,182.32,182.32,182.32,100,0.0,,182.35700000000008,,50.3075984278426,0.11388123864907129,0.18851292342199463,-0.07463168477292334
2020-05-28,182.405,182.405,182.405,182.405,200,0.0,,182.3930000000001,,52.4329554502088,0.10313581694379081,0.1714375021263539,-0.06830168518256308
2020-05-29,182.495,182.495,182.495,182.495,104,0.0,,182.3950000000001,,54.64491004495146,0.10072118948875186,0.1572942395988335,-0.05657305011008165
2020-05-30,182.32,182.32,182.265,182.265,300,0.0,,182.36200000000008,,48.44495416960169,0.07933398918078183,0.14170218951522318,-0.06236820033444135
2020-05-31,182.4,182.4,182.4,182.4,200,0.0,,182.3770000000001,,51.894961854785514,0.0724427753875716,0.12785030668969286,-0.055407531302121255
2020-06-01,182.525,182.525,182.525,182.525,100,0.0,,182.41800000000012,,54.9041308262621,0.07618962753952019,0.11751817085965832,-0.041328543320138134
2020-06-02,182.495,182.495,182.495,182.495,100,0.0,,182.4360000000001,,54.03057329473508,0.0758637752079494,0.10918729172931654,-0.03332351652136714
2020-06-03,182.465,182.465,182.465,182.465,109,0.0,,182.4300000000001,,53.12038264487428,0.07235077095717202,0.10181998757488765,-0.029469216617715635
2020-06-04,182.495,182.495,182.495,182.495,326,0.0,,182.47600000000008,,53.955703490511894,0.0711670693822839,0.0956894039363669,-0.02452233455408301
2020-06-05,182.53,182.53,182.53,182.53,100,0.0,,182.50200000000012,,54.963937056274624,0.07222066992181908,0.09099565713345734,-0.018774987211638255
2020-06-06,182.415,182.415,182.415,182.415,126,0.0,,182.48000000000013,,51.01147532844708,0.06304932367876859,0.08540639044251959,-0.022357066763751002
2020-06-07,182.335,182.335,182.335,182.335,405,0.0,,182.44800000000012,,48.403842107188936,0.048763518802530825,0.07807781611452183,-0.029314297311991006
2020-06-08,182.355,182.355,182.355,182.355,110,0.0,,182.4260000000001,,49.104303773385496,0.03861066861398399,0.07018438661441427,-0.03157371800043028
2020-06-09,182.385,182.385,182.385,182.385,100,0.0,,182.40400000000005,,50.196505278184716,0.03260931113166521,0.06266937151786446,-0.030060060386199253
2020-06-10,182.225,182.225,182.225,182.225,100,0.0,,182.34300000000007,,44.688426021441146,0.0147722440314908,0.05308994602058973,-0.03831770198909893
2020-06-11,182.26,182.265,182.26,182.265,300,0.0,,182.3130000000001,,46.275594426255914,0.0038198724398057493,0.043235931304432935,-0.039416058864627186
2020-06-12,182.325,182.325,182.325,182.325,106,0.0,,182.3110000000001,,48.65558975469624,-1.8251997431661948e-05,0.03458509464406002,-0.03460334664149168
2020-06-13,182.145,182.145,182.145,182.145,200,0.0,,182.2690000000001,,42.56372746299651,-0.017384095906976427,0.024191256533852727,-0.041575352440829154
2020-06-14,181.97,181.97,181.97,181.97,200,0.0,,182.1860000000001,,37.63073688336913,-0.04475181867479705,0.010402641492122772,-0.05515446016691982
2020-06-15,182.07,182.07,182.07,182.07,200,0.0,,182.1550000000001,,41.78284135614436,-0.05770656649946204,-0.0032192001061941908,-0.05448736639326785
2020-06-16,182.07,182.14,182.07,182.14,205,0.0,,182.13000000000008,,44.5648935206796,-0.06161462742761614,-0.014898285570478582,-0.046716341857137564
2020-06-17,182.265,182.265,182.265,182.265,100,0.0,,182.11800000000008,,49.23055608921737,-0.054002827557297906,-0.022719193967842447,-0.03128363358945546
2020-06-18,182.67,182.67,182.67,182.67,175,0.0,,182.2230000000001,,60.755461307207575,-0.01511605754430434,-0.021198566683134825,0.006082509138830485
2020-06-19,182.77,182.77,182.77,182.77,100,0.0,,182.3830000000001,,62.98949455538031,0.023500255799689285,-0.012258802186570002,0.035759057986259286
2020-06-20,182.86,182.86,182.86,182.86,213,0.0,,182.5410000000001,,64.9247503116496,0.06066688014846022,0.0023263342804360435,0.05834054586802418
2020-06-21,182.57,182.57,182.57,182.57,101,0.0,,182.62700000000012,,54.953514325405514,0.0659607666877946,0.015053220761907756,0.050907545925886845
2020-06-22,182.57,182.685,182.57,182.685,313,0.0,,182.71100000000013,,57.72616334640153,0.0785304981167485,0.02774867623287591,0.05078182188387259
2020-06-23,182.685,182.685,182.685,182.685,101,0.0,,182.71400000000014,,57.72616334640153,0.08748364384464935,0.0396956697552306,0.04778797408941875
2020-06-24,182.705,182.705,182.705,182.705,200,0.0,,182.70100000000016,,58.244543941574065,0.09509669370160623,0.05077587454450573,0.0443208191571005
2020-06-25,182.705,182.71,182.705,182.71,205,0.0,,182.67100000000016,,58.381942939192136,0.10037647129664151,0.06069599389493289,0.03968047740170862
2020-06-26,182.725,182.725,182.725,182.725,100,0.0,,182.70200000000017,,58.819732532809624,0.10456573897030808,0.06946994291000794,0.03509579606030014
2020-06-27,182.93,182.93,182.895,182.895,210,0.0,,182.7440000000002,,63.5052386236334,0.12021754995143397,0.07961946431829314,0.040598085633140824
2020-06-28,182.955,182.955,182.955,182.955,100,0.0,,182.79800000000017,,65.01809537424569,0.13589668903978236,0.090874909262591,0.045021779777191365
2020-06-29,182.96,182.96,182.96,182.96,357,0.0,,182.8490000000002,,65.14775402172654,0.14703109500311484,0.10210614641069576,0.04492494859241908
2020-06-30,183.005,183.005,182.84,182.84,286,0.0,,182.87500000000017,,59.45236856235879,0.1445064148319375,0.11058620009494412,0.03392021473699337
2020-07-01,183.01,183.01,183.01,183.01,200,0.0,,182.9320000000002,,64.22400895267864,0.15444284586780554,0.11935752924951641,0.035085316618289134
2020-07-02,182.98,182.98,182.935,182.935,213,0.0,,182.9400000000002,,60.823301811024635,0.15448486054410182,0.12638299550843352,0.028101865035668305
2020-07-03,183.08,183.08,183.04,183.04,200,0.0,,182.95700000000016,,63.719682357643904,0.16113333517031947,0.13333306344081072,0.027800271729508746
2020-07-04,183.0,183.075,182.965,183.075,301,0.0,,182.98000000000016,,64.6576474471309,0.16729799950519464,0.1401260506536875,0.027171948851507144
2020-07-05,183.085,183.125,183.085,183.125,300,0.0,,183.03700000000015,,66.0095912048594,0.1742099388045517,0.14694282828386035,0.027267110520691362
2020-07-06,183.19,183.195,183.19,183.195,200,0.0,,183.07400000000015,,67.86304035902194,0.18322402299855867,0.15419906722680002,0.029024955771758648
2020-07-07,183.2,183.2,183.2,183.2,203,0.0,,183.12700000000018,,67.9972760127922,0.18859717701954537,0.1610786891853491,0.027518487834196276
2020-07-08,183.2,183.2,183.2,183.2,132,0.0,,183.1590000000002,,67.9972760127922,0.19065765749729735,0.16699448284773874,0.02366317464955861
2020-07-09,183.395,183.395,183.395,183.395,400,0.0,,183.22300000000018,,73.08271375233646,0.20565481277193953,0.1747265488325789,0.03092826393936063
2020-07-10,183.33,183.33,183.33,183.33,100,0.0,,183.26400000000018,,69.13880641820663,0.20987589097541104,0.18175641726114533,0.028119473714265708
2020-07-11,183.365,183.365,183.365,183.365,100,0.0,,183.29800000000017,,70.07525067173859,0.21358327827474,0.18812178946386426,0.025461488810875732
2020-07-12,183.195,183.2,183.195,183.2,200,0.0,,183.29800000000017,,60.72100550771126,0.20089153580815378,0.19067573873272217,0.010215797075431604
2020-07-13,183.195,183.195,183.195,183.195,200,0.0,,183.29700000000017,,60.45763569742312,0.18825964030514797,0.19019251904720735,-0.0019328787420593851
2020-07-14,182.925,182.925,182.925,182.925,100,0.0,,183.20300000000015,,48.27978137975424,0.15467898553436044,0.18308981234463798,-0.02841082681027754
2020-07-15,182.965,183.09,182.965,183.09,510,0.0,,183.15500000000014,,54.333499692082924,0.13976902540869673,0.17442565495744972,-0.03465662954875298
2020-07-16,183.12,183.12,183.115,183.115,210,0.0,,183.10500000000016,,55.18932299967719,0.128488925305561,0.16523830902707198,-0.036749383721510986
2020-07-17,183.21,183.21,183.21,183.21,100,0.0,,183.10700000000014,,58.38118679979934,0.12576532636089155,0.1573437124938359,-0.031578386132944364
2020-07-18,183.23,183.23,183.23,183.23,400,0.0,,183.11400000000017,,59.04262014541759,0.12379367104685457,0.15063370420443964,-0.02684003315758507
2020-07-19,183.09,183.095,183.09,183.095,410,0.0,,183.1480000000002,,52.927989260280356,0.11006894199971384,0.1425207517634945,-0.03245180976378065
2020-07-20,183.205,183.205,183.205,183.205,300,0.0,,183.17100000000016,,56.84933981359417,0.10683653101403934,0.13538390761360347,-0.028547376599564134
2020-07-21,183.28,183.37,183.28,183.37,300,0.0,,183.22200000000015,,61.96739467846298,0.11624889812202355,0.1315569057152875,-0.01530800759326395
2020-07-22,183.365,183.445,183.365,183.445,320,0.0,,183.26900000000015,,64.05440761135405,0.1282813920314254,0.13090180297851509,-0.002620410947089674
2020-07-23,183.53,183.6,183.53,183.6,200,0.0,,183.34300000000013,,67.9666563137771,0.14861133578344266,0.1344437095395006,0.01416762624394205
2020-07-24,183.535,183.545,183.535,183.545,205,0.0,,183.43300000000013,,65.25274728543889,0.15845831352893924,0.13924663033738835,0.019211683191550893
2020-07-25,183.525,183.525,183.475,183.475,513,0.0,,183.4870000000001,,61.86682309614212,0.1587833438021562,0.1431539730303419,0.015629370771814283
2020-07-26,183.49,183.56,183.49,183.55,511,0.0,,183.5230000000001,,64.02097219540872,0.1632114063375525,0.14716545969178405,0.016045946645768444
2020-07-27,183.52,183.56,183.52,183.52,900,0.0,,183.53800000000015,182.31262500000003,62.5000814080653,0.16242756466201058,0.15021788068582936,0.012209683976181218
