Date,Open,High,Low,Close,Volume,OpenInterest,Entry,5 day sma,200 day sma,rsi,macd,signal,histogram
2020-03-30,98.47,98.47,98.47,98.47,404,0.0,,,,,,,
2020-03-31,98.495,98.495,98.495,98.495,152,0.0,,,,,,,
2020-04-01,98.455,98.455,98.455,98.455,122,0.0,,,,,,,
2020-04-02,98.36,98.36,98.35,98.35,202,0.0,,,,,,,
2020-04-03,98.32,98.32,98.32,98.32,200,0.0,,98.41799999999999,,,,,
2020-04-04,98.215,98.215,98.215,98.215,151,0.0,,98.36699999999999,,,,,
2020-04-05,98.36,98.36,98.36,98.36,101,0.0,,98.33999999999999,,,,,
2020-04-06,98.355,98.415,98.355,98.375,600,0.0,,98.32399999999998,,,,,
2020-04-07,98.225,98.225,98.225,98.225,166,0.0,,98.29899999999998,,,,,
2020-04-08,98.28,98.28,98.28,98.28,200,0.0,,98.29099999999997,,,,,
2020-04-09,98.235,98.235,98.215,98.215,337,0.0,,98.29099999999997,,,,,
2020-04-10,98.215,98.245,98.215,98.23,1476,0.0,,98.26499999999996,,,,,
2020-04-11,98.23,98.27,98.23,98.27,815,0.0,,98.24399999999996,,,,,
2020-04-12,98.26,98.26,98.26,98.26,200,0.0,,98.25099999999995,,,,,
2020-04-13,98.22,98.22,98.22,98.22,201,0.0,,98.23899999999996,,35.11904761904768,,,
2020-04-14,98.29,98.29,98.29,98.29,100,0.0,,98.25399999999995,,40.462184873950136,,,
2020-04-15,98.225,98.225,98.225,98.225,222,0.0,,98.25299999999996,,37.38354037267083,,,
2020-04-16,98.23,98.23,98.225,98.225,518,0.0,,98.24399999999996,,37.38354037267083,,,
2020-04-17,98.24,98.24,98.24,98.24,101,0.0,,98.23999999999997,,38.63319780006653,,,
2020-04-18,98.23,98.24,98.23,98.24,400,0.0,,98.24399999999996,,38.63319780006653,,,
2020-04-19,98.27,98.27,98.24,98.24,238,0.0,,98.23399999999995,,38.63319780006653,,,
2020-04-20,98.17,98.17,98.17,98.17,216,0.0,,98.22299999999996,,34.607563485227686,,,
2020-04-21,98.15,98.15,98.15,98.15,100,0.0,,98.20799999999994,,33.53244693170441,,,
2020-04-22,98.125,98.125,98.125,98.125,159,0.0,,98.18499999999995,,32.18642551709105,,,
2020-04-23,98.09,98.09,98.09,98.09,115,0.0,,98.15499999999994,,30.349661774054056,,,
2020-04-24,98.0,98.0,98.0,98.0,201,0.0,,98.10699999999994,,26.2080086602693,-0.09236451423763015,,
2020-04-25,97.915,97.915,97.89,97.905,714,0.0,,98.05399999999995,,22.68843411209437,-0.10639697336651466,,
2020-04-26,97.88,97.91,97.85,97.91,1286,0.0,,98.00599999999994,,23.27246854584287,-0.11577970375678603,,
2020-04-27,97.87,97.87,97.87,97.87,243,0.0,,97.95499999999996,,21.850376895975344,-0.12500230216787145,,
2020-04-28,97.825,97.91,97.825,97.91,500,0.0,,97.91899999999994,,26.67560976800152,-0.1276125738327778,,
2020-04-29,98.05,98.09,98.05,98.09,215,0.0,,97.93699999999994,,43.5626997539326,-0.11384440976587484,,
2020-04-30,98.1,98.18,98.09,98.18,1119,0.0,,97.99199999999996,,49.789380829326866,-0.09458052726597543,,
2020-05-01,98.18,98.18,98.18,98.18,114,0.0,,98.04599999999998,,49.78938082932686,-0.07840990106501522,,
2020-05-02,98.14,98.25,98.14,98.25,600,0.0,,98.12199999999999,,54.33410245526828,-0.05926300132279039,-0.10147265630902622,0.04220965498623583
2020-05-03,98.24,98.24,98.2,98.21,430,0.0,,98.18199999999999,,51.467350256343494,-0.046777390398560215,-0.09053360312693302,0.04375621272837281
2020-05-04,98.235,98.235,98.185,98.22,300,0.0,,98.208,,52.14710240550008,-0.035664420125755214,-0.07955976652669747,0.04389534640094225
2020-05-05,98.26,98.32,98.255,98.32,641,0.0,,98.23599999999998,,58.41896537150336,-0.01857403691914783,-0.06736262060518754,0.04878858368603971
2020-05-06,98.4,98.4,98.4,98.4,105,0.0,,98.27999999999999,,62.63782557225225,0.001409300771740618,-0.053608236329801905,0.05501753710154252
2020-05-07,98.415,98.415,98.415,98.415,200,0.0,,98.31299999999999,,63.38791028869234,0.01824628271448603,-0.03923733252094432,0.05748361523543035
2020-05-08,98.45,98.48,98.445,98.48,579,0.0,,98.36699999999999,,66.52419831597282,0.03641490067288089,-0.024106885882179283,0.06052178655506017
2020-05-09,98.505,98.505,98.5,98.5,200,0.0,,98.423,,67.44818963601415,0.05183002983491747,-0.008919502738759934,0.060749532573677406
2020-05-10,98.47,98.47,98.47,98.47,105,0.0,,98.453,,64.56921172968806,0.06092359222868993,0.005049116254730038,0.05587447597395989
2020-05-11,98.39,98.39,98.39,98.39,401,0.0,,98.45100000000002,,57.51855722182097,0.06097212581664735,0.0162337181671135,0.04473840764953385
2020-05-12,98.39,98.39,98.3,98.315,471,0.0,,98.43100000000003,,51.80707318702524,0.05433240568393671,0.023853455670478144,0.03047895001345857
2020-05-13,98.305,98.305,98.22,98.22,811,0.0,,98.37900000000002,,45.626795652288074,0.04093282545821353,0.027269329628025224,0.013663495830188305
2020-05-14,98.205,98.205,98.205,98.205,100,0.0,,98.32000000000002,,44.719665088136296,0.02877152670063765,0.027569769042547713,0.001201757658089938
2020-05-15,98.22,98.22,98.22,98.22,101,0.0,,98.27000000000002,,45.87845498418354,0.02011214417889562,0.026078244069817295,-0.005966099890921676
2020-05-16,98.14,98.14,98.115,98.115,211,0.0,,98.21500000000003,,39.617957574176664,0.004722461072915962,0.02180708747043703,-0.017084626397521067
2020-05-17,98.155,98.155,98.155,98.155,100,0.0,,98.18300000000002,,42.819109919970856,-0.004197916985305028,0.016606086579288616,-0.020804003564593644
2020-05-18,98.09,98.09,98.09,98.09,115,0.0,,98.15700000000001,,39.18378695997561,-0.016324162848761148,0.010020036693678663,-0.02634419954243981
2020-05-19,98.26,98.26,98.26,98.26,100,0.0,,98.16800000000002,,50.92004758180666,-0.01207749892014931,0.0056005295709130685,-0.017678028491062377
2020-05-20,98.29,98.29,98.29,98.29,100,0.0,,98.18200000000002,,52.65636448267015,-0.006219542863007632,0.0032365150841289284,-0.00945605794713656
2020-05-21,98.215,98.215,98.215,98.215,100,0.0,,98.20200000000003,,48.077176177091616,-0.007542004153137327,0.0010808112366756772,-0.008622815389813004
2020-05-22,98.33,98.33,98.33,98.33,201,0.0,,98.23700000000004,,54.59709952565898,0.0006816173905264122,0.0010009724674458242,-0.00031935507691941193
2020-05-23,98.34,98.36,98.34,98.35,306,0.0,,98.28900000000003,,55.64035127947741,0.00871229959834352,0.0025432378936253632,0.006169061704718157
2020-05-24,98.35,98.35,98.35,98.35,100,0.0,,98.30700000000004,,55.64035127947741,0.01490485916745854,0.005015562148391999,0.009889297019066542
2020-05-25,98.18,98.18,98.18,98.18,100,0.0,,98.28500000000003,,45.36465169577561,0.006025470121414855,0.00521754374299657,0.000807926378418285
2020-05-26,98.215,98.215,98.215,98.215,200,0.0,,98.28500000000001,,47.51381943220076,0.0017920402976301375,0.004532443053923284,-0.0027404027562931465
2020-05-27,98.125,98.17,98.125,98.17,309,0.0,,98.25300000000001,,45.05960165801389,-0.0051349151517570135,0.0025989714127872244,-0.007733886564544238
2020-05-28,98.215,98.215,98.215,98.215,100,0.0,,98.226,,47.95467494986996,-0.006913755858235504,0.0006964259585826786,-0.007610181816818183
2020-05-29,98.22,98.22,98.22,98.22,100,0.0,,98.2,,48.28078326446406,-0.00782978483499619,-0.001008816200133095,-0.0068209686348630946
2020-05-30,98.155,98.19,98.155,98.19,300,0.0,,98.20200000000001,,46.402099378789316,-0.010851405431210992,-0.0029773340463486743,-0.007874071384862317
2020-05-31,98.285,98.285,98.28,98.28,341,0.0,,98.215,,52.38766041416232,-0.005915622075747251,-0.0035649916522283898,-0.0023506304235188613
2020-06-01,98.205,98.205,98.205,98.205,100,0.0,,98.22200000000001,,47.61556155007594,-0.00796404683059393,-0.004444802687901498,-0.003519244142692431
2020-06-02,98.29,98.29,98.29,98.29,110,0.0,,98.23700000000001,,52.856885958542534,-0.0026975528712114283,-0.004095352724563484,0.0013977998533520556
2020-06-03,98.47,98.47,98.47,98.47,100,0.0,,98.287,,61.61545910787768,0.0158183333120121,-0.00011261551724836734,0.015930948829260466
2020-06-04,98.5,98.5,98.5,98.5,183,0.0,,98.34900000000002,,62.854138640059865,0.032537978232653586,0.0064175032327320235,0.026120474999921563
2020-06-05,98.44,98.44,98.44,98.44,100,0.0,,98.38100000000001,,58.76936242061708,0.04048028717920715,0.01323006002202705,0.027250227157180104
2020-06-06,98.6,98.6,98.6,98.6,100,0.0,,98.46000000000002,,65.25408697655884,0.05900511285322807,0.022385070588267254,0.036620042264960816
2020-06-07,98.61,98.61,98.6,98.6,1010,0.0,,98.52200000000002,,65.25408697655884,0.07284644222345094,0.03247734491530399,0.040369097308146945
2020-06-08,98.59,98.59,98.59,98.59,100,0.0,,98.546,,64.51854840016284,0.08206290891267543,0.042394457714778275,0.03966845119789715
2020-06-09,98.5,98.5,98.5,98.5,104,0.0,,98.546,,58.16407249515519,0.08116911034825591,0.0501493882414738,0.03101972210678211
2020-06-10,98.49,98.49,98.49,98.49,110,0.0,,98.55600000000001,,57.486581068277495,0.07874611591346081,0.055868733775871204,0.022877382137589608
2020-06-11,98.57,98.57,98.57,98.57,100,0.0,,98.55,,61.36378172935132,0.08233213319773824,0.061161413660244614,0.02117071953749363
2020-06-12,98.54,98.54,98.54,98.54,100,0.0,,98.53799999999998,,59.184002407046826,0.08181027057773349,0.0652911850437424,0.01651908553399109
2020-06-13,98.48,98.48,98.48,98.48,100,0.0,,98.51599999999999,,54.97768951302725,0.07568276829053389,0.0673695016931007,0.008313266597433186
2020-06-14,98.48,98.48,98.48,98.48,100,0.0,,98.51199999999999,,54.97768951302725,0.07001953694539509,0.06789950874355959,0.0021200282018355027
2020-06-15,98.475,98.475,98.475,98.475,100,0.0,,98.50899999999999,,54.60263108030232,0.06438572849043567,0.0671967526929348,-0.0028110242024991378
2020-06-16,98.535,98.535,98.535,98.535,100,0.0,,98.50199999999998,,58.28066520827159,0.06402436028794511,0.06656227421193688,-0.002537913923991761
2020-06-17,98.54,98.54,98.54,98.54,101,0.0,,98.50199999999998,,58.58181293829085,0.06341047511176612,0.06593191439190273,-0.0025214392801366087
2020-06-18,98.53,98.53,98.53,98.53,102,0.0,,98.51199999999999,,57.68496354150623,0.06140916364766724,0.06502736424305564,-0.0036182005953883933
2020-06-19,98.375,98.375,98.375,98.375,200,0.0,,98.49099999999999,,45.94403966190893,0.046776692686947285,0.06137722993183397,-0.014600537244886684
2020-06-20,98.33,98.33,98.33,98.33,200,0.0,,98.46199999999999,,43.19525218988649,0.031189694724119477,0.05533972289029108,-0.0241500281661716
2020-06-21,98.395,98.395,98.345,98.345,200,0.0,,98.424,,44.38960165465577,0.019818802363232635,0.04823553878487939,-0.028416736421646757
2020-06-22,98.28,98.28,98.25,98.25,203,0.0,,98.366,,38.82229640532819,0.003105780686041726,0.039209587165111866,-0.03610380647907014
2020-06-23,98.4,98.4,98.4,98.4,100,0.0,,98.34,,49.57590521265752,0.001941951386967844,0.03175606000948306,-0.02981410862251522
2020-06-24,98.28,98.28,98.28,98.28,100,0.0,,98.321,,43.055633203934185,-0.008564660757741649,0.023691915856038123,-0.03225657661377977
2020-06-25,98.35,98.35,98.35,98.35,200,0.0,,98.32500000000002,,47.40143979766318,-0.011114688383855764,0.016730595008059346,-0.02784528339191511
2020-06-26,98.28,98.29,98.28,98.29,201,0.0,,98.31400000000001,,44.28194538479996,-0.01777223494694624,0.009830029017058229,-0.02760226396400447
2020-06-27,98.15,98.15,98.15,98.15,183,0.0,,98.29400000000001,,37.9982174757655,-0.033953820032593285,0.001073259207127925,-0.03502707923972121
2020-06-28,98.155,98.155,98.155,98.155,120,0.0,,98.245,,38.334773726490475,-0.045845901566551106,-0.008310572947607881,-0.03753532861894322
2020-06-29,98.215,98.215,98.215,98.215,100,0.0,,98.23200000000001,,42.37695355033335,-0.04985427426049682,-0.01661931321018567,-0.03323496105031115
2020-06-30,97.86,97.86,97.86,97.86,100,0.0,,98.13400000000001,,29.891895987606276,-0.08074568563883133,-0.029444587695914806,-0.051301097942916526
2020-07-01,97.91,97.91,97.91,97.91,335,0.0,,98.058,,32.89084394070716,-0.10003957562881283,-0.04356358528249442,-0.05647599034631841
2020-07-02,97.93,97.93,97.93,97.93,110,0.0,,98.01400000000001,,34.105064050103934,-0.11242037746563938,-0.05733494371912341,-0.05508543374651596
2020-07-03,98.085,98.085,98.085,98.085,125,0.0,,98.00000000000003,,42.7502722288411,-0.10847461961739668,-0.06756287889877807,-0.04091174071861861
2020-07-04,98.145,98.145,98.145,98.145,100,0.0,,97.98600000000002,,45.71903315735296,-0.09936071110817579,-0.07392244534065762,-0.025438265767518176
2020-07-05,98.155,98.155,98.155,98.155,100,0.0,,98.045,,46.21959678203049,-0.09029014790456813,-0.07719598585343973,-0.0130941620511284
2020-07-06,98.09,98.09,98.09,98.09,408,0.0,,98.08100000000002,,43.4169457773758,-0.08733981892277143,-0.07922475246730606,-0.008115066455465364
2020-07-07,98.1,98.1,98.09,98.09,244,0.0,,98.11300000000003,,43.4169457773758,-0.08403298204046905,-0.08018639838193867,-0.0038465836585303836
2020-07-08,98.09,98.09,98.09,98.09,143,0.0,,98.11400000000002,,43.4169457773758,-0.08048451460231831,-0.0802460216260146,-0.00023849297630371136
2020-07-09,98.21,98.21,98.21,98.21,100,0.0,,98.12700000000002,,50.35784073686805,-0.06721452427781571,-0.07763972215637482,0.010425197878559112
2020-07-10,98.17,98.17,98.16,98.16,200,0.0,,98.12800000000001,,47.73060256895207,-0.06004043471556031,-0.07411986466821192,0.014079429952651615
2020-07-11,98.16,98.16,98.16,98.16,133,0.0,,98.14200000000001,,47.73060256895207,-0.05373548779679993,-0.07004298929392952,0.01630750149712959
2020-07-12,98.26,98.26,98.185,98.185,430,0.0,,98.16099999999999,,49.26548539100152,-0.046189042344252584,-0.06527219990399413,0.019083157559741548
2020-07-13,98.14,98.14,98.08,98.08,316,0.0,,98.15899999999999,,43.489264784208,-0.04812628260400231,-0.06184301644399577,0.013716733839993459
2020-07-14,98.13,98.13,98.13,98.13,111,0.0,,98.143,,46.69435039453744,-0.045107011780700645,-0.05849581551133675,0.013388803730636105
2020-07-15,98.145,98.145,98.145,98.145,100,0.0,,98.14000000000001,,47.65353450919253,-0.041030864989991755,-0.05500282540706776,0.013971960417076004
2020-07-16,98.135,98.135,98.135,98.135,150,0.0,,98.13500000000002,,47.04575976622054,-0.03816743528228983,-0.05163574738211218,0.013468312099822348
2020-07-17,98.11,98.11,98.11,98.11,200,0.0,,98.12000000000002,,45.48394213750747,-0.03748335291548699,-0.04880526848878715,0.01132191557330016
2020-07-18,98.075,98.075,98.075,98.075,100,0.0,,98.11900000000001,,43.31588965185385,-0.03931225302221719,-0.04690666539547316,0.00759441237325597
2020-07-19,98.08,98.13,98.08,98.13,217,0.0,,98.11900000000003,,47.54706312693181,-0.035909684695340616,-0.04470726925544665,0.008797584560106035
2020-07-20,98.165,98.185,98.16,98.185,403,0.0,,98.12700000000004,,51.44984933849701,-0.028447163246127616,-0.04145524805358285,0.01300808480745523
2020-07-21,98.25,98.255,98.25,98.255,202,0.0,,98.15100000000004,,55.94289603451249,-0.016692228626425276,-0.036502644168151334,0.019810415541726058
2020-07-22,98.24,98.31,98.23,98.31,1106,0.0,,98.19100000000006,,59.14233087790032,-0.0029048328004392943,-0.029783081894608928,0.026878249094169634
2020-07-23,98.29,98.3,98.25,98.255,554,0.0,,98.22700000000006,,54.85251591540247,0.0035428970666515625,-0.023117886102356832,0.026660783169008394
2020-07-24,98.225,98.225,98.225,98.225,103,0.0,,98.24600000000005,,52.61091038926708,0.006160999987386617,-0.017262108884408142,0.02342310887179476
2020-07-25,98.255,98.255,98.22,98.23,800,0.0,,98.25500000000005,,52.95597509506172,0.008540869797244,-0.012101513148077715,0.020642382945321714
2020-07-26,98.235,98.26,98.235,98.26,510,0.0,,98.25600000000006,,55.06992760777485,0.012701270704710055,-0.0071409563775201605,0.019842227082230216
2020-07-27,98.235,98.235,98.21,98.21,216,0.0,,98.23600000000008,98.25666666666666,50.959829791867385,0.011827496250973013,-0.003347265851821526,0.015174762102794538
