Date,Open,High,Low,Close,Volume,OpenInterest,Entry,5 day sma,200 day sma,rsi,macd,signal,histogram
2020-03-30,383.74,383.74,383.59,383.59,304,0.0,,,,,,,
2020-03-31,383.69,383.69,383.69,383.69,200,0.0,,,,,,,
2020-04-01,385.43,385.43,385.43,385.43,223,0.0,,,,,,,
2020-04-02,385.785,385.98,385.785,385.98,259,0.0,,,,,,,
2020-04-03,386.135,386.135,386.135,386.135,100,0.0,,384.96500000000003,,,,,
2020-04-04,385.55,385.55,385.55,385.55,153,0.0,,385.357,,,,,
2020-04-05,385.48,385.48,385.48,385.48,101,0.0,,385.71500000000003,,,,,
2020-04-06,385.82,385.82,385.82,385.82,100,0.0,,385.79300000000006,,,,,
2020-04-07,385.36,385.36,385.36,385.36,110,0.0,,385.66900000000004,,,,,
2020-04-08,384.635,384.635,384.635,384.635,121,0.0,,385.3690000000001,,,,,
2020-04-09,384.08,384.08,384.08,384.08,100,0.0,,385.07500000000016,,,,,
2020-04-10,383.555,383.555,383.555,383.555,101,0.0,,384.69000000000017,,,,,
2020-04-11,383.755,383.755,383.755,383.755,319,0.0,,384.27700000000016,,,,,
2020-04-12,383.42,383.42,383.245,383.4,400,0.0,,383.8850000000001,,,,,
2020-04-13,383.25,383.25,383.25,383.25,203,0.0,,383.6080000000001,,47.388632872504004,,,
2020-04-14,383.3,383.39,383.3,383.39,328,0.0,,383.47000000000014,,48.57951264580211,,,
2020-04-15,383.61,383.61,383.61,383.61,100,0.0,,383.48100000000017,,50.47656122999029,,,
2020-04-16,382.965,382.965,382.965,382.965,101,0.0,,383.32300000000015,,45.21031115617342,,,
2020-04-17,381.955,381.955,381.955,381.955,100,0.0,,383.0340000000001,,38.44619012901929,,,
2020-04-18,384.35,384.35,384.35,384.35,110,0.0,,383.2540000000001,,55.46258932239683,,,
2020-04-19,385.97,385.97,385.97,385.97,122,0.0,,383.77000000000015,,62.927988833337714,,,
2020-04-20,385.93,385.93,385.93,385.93,101,0.0,,384.2340000000001,,62.64875361980853,,,
2020-04-21,386.2,386.2,386.2,386.2,119,0.0,,384.8810000000001,,63.815918840816224,,,
2020-04-22,385.06,385.06,385.06,385.06,314,0.0,,385.5020000000001,,55.87660418015349,,,
2020-04-23,386.48,386.48,386.48,386.48,100,0.0,,385.92800000000017,,62.18708340413981,,,
2020-04-24,386.49,386.49,385.93,385.93,246,0.0,,385.92000000000013,,58.68611797030443,0.4552191367960745,,
2020-04-25,385.92,385.92,385.92,385.92,149,0.0,,385.91800000000006,,58.621498031806276,0.4845016627591008,,
2020-04-26,385.63,385.64,385.63,385.64,256,0.0,,385.8060000000001,,56.73765272507242,0.47958624392373395,,
2020-04-27,385.1,385.1,384.46,384.46,238,0.0,,385.68600000000004,,49.51591381940601,0.3761387078683356,,
2020-04-28,384.95,384.95,384.95,384.95,125,0.0,,385.38,,52.234739271791526,0.3298919065956625,,
2020-04-29,385.135,385.465,385.135,385.465,208,0.0,,385.28700000000003,,54.97907401107701,0.3309818268909339,,
2020-04-30,385.905,385.905,385.905,385.905,102,0.0,,385.284,,57.23953729501276,0.36316359547680577,,
2020-05-01,386.05,386.05,386.05,386.05,262,0.0,,385.3660000000001,,57.988146030121385,0.39580556692754953,,
2020-05-02,385.24,385.24,385.24,385.24,143,0.0,,385.5220000000001,,52.46272888057882,0.35225377171741457,0.396393602106179,-0.044139830388764456
2020-05-03,386.35,386.35,386.34,386.34,255,0.0,,385.8000000000001,,58.27698173810999,0.40186699459582087,0.3974882806041074,0.004378713991713468
2020-05-04,386.1,386.1,386.1,386.1,106,0.0,,385.9270000000002,,56.648979497796795,0.41701277326586705,0.4013931791364594,0.015619594129407666
2020-05-05,386.01,386.01,385.99,385.99,209,0.0,,385.9440000000002,,55.8784864782455,0.41535191298441987,0.40418492590605154,0.011166987078368329
2020-05-06,385.8,385.8,385.8,385.8,253,0.0,,385.8940000000002,,54.49964019725499,0.39416061888374543,0.40218006450159033,-0.0080194456178449
2020-05-07,385.55,385.55,385.55,385.55,259,0.0,,385.9560000000002,,52.658401964983135,0.35312287428769196,0.39236862645881065,-0.0392457521711187
2020-05-08,386.3,386.3,386.3,386.3,183,0.0,,385.9480000000002,,57.31721262195363,0.376775662717705,0.3892500337105895,-0.01247437099288451
2020-05-09,386.42,386.42,385.69,385.7,676,0.0,,385.8680000000002,,52.83751023758342,0.3431500620549741,0.38003003937946644,-0.03687997732449233
2020-05-10,385.57,385.67,385.57,385.67,500,0.0,,385.8040000000002,,52.616079821970985,0.31050151381998603,0.36612433426757035,-0.05562282044758432
2020-05-11,385.59,385.67,385.59,385.67,200,0.0,,385.7780000000002,,52.616079821970985,0.2813836881222187,0.34917620503850005,-0.06779251691628135
2020-05-12,385.53,385.65,385.53,385.65,200,0.0,,385.7980000000002,,52.446143350823526,0.25376848350873615,0.3300946607325473,-0.07632617722381113
2020-05-13,385.68,385.68,385.68,385.68,100,0.0,,385.6740000000002,,52.69295738431093,0.23163385330144592,0.310402499246327,-0.07876864594488109
2020-05-14,385.64,385.64,385.64,385.64,100,0.0,,385.6620000000002,,52.303163088705425,0.2084613213350508,0.2900142636640718,-0.081552942329021
2020-05-15,385.68,385.68,385.68,385.68,100,0.0,,385.6640000000002,,52.68013680327814,0.19112145929489088,0.2702357027902356,-0.07911424349534474
2020-05-16,385.65,385.66,385.65,385.66,200,0.0,,385.66200000000015,,52.45689334355276,0.17376263337399678,0.25094108890698785,-0.07717845553299107
2020-05-17,385.55,385.55,385.55,385.55,100,0.0,,385.64200000000017,,51.17244861202602,0.14940728391036373,0.23063432790766303,-0.0812270439972993
2020-05-18,385.68,385.69,385.68,385.69,200,0.0,,385.6440000000002,,52.75793232917657,0.13979090146551698,0.21246564261923384,-0.07267474115371686
2020-05-19,385.66,385.66,385.66,385.66,100,0.0,,385.64800000000025,,52.365540161049196,0.12827047759600418,0.19562660961458792,-0.06735613201858373
2020-05-20,385.68,385.68,385.68,385.68,100,0.0,,385.6480000000002,,52.61854821832815,0.11937817424984587,0.18037692254163953,-0.060998748291793664
2020-05-21,385.685,385.685,385.685,385.685,100,0.0,,385.6530000000002,,52.686207216461604,0.11144969528351112,0.16659147709001387,-0.055141781806502754
2020-05-22,385.63,385.63,385.63,385.63,100,0.0,,385.6690000000002,,51.80979893133555,0.09958037762856975,0.15318925719772505,-0.053608879569155304
2020-05-23,385.63,385.63,385.63,385.63,100,0.0,,385.65700000000015,,51.80979893133555,0.08914623556125889,0.14038065287043183,-0.05123441730917294
2020-05-24,385.67,385.67,385.67,385.67,100,0.0,,385.65900000000016,,52.476580959258385,0.08314630960467184,0.12893378421727983,-0.04578747461260799
2020-05-25,385.67,385.67,385.67,385.67,100,0.0,,385.6570000000001,,52.476580959258385,0.07749797662324909,0.11864662269847367,-0.04114864607522459
2020-05-26,385.67,385.67,385.67,385.67,100,0.0,,385.6540000000001,,52.476580959258385,0.07218947669053932,0.10935519349688681,-0.03716571680634749
2020-05-27,385.71,385.71,385.71,385.71,100,0.0,,385.6700000000001,,53.28390106213526,0.0703986066384914,0.10156387612520773,-0.03116526948671633
2020-05-28,385.67,385.67,385.67,385.67,100,0.0,,385.67800000000005,,52.326607039310886,0.06500235680698552,0.09425157226156329,-0.029249215454577773
2020-05-29,385.66,385.66,385.66,385.66,100,0.0,,385.67600000000004,,52.0747228006563,0.05923603734578364,0.08724846527840736,-0.02801242793262372
2020-05-30,385.66,385.66,385.66,385.66,100,0.0,,385.674,,52.0747228006563,0.0540432111314999,0.08060741444902587,-0.026564203317525972
2020-05-31,385.71,385.71,385.71,385.71,100,0.0,,385.68199999999996,,53.376167616009,0.05334748448342452,0.07515542845590562,-0.021807943972481092
2020-06-01,385.69,385.69,385.69,385.69,100,0.0,,385.678,,52.759001089468335,0.050599009366237624,0.07024414463797202,-0.019645135271734393
2020-06-02,385.6,385.6,385.6,385.6,100,0.0,,385.66399999999993,,49.959563394771735,0.04068953160356159,0.06433322203108993,-0.02364369042752834
2020-06-03,385.66,385.66,385.66,385.66,100,0.0,,385.6639999999999,,51.795897366523164,0.037248322170114534,0.058916242058894855,-0.02166791988878032
2020-06-04,385.66,385.66,385.66,385.66,100,0.0,,385.6639999999999,,51.795897366523164,0.03412773560921778,0.053958540768959444,-0.019830805159741664
2020-06-05,385.625,385.63,385.625,385.63,200,0.0,,385.64799999999985,,50.716651189651564,0.028900749151432592,0.048946982445454076,-0.020046233294021484
2020-06-06,385.67,385.67,385.67,385.67,100,0.0,,385.6439999999999,,52.14833025304934,0.02766706176532807,0.044690998309428874,-0.017023936544100803
2020-06-07,385.63,385.66,385.63,385.66,200,0.0,,385.65599999999984,,51.74363594317958,0.0255874826250988,0.04087029517256286,-0.01528281254746406
2020-06-08,385.63,385.63,385.63,385.63,100,0.0,,385.64999999999986,,50.47803989088686,0.02127342509220398,0.03695092115649109,-0.01567749606428711
2020-06-09,385.63,385.63,385.63,385.63,100,0.0,,385.64399999999983,,50.47803989088686,0.017651033291826934,0.033090943583558255,-0.01543991029173132
2020-06-10,385.63,385.63,385.63,385.63,100,0.0,,385.6439999999998,,50.47803989088686,0.014611825661461353,0.029395119999138877,-0.014783294337677524
2020-06-11,385.67,385.67,385.67,385.67,100,0.0,,385.6439999999998,,52.41620182792677,0.015255046741174283,0.02656710534754596,-0.011312058606371678
2020-06-12,385.65,385.65,385.65,385.65,100,0.0,,385.64199999999977,,51.33438121191738,0.013989706598636076,0.024051625597763984,-0.010061918999127908
2020-06-13,385.67,385.67,385.67,385.67,100,0.0,,385.64999999999975,,52.392536560257106,0.014434357978643675,0.022128172073939925,-0.00769381409529625
2020-06-14,387.11,387.11,387.11,387.11,101,0.0,,385.94599999999974,,82.27536398668903,0.12949003233086387,0.043600544125324714,0.08588948820553916
2020-06-15,388.34,388.34,388.34,388.34,100,0.0,,386.4879999999997,,88.76335848202301,0.3162773551728151,0.09813590633482278,0.2181414488379923
2020-06-16,388.67,388.67,388.67,388.67,220,0.0,,387.08799999999974,,89.83809451618978,0.48534118526060865,0.17557696211997997,0.3097642231406287
2020-06-17,389.36,389.36,389.36,389.36,110,0.0,,387.82999999999976,,91.63883767564724,0.6673103833606433,0.2739236463681126,0.3933867369925307
2020-06-18,389.435,389.435,389.435,389.435,200,0.0,,388.58299999999974,,91.80874953182007,0.8082570726600125,0.38079033162649256,0.4274667410335199
2020-06-19,389.005,389.005,389.005,389.005,120,0.0,,388.9619999999997,,81.57350907940477,0.8751724893742789,0.4796667631760499,0.39550572619822905
2020-06-20,389.84,389.84,389.84,389.84,147,0.0,,389.2619999999998,,85.05725885726304,0.9842353088583309,0.5805804723125061,0.4036548365458248
2020-06-21,391.16,391.16,391.16,391.16,183,0.0,,389.75999999999976,,88.69573027124011,1.1637661753047155,0.697217612910948,0.4665485623937675
2020-06-22,392.795,392.795,392.795,392.795,365,0.0,,390.4469999999998,,91.46719340163278,1.4215893193832017,0.8420919542053986,0.579497365177803
2020-06-23,393.425,393.425,393.425,393.425,100,0.0,,391.2449999999998,,92.25512494257801,1.6576434713605863,1.0052022576364363,0.65244121372415
2020-06-24,393.955,393.955,393.955,393.955,100,0.0,,392.2349999999998,,92.85303802820562,1.8659748614127807,1.1773567783917054,0.6886180830210753
2020-06-25,394.38,394.38,394.38,394.38,100,0.0,,393.1429999999998,,93.29973534466635,2.0418359235744106,1.3502526074282466,0.691583316146164
2020-06-26,394.46,394.46,394.46,394.46,142,0.0,,393.80299999999977,,93.38356575906342,2.162731787962173,1.512748443535032,0.6499833444271408
2020-06-27,395.365,395.365,395.365,395.365,115,0.0,,394.3169999999997,,94.25867988370436,2.3049979861240217,1.6711983520528302,0.6337996340711916
2020-06-28,394.88,394.88,394.88,394.88,105,0.0,,394.6079999999998,,87.57381254591114,2.3515028651839316,1.8072592546790507,0.5442436105048809
2020-06-29,393.355,393.355,393.355,393.355,110,0.0,,394.4879999999997,,70.61544862032426,2.239488136639011,1.8937050310710428,0.3457831055679681
2020-06-30,393.83,393.83,393.83,393.83,160,0.0,,394.3779999999997,,72.40772760244002,2.1640978149968078,1.947783587856196,0.21631422714061177
2020-07-01,394.13,395.99,394.06,395.28,949,0.0,,394.54199999999963,,77.01629251475971,2.1960387559894343,1.9974346214828438,0.19860413450659054
2020-07-02,395.56,395.56,395.56,395.56,100,0.0,,394.5809999999996,,77.78780752636963,2.2183738094054206,2.0416224590673595,0.1767513503380611
2020-07-03,395.17,395.17,395.17,395.17,100,0.0,,394.63899999999956,,74.05880846210991,2.179481058555723,2.069194178965032,0.11028687959069083
2020-07-04,391.325,391.325,391.325,391.325,100,0.0,,394.23299999999955,,49.07885648079009,1.817448492407891,2.018845041653604,-0.20139654924571282
2020-07-05,391.76,391.76,391.76,391.76,157,0.0,,393.8189999999995,,51.088875303748935,1.5477939349712528,1.924634820317134,-0.3768408853458811
2020-07-06,394.8,394.8,394.8,394.8,110,0.0,,393.72299999999956,,62.29131021712225,1.5613945645011995,1.851986769153947,-0.2905922046527476
2020-07-07,394.29,394.29,394.29,394.29,101,0.0,,393.4689999999996,,59.81614345215655,1.5135728974435096,1.7843039948118595,-0.2707310973683499
2020-07-08,394.51,394.51,394.51,394.51,100,0.0,,393.33699999999953,,60.544463295485315,1.4764069429402298,1.7227245844375338,-0.24631764149730406
2020-07-09,393.83,393.83,393.83,393.83,100,0.0,,393.8379999999995,,57.09958117253943,1.3762181530252064,1.6534232981550683,-0.27720514512986183
2020-07-10,393.33,393.33,393.33,393.33,115,0.0,,394.15199999999953,,54.637857140444495,1.2421532247097389,1.5711692834660025,-0.3290160587562636
2020-07-11,393.32,393.32,393.32,393.32,100,0.0,,393.85599999999954,,54.58716837798298,1.1221632868590632,1.4813680841446148,-0.35920479728555166
2020-07-12,394.105,394.105,394.105,394.105,220,0.0,,393.8189999999995,,57.889796751717185,1.0779869733081568,1.4006918619773234,-0.3227048886691666
2020-07-13,393.18,393.18,393.18,393.18,270,0.0,,393.5529999999995,,52.99873249891198,0.9573019758160513,1.312013884745069,-0.3547119089290178
2020-07-14,392.71,392.71,392.68,392.68,259,0.0,,393.3229999999995,,50.51429217138668,0.8119527387402741,1.21200165554411,-0.4000489168038359
2020-07-15,393.13,393.13,393.13,393.13,100,0.0,,393.28299999999956,,52.664958529039865,0.7247195445783632,1.1145452333509607,-0.3898256887725975
2020-07-16,393.65,393.9,393.65,393.9,203,0.0,,393.39899999999955,,56.17474429564371,0.7095400386729693,1.0335441944153625,-0.32400415574239316
2020-07-17,393.79,393.79,393.79,393.79,188,0.0,,393.3359999999996,,55.541167166366556,0.6807864082493325,0.9629926371821566,-0.2822062289328241
2020-07-18,393.84,393.84,393.84,393.84,101,0.0,,393.4679999999996,,55.78527813139205,0.6544889894473727,0.9012919076351998,-0.24680291818782718
2020-07-19,394.425,394.425,394.425,394.425,101,0.0,,393.8169999999996,,58.6462566916052,0.6730937013324478,0.8556522663746495,-0.1825585650422017
2020-07-20,394.31,394.31,394.31,394.31,103,0.0,,394.0529999999996,,57.85374470729635,0.6708256698881314,0.818686947077346,-0.1478612771892146
2020-07-21,393.77,393.77,393.77,393.77,129,0.0,,394.0269999999996,,54.153163201938234,0.6183270621197039,0.7786149700858177,-0.1602879079661138
2020-07-22,393.385,393.385,393.385,393.385,100,0.0,,393.9459999999996,,51.61808121822313,0.5394369613083541,0.730779368330325,-0.19134240702197092
2020-07-23,393.47,393.47,393.47,393.47,110,0.0,,393.8719999999996,,52.15066382099605,0.47826167478882553,0.6802758296220252,-0.20201415483319962
2020-07-24,393.49,393.49,393.29,393.29,289,0.0,,393.64499999999964,,50.87353683370967,0.41052306939843675,0.6263252775773075,-0.21580220817887075
2020-07-25,393.56,393.71,393.56,393.71,3527,0.0,,393.52499999999964,,53.721380256104574,0.3862774603957746,0.5783157141410009,-0.19203825374522632
2020-07-26,393.62,393.62,393.62,393.62,121,0.0,,393.4949999999996,,53.01220370102483,0.3557001033663596,0.5337925919860727,-0.17809248861971305
2020-07-27,394.07,394.07,394.07,394.07,112,0.0,,393.63199999999966,388.1351666666667,56.13054826853708,0.36358735807698395,0.4997515452042549,-0.13616418712727096
