Date,Open,High,Low,Close,Volume,OpenInterest,Entry,5 day sma,200 day sma,rsi,macd,signal,histogram
2020-03-30,68.98,68.99,68.98,68.99,200,0.0,,,,,,,
2020-03-31,68.97,68.97,68.96,68.96,275,0.0,,,,,,,
2020-04-01,68.98,68.98,68.98,68.98,324,0.0,,,,,,,
2020-04-02,68.96,68.99,68.96,68.99,275,0.0,,,,,,,
2020-04-03,69.01,69.01,69.01,69.01,100,0.0,,68.986,,,,,
2020-04-04,69.03,69.03,69.02,69.02,200,0.0,,68.99199999999999,,,,,
2020-04-05,69.0,69.02,69.0,69.02,200,0.0,,69.00399999999999,,,,,
2020-04-06,69.01,69.02,69.01,69.02,200,0.0,,69.01199999999999,,,,,
2020-04-07,68.99,69.015,68.99,69.015,516,0.0,,69.01699999999998,,,,,
2020-04-08,68.97,68.97,68.97,68.97,162,0.0,,69.00899999999999,,,,,
2020-04-09,68.96,68.97,68.96,68.97,200,0.0,,68.999,,,,,
2020-04-10,68.97,68.99,68.97,68.99,400,0.0,,68.99300000000001,,,,,
2020-04-11,69.0,69.0,69.0,69.0,271,0.0,,68.989,,,,,
2020-04-12,68.97,68.97,68.94,68.94,492,0.0,,68.97400000000002,,,,,
2020-04-13,69.01,69.01,69.0,69.0,209,0.0,,68.98000000000002,,51.72413793103532,,,
2020-04-14,69.03,69.03,69.01,69.025,1700,0.0,,68.99100000000001,,55.82524271844815,,,
2020-04-15,69.05,69.05,68.99,69.0,357,0.0,,68.99300000000001,,51.14608279165302,,,
2020-04-16,69.02,69.065,69.02,69.065,1331,0.0,,69.006,,60.4322527015792,,,
2020-04-17,69.065,69.095,69.05,69.05,1100,0.0,,69.028,,57.7062716346265,,,
2020-04-18,69.07,69.07,69.0,69.02,2115,0.0,,69.03200000000001,,52.596241711958825,,,
2020-04-19,69.03,69.03,69.005,69.005,1017,0.0,,69.02799999999999,,50.20248331010191,,,
2020-04-20,69.02,69.025,68.97,68.99,1301,0.0,,69.026,,47.856879473481236,,,
2020-04-21,69.0,69.0,69.0,69.0,250,0.0,,69.013,,49.54923137746254,,,
2020-04-22,68.955,68.955,68.95,68.95,272,0.0,,68.993,,42.17808260123466,,,
2020-04-23,68.94,68.98,68.94,68.95,313,0.0,,68.979,,42.178082601234664,,,
2020-04-24,68.92,68.92,68.9,68.9,300,0.0,,68.958,,35.97182139398866,-0.016213727328150185,,
2020-04-25,68.92,68.92,68.92,68.92,100,0.0,,68.94399999999999,,39.78834916020645,-0.019579487445540167,,
2020-04-26,68.94,68.94,68.94,68.94,122,0.0,,68.93199999999999,,43.42032075304371,-0.02039790933299912,,
2020-04-27,68.9,68.9,68.9,68.9,200,0.0,,68.922,,38.4277773076181,-0.023997551446157672,,
2020-04-28,68.89,68.89,68.88,68.88,203,0.0,,68.90799999999999,,36.1873041564361,-0.028139749096695255,,
2020-04-29,68.9,68.91,68.9,68.91,345,0.0,,68.91,,41.68002757478132,-0.028671217351700307,,
2020-04-30,68.97,68.97,68.97,68.97,100,0.0,,68.91999999999999,,50.80118515643454,-0.023974547553180514,,
2020-05-01,68.96,68.96,68.96,68.96,100,0.0,,68.92399999999999,,49.41405697989362,-0.020819327083657413,,
2020-05-02,69.01,69.01,69.01,69.01,100,0.0,,68.94599999999998,,55.898215190791376,-0.014121426976942075,-0.021768327068335855,0.00764690009139378
2020-05-03,69.035,69.06,69.035,69.06,502,0.0,,68.98199999999999,,61.24763463430974,-0.004724252511834948,-0.018359512157035674,0.013635259645200726
2020-05-04,69.045,69.06,69.03,69.06,503,0.0,,69.01199999999999,,61.24763463430974,0.002692043750144535,-0.014149200975599633,0.016841244725744168
2020-05-05,69.035,69.035,68.995,68.995,303,0.0,,69.01699999999998,,51.778456156200946,0.0032866685280339425,-0.01066202707487292,0.013948695602906862
2020-05-06,68.96,68.96,68.96,68.96,100,0.0,,69.01699999999998,,47.518320444300336,0.0009230649377371947,-0.008345008672350898,0.009268073610088093
2020-05-07,68.965,68.98,68.965,68.98,300,0.0,,69.011,,50.04749189427444,0.0006561610998971901,-0.0065447747179012816,0.007200935817798472
2020-05-08,68.97,69.0,68.97,69.0,300,0.0,,68.999,,52.51204778344408,0.0020350123825068067,-0.004828817297819665,0.0068638296803264715
2020-05-09,68.925,68.94,68.925,68.94,402,0.0,,68.975,,45.29244826576583,-0.0016942068391756493,-0.004201895206090862,0.0025076883669152127
2020-05-10,68.92,68.94,68.92,68.94,412,0.0,,68.96399999999998,,45.29244826576583,-0.004596652590180383,-0.0042808466829087665,-0.00031580590727161694
2020-05-11,68.94,68.94,68.91,68.91,501,0.0,,68.95399999999998,,41.948140497103836,-0.009211427436810027,-0.005266962833689019,-0.003944464603121008
2020-05-12,68.95,68.96,68.95,68.96,551,0.0,,68.94999999999997,,48.74143327371842,-0.008733414254706418,-0.005960253117892499,-0.0027731611368139184
2020-05-13,68.935,68.935,68.935,68.935,117,0.0,,68.93699999999998,,45.85222218777651,-0.010253678408275846,-0.006818938175969168,-0.0034347402323066777
2020-05-14,68.96,68.96,68.915,68.915,702,0.0,,68.93199999999999,,43.62437760285821,-0.012923359116513211,-0.008039822364077978,-0.004883536752435233
2020-05-15,68.895,68.895,68.895,68.895,434,0.0,,68.92299999999997,,41.45523280034192,-0.016463156148716962,-0.009724489121005774,-0.006738667027711188
2020-05-16,68.905,68.905,68.895,68.895,315,0.0,,68.91999999999999,,41.45523280034192,-0.01904888708678243,-0.011589368714161106,-0.007459518372621323
2020-05-17,68.89,68.895,68.88,68.885,400,0.0,,68.90499999999999,,40.29342872236743,-0.02165538412273804,-0.013602571795876494,-0.008052812326861548
2020-05-18,68.91,68.91,68.83,68.83,351,0.0,,68.88399999999999,,34.55705276200517,-0.027838190813326946,-0.016449695599366584,-0.011388495213960362
2020-05-19,68.815,68.86,68.815,68.86,300,0.0,,68.87299999999998,,39.60749785967498,-0.02997186339639768,-0.019154129158772806,-0.010817734237624874
2020-05-20,68.9,68.9,68.895,68.895,200,0.0,,68.87299999999998,,44.9456384579706,-0.028509961706248532,-0.021025295668267954,-0.007484666037980578
2020-05-21,68.9,68.9,68.89,68.89,201,0.0,,68.87199999999999,,44.34264140741119,-0.027438557684547504,-0.022307948071523868,-0.005130609613023637
2020-05-22,68.875,68.875,68.875,68.875,200,0.0,,68.86999999999998,,42.500481109074975,-0.02748302965974858,-0.023342964389168813,-0.004140065270579769
2020-05-23,68.89,68.89,68.89,68.89,191,0.0,,68.88199999999998,,44.962813980797385,-0.026008094259580616,-0.023875990363251172,-0.0021321038963294445
2020-05-24,68.88,68.88,68.88,68.88,102,0.0,,68.88599999999998,,43.62166143291823,-0.02535385035051263,-0.024171562360703464,-0.0011822879898091658
2020-05-25,68.78,68.8,68.78,68.8,289,0.0,,68.86699999999999,,34.70354388358163,-0.030934099705504536,-0.02552406982966368,-0.005410029875840855
2020-05-26,68.8,68.8,68.8,68.8,200,0.0,,68.84899999999999,,34.70354388358163,-0.03495356458813603,-0.02740996878135815,-0.007543595806777881
2020-05-27,68.8,68.8,68.8,68.8,200,0.0,,68.83399999999999,,34.70354388358163,-0.03770438676583865,-0.02946885237825425,-0.008235534387584398
2020-05-28,68.75,68.75,68.75,68.75,100,0.0,,68.806,,29.927431828712542,-0.04341851369404992,-0.032258784641413386,-0.011159729052636534
2020-05-29,68.725,68.725,68.71,68.71,334,0.0,,68.77199999999999,,26.755078312483093,-0.05059147908002615,-0.03592532352913594,-0.014666155550890209
2020-05-30,68.69,68.72,68.69,68.72,401,0.0,,68.75599999999999,,28.787405505778324,-0.05483706188580584,-0.03970767120046992,-0.01512939068533592
2020-05-31,68.745,68.75,68.74,68.74,370,0.0,,68.74399999999999,,32.80326893170336,-0.05594300782325945,-0.04295473852502783,-0.012988269298231617
2020-06-01,68.72,68.72,68.72,68.72,182,0.0,,68.72799999999998,,30.92516820909357,-0.05776740412383674,-0.04591727164478962,-0.01185013247904712
2020-06-02,68.72,68.72,68.72,68.72,300,0.0,,68.72199999999998,,30.92516820909357,-0.058538456449085174,-0.048441508605648734,-0.01009694784343644
2020-06-03,68.73,68.75,68.73,68.75,524,0.0,,68.72999999999999,,37.18189527477657,-0.05608228996376852,-0.049969664877272696,-0.006112625086495821
2020-06-04,68.76,68.76,68.745,68.76,610,0.0,,68.73799999999999,,39.16013555582726,-0.052721107789068355,-0.05051995345963183,-0.0022011543294365235
2020-06-05,68.79,68.79,68.78,68.78,210,0.0,,68.74599999999998,,43.024657978261644,-0.04789145101072734,-0.04999425296985094,0.0021028019591236013
2020-06-06,68.76,68.83,68.76,68.83,1154,0.0,,68.76799999999999,,51.34530404216244,-0.03957315637229897,-0.04791003365034055,0.008336877278041582
2020-06-07,68.83,68.92,68.83,68.92,1900,0.0,,68.80799999999999,,62.08011321004151,-0.025425510642790528,-0.043413129048830545,0.017987618406040018
2020-06-08,68.93,68.93,68.89,68.89,337,0.0,,68.83599999999998,,57.52412087991047,-0.016444585804649137,-0.038019420399994265,0.02157483459534513
2020-06-09,68.87,68.88,68.87,68.88,500,0.0,,68.85999999999999,,56.04756243393711,-0.010018566791231365,-0.03241924967824168,0.022400682887010318
2020-06-10,68.86,68.885,68.86,68.885,545,0.0,,68.881,,56.646769334441345,-0.004470904409885179,-0.02682958062457038,0.0223586762146852
2020-06-11,68.9,68.91,68.9,68.91,400,0.0,,68.89699999999999,,59.611633599143474,0.0019208071927039327,-0.02107950306111552,0.02300031025381945
2020-06-12,68.93,68.93,68.91,68.91,419,0.0,,68.895,,59.611633599143474,0.006906668907632252,-0.015482268667365965,0.022388937574998217
2020-06-13,68.9,68.92,68.9,68.92,870,0.0,,68.901,,60.853585280959685,0.011531983141168212,-0.01007941830565913,0.02161140144682734
2020-06-14,68.965,68.97,68.95,68.95,524,0.0,,68.91499999999999,,64.39120857060067,0.017417548615981104,-0.004580024921331083,0.021997573537312187
2020-06-15,68.94,68.96,68.92,68.96,886,0.0,,68.92999999999999,,65.51006758104624,0.022627976852760412,0.000861575433487216,0.021766401419273197
2020-06-16,68.96,68.97,68.931,68.95,504,0.0,,68.93799999999999,,63.36590145430976,0.02565463171801241,0.005820186690392255,0.019834445027620155
2020-06-17,68.96,68.97,68.945,68.95,877,0.0,,68.94599999999998,,63.36590145430976,0.027733582034457527,0.01020286575920531,0.01753071627525222
2020-06-18,68.94,68.94,68.94,68.94,285,0.0,,68.94999999999997,,61.0485335570943,0.028248616247807945,0.013812015856925838,0.014436600390882107
2020-06-19,68.945,68.945,68.945,68.945,103,0.0,,68.94899999999998,,61.800760310525845,0.028729071927799055,0.01679542707110048,0.011933644856698573
2020-06-20,68.93,68.94,68.93,68.94,636,0.0,,68.94499999999998,,60.54164966247315,0.028379240088170832,0.019112189674514554,0.009267050413656278
2020-06-21,68.9,68.9,68.9,68.9,292,0.0,,68.93499999999997,,51.501694660681416,0.024590861979191914,0.02020792413545003,0.004382937843741885
2020-06-22,68.97,69.025,68.97,69.025,1224,0.0,,68.94999999999999,,67.72185868775563,0.03131403170031888,0.0224291456484238,0.00888488605189508
2020-06-23,69.0,69.0,68.985,68.99,1099,0.0,,68.96,,61.51784812509234,0.03343259451088443,0.024629835420915923,0.008802759089968505
2020-06-24,69.0,69.0,69.0,69.0,150,0.0,,68.97099999999999,,62.57283541005649,0.03550915973841029,0.026805700284414796,0.008703459453995494
2020-06-25,68.975,68.99,68.975,68.975,821,0.0,,68.97799999999998,,58.271818596275864,0.03473713352363461,0.02839198693225876,0.0063451465913758505
2020-06-26,69.01,69.01,68.975,68.98,2699,0.0,,68.99399999999999,,58.880579799477886,0.03413526530951572,0.029540642607710152,0.004594622701805565
2020-06-27,68.97,68.99,68.96,68.985,593,0.0,,68.98599999999999,,59.51661191341588,0.03367357066530019,0.03036722821922816,0.0033063424460720303
2020-06-28,69.02,69.02,69.0,69.0,300,0.0,,68.98799999999999,,61.443411736284084,0.03412468089372567,0.031118718754127663,0.003005962139598004
2020-06-29,68.98,69.01,68.97,68.99,2347,0.0,,68.98599999999999,,59.413223594089274,0.03329150878330722,0.031553276759963576,0.0017382320233436457
2020-06-30,68.97,68.97,68.9,68.9,1635,0.0,,68.97099999999998,,45.00151952863888,0.025079861018355132,0.03025859361164189,-0.005178732593286758
2020-07-01,68.94,68.96,68.935,68.945,900,0.0,,68.96399999999997,,51.355173585097944,0.021950167059841874,0.02859690830128189,-0.006646741241440015
2020-07-02,68.945,68.97,68.945,68.955,1449,0.0,,68.95799999999997,,52.66386671534372,0.020045704077418236,0.02688666745650916,-0.006840963379090924
2020-07-03,68.955,68.985,68.955,68.965,705,0.0,,68.95099999999998,,53.99669703162238,0.01912288317578259,0.025333910600363847,-0.0062110274245812565
2020-07-04,68.945,69.0,68.945,69.0,906,0.0,,68.95299999999997,,58.41055115875391,0.02097397354428665,0.02446192318914841,-0.0034879496448617583
2020-07-05,68.985,68.985,68.945,68.945,802,0.0,,68.96199999999996,,50.251214501473044,0.01779777399204363,0.023129093349727455,-0.0053313193576838246
2020-07-06,68.99,68.99,68.945,68.965,1245,0.0,,68.96599999999998,,52.83149910916775,0.01670191651957964,0.021843657983697893,-0.0051417414641182525
2020-07-07,68.965,68.97,68.935,68.935,1108,0.0,,68.96199999999997,,48.74725894740794,0.01325984110360423,0.02012689460767916,-0.006867053504074929
2020-07-08,68.95,68.955,68.925,68.955,806,0.0,,68.95999999999997,,51.44232636500517,0.012007390665417006,0.01850299381922673,-0.0064956031538097245
2020-07-09,68.955,68.965,68.93,68.945,900,0.0,,68.94899999999997,,50.025874204655594,0.010091568918511484,0.01682070883908368,-0.006729139920572197
2020-07-10,68.965,68.975,68.95,68.975,994,0.0,,68.95499999999996,,54.108326718992764,0.010868727733111427,0.015630312617889233,-0.004761584884777806
2020-07-11,68.975,68.975,68.93,68.93,1374,0.0,,68.94799999999995,,47.800441443331344,0.007764009109408221,0.01405705191619303,-0.0062930428067848095
2020-07-12,68.91,68.91,68.895,68.895,943,0.0,,68.93999999999996,,43.548091269946774,0.0024510357249312165,0.011735848677940667,-0.00928481295300945
2020-07-13,68.885,68.895,68.875,68.885,1516,0.0,,68.92599999999996,,42.3878322346134,-0.0025372030888348718,0.00888123832458556,-0.011418441413420431
2020-07-14,68.89,68.91,68.875,68.895,1680,0.0,,68.91599999999995,,43.994770164379666,-0.005618732608581922,0.005981244137952063,-0.011599976746533985
2020-07-15,68.885,68.935,68.885,68.915,1239,0.0,,68.90399999999995,,47.168655462851646,-0.006373563627079193,0.0035102825849458123,-0.009883846212025005
2020-07-16,68.905,68.905,68.875,68.895,1023,0.0,,68.89699999999995,,44.45551091024594,-0.008487763842410345,0.0011106732994745807,-0.009598437141884925
2020-07-17,68.885,68.89,68.87,68.885,967,0.0,,68.89499999999995,,43.11998378660456,-0.010845182656780139,-0.001280497891776363,-0.009564684765003776
2020-07-18,68.85,68.88,68.845,68.845,1069,0.0,,68.88699999999994,,38.17917223426406,-0.01575945457508965,-0.004176289228439021,-0.011583165346650628
2020-07-19,68.845,68.855,68.84,68.855,902,0.0,,68.87899999999995,,40.029224747881315,-0.01863235189483703,-0.0070675017617186225,-0.011564850133118407
2020-07-20,68.89,68.89,68.85,68.85,635,0.0,,68.86599999999996,,39.39442219757009,-0.02106972327760559,-0.009867946064896016,-0.011201777212709573
2020-07-21,68.875,68.875,68.85,68.855,699,0.0,,68.85799999999996,,40.41208605101528,-0.022340373525906898,-0.012362431557098194,-0.009977941968808704
2020-07-22,68.875,68.91,68.845,68.905,1211,0.0,,68.86199999999997,,49.537368761408196,-0.01909270208481928,-0.013708485662642413,-0.005384216422176867
2020-07-23,68.89,68.895,68.86,68.88,905,0.0,,68.86899999999996,,45.76369849727093,-0.01832495150179625,-0.01463177883047318,-0.00369317267132307
2020-07-24,68.86,68.86,68.825,68.845,1997,0.0,,68.86699999999996,,41.04907409651745,-0.020306628948119965,-0.015766748854002536,-0.004539880094117429
2020-07-25,68.85,68.88,68.85,68.86,4577,0.0,,68.86899999999996,,43.724854733616134,-0.020431229466495893,-0.01669964497650121,-0.0037315844899946833
2020-07-26,68.89,68.9,68.875,68.875,721,0.0,,68.87299999999996,,46.347471039445054,-0.019099435234849693,-0.017179603028170908,-0.001919832206678785
2020-07-27,68.925,68.925,68.9,68.92,711,0.0,,68.87599999999995,68.92433333333334,53.36853782031252,-0.014248605734437092,-0.016593403569424146,0.0023447978349870544
