Date,Open,High,Low,Close,Volume,OpenInterest,Entry,5 day sma,200 day sma,rsi,macd,signal,histogram
2020-03-30,13.31,13.35,13.31,13.33,1712,0.0,,,,,,,
2020-03-31,13.335,13.37,13.33,13.34,697,0.0,,,,,,,
2020-04-01,13.36,13.36,13.36,13.36,128,0.0,,,,,,,
2020-04-02,13.38,13.4,13.37,13.4,2964,0.0,,,,,,,
2020-04-03,13.385,13.39,13.38,13.39,601,0.0,,13.363999999999999,,,,,
2020-04-04,13.39,13.39,13.35,13.36,1326,0.0,,13.37,,,,,
2020-04-05,13.38,13.41,13.38,13.41,1261,0.0,,13.383999999999997,,,,,
2020-04-06,13.415,13.415,13.39,13.4,6071,0.0,,13.392,,,,,
2020-04-07,13.4,13.41,13.39,13.39,1302,0.0,,13.389999999999997,,,,,
2020-04-08,13.38,13.38,13.33,13.34,1670,0.0,,13.379999999999999,,,,,
2020-04-09,13.34,13.35,13.335,13.34,712,0.0,,13.376,,,,,
2020-04-10,13.34,13.34,13.33,13.33,1042,0.0,,13.36,,,,,
2020-04-11,13.31,13.35,13.31,13.35,549,0.0,,13.349999999999998,,,,,
2020-04-12,13.345,13.37,13.345,13.36,1132,0.0,,13.343999999999998,,,,,
2020-04-13,13.36,13.38,13.32,13.33,1925,0.0,,13.341999999999995,,50.0,,,
2020-04-14,13.34,13.37,13.34,13.355,1066,0.0,,13.344999999999995,,54.11764705882357,,,
2020-04-15,13.35,13.35,13.34,13.35,381,0.0,,13.348999999999995,,53.174462030944234,,,
2020-04-16,13.35,13.35,13.31,13.31,1064,0.0,,13.340999999999998,,46.2325304787393,,,
2020-04-17,13.33,13.33,13.3,13.3,791,0.0,,13.328999999999997,,44.66272049185483,,,
2020-04-18,13.29,13.29,13.27,13.27,478,0.0,,13.316999999999997,,40.24757444986089,,,
2020-04-19,13.29,13.3,13.29,13.3,300,0.0,,13.305999999999994,,45.99673696877558,,,
2020-04-20,13.29,13.31,13.28,13.31,704,0.0,,13.297999999999996,,47.79969459020255,,,
2020-04-21,13.31,13.34,13.31,13.34,626,0.0,,13.303999999999997,,52.88197404956147,,,
2020-04-22,13.32,13.32,13.32,13.32,368,0.0,,13.307999999999996,,49.427012015327904,,,
2020-04-23,13.32,13.32,13.31,13.32,787,0.0,,13.317999999999998,,49.427012015327904,,,
2020-04-24,13.315,13.33,13.315,13.33,612,0.0,,13.323999999999998,,51.27306469026658,-0.018497896941934044,,
2020-04-25,13.34,13.35,13.34,13.35,300,0.0,,13.331999999999997,,54.824797311602666,-0.01514582075231452,,
2020-04-26,13.35,13.37,13.35,13.37,603,0.0,,13.337999999999997,,58.112835216987754,-0.010751506692043833,,
2020-04-27,13.36,13.37,13.36,13.37,959,0.0,,13.347999999999995,,58.112835216987754,-0.007186143748047158,,
2020-04-28,13.39,13.43,13.39,13.43,810,0.0,,13.37,,66.57682343949816,0.0004754499402448431,,
2020-04-29,13.42,13.43,13.42,13.43,904,0.0,,13.39,,66.57682343949816,0.006472704824915354,,
2020-04-30,13.44,13.45,13.44,13.45,2431,0.0,,13.410000000000002,,68.99854534146242,0.012693087371880907,,
2020-05-01,13.44,13.44,13.41,13.42,1646,0.0,,13.420000000000002,,61.76882007443789,0.015028793499881843,,
2020-05-02,13.43,13.44,13.43,13.44,417,0.0,,13.434000000000001,,64.44362870786767,0.018282935981936532,0.00015240038716888036,0.01813053559476765
2020-05-03,13.44,13.45,13.44,13.44,2811,0.0,,13.436000000000002,,64.44362870786767,0.020624125265802817,0.004246745362895668,0.01637737990290715
2020-05-04,13.45,13.45,13.44,13.45,806,0.0,,13.440000000000003,,65.82993805561935,0.02302107840540124,0.008001611971396783,0.015019466434004458
2020-05-05,13.45,13.46,13.45,13.46,1702,0.0,,13.442000000000004,,67.2068632985284,0.02543440547026954,0.011488170671171336,0.013946234799098203
2020-05-06,13.46,13.46,13.46,13.46,1351,0.0,,13.450000000000003,,67.2068632985284,0.02703533800861102,0.014597604138659273,0.012437733869951747
2020-05-07,13.46,13.46,13.45,13.45,455,0.0,,13.452000000000004,,64.20624182671841,0.027183814065615763,0.01711484612405057,0.010068967941565192
2020-05-08,13.47,13.49,13.47,13.49,1113,0.0,,13.462000000000003,,69.97993710154866,0.03018123759670921,0.0197281244185823,0.010453113178126909
2020-05-09,13.48,13.48,13.48,13.48,112,0.0,,13.468000000000004,,67.06732765841627,0.03138797982082586,0.022060095499031013,0.00932788432179485
2020-05-10,13.48,13.49,13.47,13.48,1834,0.0,,13.472000000000003,,67.06732765841627,0.03197573535458176,0.024043223470141165,0.007932511884440593
2020-05-11,13.49,13.49,13.45,13.46,968,0.0,,13.472000000000003,,61.162672719591534,0.030476390141945586,0.02532985680450205,0.005146533337443537
2020-05-12,13.46,13.46,13.46,13.46,202,0.0,,13.474000000000004,,61.162672719591534,0.02895438018740748,0.026054761481083138,0.0028996187063243424
2020-05-13,13.45,13.46,13.43,13.43,499,0.0,,13.462000000000003,,53.03920996858911,0.025038795406075565,0.025851568266081627,-0.0008127728600060627
2020-05-14,13.45,13.45,13.45,13.45,158,0.0,,13.456000000000003,,57.12737344172997,0.023281128749406577,0.02533748036274662,-0.0020563516133400433
2020-05-15,13.45,13.46,13.45,13.45,2201,0.0,,13.450000000000003,,57.12737344172997,0.021638727479942332,0.024597729786185765,-0.002959002306243432
2020-05-16,13.45,13.45,13.42,13.43,1419,0.0,,13.443999999999999,,51.888550017923684,0.018509909078169073,0.023380165644582427,-0.004870256566413354
2020-05-17,13.43,13.44,13.42,13.44,4209,0.0,,13.439999999999998,,54.15246534118416,0.016645337292414908,0.022033199974148925,-0.005387862681734017
2020-05-18,13.44,13.44,13.44,13.44,403,0.0,,13.441999999999997,,54.15246534118416,0.014994799998250485,0.020625519978969237,-0.005630719980718752
2020-05-19,13.43,13.43,13.43,13.43,202,0.0,,13.437999999999997,,51.35011443750509,0.012733042289164942,0.01904702444100838,-0.006313982151843436
2020-05-20,13.43,13.44,13.43,13.43,503,0.0,,13.433999999999994,,51.35011443750509,0.010815904000974541,0.01740080035300161,-0.0065848963520270705
2020-05-21,13.42,13.42,13.41,13.42,2100,0.0,,13.431999999999993,,48.44273127686278,0.008392893615628338,0.015599219005526958,-0.00720632538989862
2020-05-22,13.41,13.415,13.41,13.41,3070,0.0,,13.425999999999993,,45.65873038934776,0.005601157346591279,0.013599606673739823,-0.007998449327148544
2020-05-23,13.4,13.42,13.4,13.42,3281,0.0,,13.421999999999993,,48.82592969025154,0.0041477895307160395,0.011709243245135066,-0.007561453714419027
2020-05-24,13.43,13.44,13.43,13.43,1004,0.0,,13.421999999999992,,51.84826231883128,0.003759563583454195,0.010119307312798892,-0.006359743729344697
2020-05-25,13.445,13.45,13.44,13.45,3658,0.0,,13.425999999999993,,57.282213341852426,0.005007995521257413,0.009097044954490596,-0.004089049433233183
2020-05-26,13.455,13.49,13.455,13.49,3026,0.0,,13.439999999999992,,65.63505250641816,0.009119923728698964,0.009101620709332271,1.830301936669304e-05
2020-05-27,13.49,13.51,13.49,13.51,1756,0.0,,13.459999999999994,,68.90861156793025,0.013833030743315433,0.010047902716128904,0.0037851280271865295
2020-05-28,13.51,13.52,13.51,13.52,1203,0.0,,13.479999999999993,,70.42557626821403,0.01816571537592715,0.011671465248088552,0.006494250127838597
2020-05-29,13.53,13.545,13.53,13.54,2713,0.0,,13.501999999999992,,73.23792880048121,0.022948693759019534,0.013926910950274748,0.009021782808744785
2020-05-30,13.53,13.53,13.52,13.53,401,0.0,,13.517999999999992,,69.67048617612033,0.025636797121736166,0.016268888184567034,0.009367908937169132
2020-05-31,13.52,13.52,13.52,13.52,400,0.0,,13.523999999999992,,66.19792425769907,0.026652982980026607,0.01834570714365895,0.008307275836367659
2020-06-01,13.54,13.54,13.53,13.53,583,0.0,,13.527999999999992,,67.91987939652785,0.027943123091450417,0.020265190333217244,0.007677932758233173
2020-06-02,13.53,13.53,13.5,13.5,602,0.0,,13.523999999999992,,58.32121204114614,0.02624231408368871,0.021460615083311537,0.004781699000377174
2020-06-03,13.5,13.5,13.48,13.49,916,0.0,,13.513999999999992,,55.50534422393468,0.02381299290571448,0.02193109064779213,0.0018819022579223514
2020-06-04,13.49,13.49,13.49,13.49,134,0.0,,13.505999999999991,,55.50534422393468,0.02163830545396017,0.02187253360902574,-0.00023422815506556754
2020-06-05,13.48,13.49,13.48,13.48,1303,0.0,,13.497999999999994,,52.56209038777635,0.018890179325619982,0.021276062752344588,-0.0023858834267246054
2020-06-06,13.47,13.48,13.47,13.48,201,0.0,,13.487999999999994,,52.56209038777635,0.01652181635526162,0.020325213472927994,-0.003803397117666373
2020-06-07,13.5,13.515,13.49,13.49,4744,0.0,,13.485999999999994,,55.31041845599424,0.01527569931175421,0.019315310640693237,-0.004039611328939027
2020-06-08,13.5,13.5,13.49,13.49,301,0.0,,13.485999999999994,,55.31041845599424,0.014125314741351147,0.01827731146082482,-0.004151996719473673
2020-06-09,13.515,13.515,13.51,13.51,231,0.0,,13.489999999999995,,60.604482622084916,0.014658485636433127,0.017553546295946482,-0.002895060659513355
2020-06-10,13.51,13.515,13.5,13.5,411,0.0,,13.493999999999994,,56.970462359539354,0.014111443054101613,0.01686512564757751,-0.0027536825934758973
2020-06-11,13.485,13.485,13.485,13.485,105,0.0,,13.494999999999994,,51.93944470738017,0.01232545307587607,0.015957191133237222,-0.003631738057361153
2020-06-12,13.46,13.46,13.46,13.46,517,0.0,,13.488999999999995,,44.833212577981314,0.008791410180389647,0.01452403494266771,-0.005732624762278062
2020-06-13,13.46,13.46,13.45,13.45,205,0.0,,13.480999999999998,,42.33794818439492,0.0051246653456882285,0.012644161023271814,-0.007519495677583586
2020-06-14,13.45,13.45,13.45,13.45,307,0.0,,13.468999999999998,,42.33794818439492,0.0021934588188337045,0.010554020582384192,-0.008360561763550487
2020-06-15,13.42,13.44,13.42,13.44,452,0.0,,13.456999999999997,,39.77080297070306,-0.0009257879907380584,0.008258058867759743,-0.009183846858497801
2020-06-16,13.44,13.44,13.44,13.44,126,0.0,,13.447999999999997,,39.77080297070306,-0.00335909203822915,0.005934628686561964,-0.009293720724791114
2020-06-17,13.44,13.44,13.42,13.42,1652,0.0,,13.439999999999998,,34.86698455278197,-0.00682268817756615,0.0033831653137363416,-0.01020585349130249
2020-06-18,13.44,13.44,13.44,13.44,201,0.0,,13.437999999999997,,42.50196155561323,-0.00786313884881018,0.0011339044812270372,-0.008997043330037218
2020-06-19,13.45,13.46,13.45,13.46,1261,0.0,,13.439999999999994,,48.94682852869676,-0.006993256738260456,-0.0004915277626704615,-0.006501728975589994
2020-06-20,13.47,13.47,13.46,13.46,1282,0.0,,13.443999999999994,,48.94682852869676,-0.006232029936681371,-0.0016396281974726435,-0.004592401739208728
2020-06-21,13.45,13.45,13.44,13.44,1661,0.0,,13.443999999999994,,43.31592727577375,-0.0071600484831755296,-0.002743712254613221,-0.004416336228562309
2020-06-22,13.44,13.455,13.44,13.455,790,0.0,,13.450999999999993,,48.13510358962737,-0.0066089513502785024,-0.0035167600737462776,-0.003092191276532225
2020-06-23,13.47,13.47,13.44,13.44,5626,0.0,,13.450999999999993,,44.09761290518747,-0.0072984456039879575,-0.004273097179794614,-0.0030253484241933434
2020-06-24,13.43,13.44,13.43,13.44,7307,0.0,,13.446999999999992,,44.09761290518747,-0.007755474485337643,-0.0049695726409032205,-0.002785901844434423
2020-06-25,13.47,13.48,13.47,13.48,541,0.0,,13.450999999999993,,55.61226258858475,-0.004834280879723707,-0.004942514288667319,0.00010823340894361173
2020-06-26,13.48,13.48,13.47,13.48,1321,0.0,,13.458999999999994,,55.61226258858475,-0.0024905049108863153,-0.004452112413111118,0.0019616075022248023
2020-06-27,13.48,13.48,13.47,13.47,1407,0.0,,13.461999999999994,,52.47819307405218,-0.0014235521727830047,-0.003846400365045495,0.0024228481922624902
2020-06-28,13.47,13.48,13.47,13.48,202,0.0,,13.469999999999995,,55.197303805900816,0.00022632307413772423,-0.003031855677208851,0.0032581787513465753
2020-06-29,13.49,13.49,13.48,13.48,2047,0.0,,13.477999999999998,,55.197303805900816,0.001516381195523664,-0.0021222083026623483,0.003638589498186012
2020-06-30,13.49,13.51,13.49,13.51,555,0.0,,13.483999999999998,,62.63573019177468,0.004902992188682731,-0.0007171682043933324,0.005620160393076064
2020-07-01,13.52,13.52,13.5,13.52,8422,0.0,,13.491999999999996,,64.73735521171199,0.008298166132739482,0.0010858986630332306,0.007212267469706251
2020-07-02,13.52,13.54,13.52,13.54,2079,0.0,,13.505999999999995,,68.5477120784466,0.012459078298224568,0.0033605345900714983,0.00909854370815307
2020-07-03,13.54,13.54,13.525,13.53,1566,0.0,,13.515999999999995,,64.7786167016915,0.014779347621059813,0.005644297196269162,0.009135050424790651
2020-07-04,13.53,13.53,13.515,13.515,899,0.0,,13.522999999999993,,59.49422594323238,0.01523221563614463,0.007561880884244256,0.0076703347519003744
2020-07-05,13.52,13.52,13.52,13.52,311,0.0,,13.524999999999991,,60.6466398832623,0.015812300654960865,0.009211964838387578,0.006600335816573287
2020-07-06,13.535,13.54,13.53,13.54,309,0.0,,13.528999999999993,,64.94309089630931,0.017682027656542587,0.010905977402018579,0.006776050254524008
2020-07-07,13.54,13.54,13.54,13.54,168,0.0,,13.528999999999996,,64.94309089630931,0.01894540889531271,0.012513863700677405,0.006431545194635305
2020-07-08,13.51,13.51,13.5,13.51,4820,0.0,,13.524999999999997,,54.577334629969656,0.01732617301235173,0.01347632556301227,0.0038498474493394615
2020-07-09,13.5,13.505,13.5,13.505,500,0.0,,13.522999999999996,,53.05732335924573,0.015461231246357343,0.013873306699681284,0.0015879245466760596
2020-07-10,13.5,13.5,13.485,13.5,1419,0.0,,13.518999999999997,,51.512317060299466,0.013425037768767467,0.013783652913498522,-0.0003586151447310549
2020-07-11,13.49,13.49,13.48,13.49,1812,0.0,,13.508999999999997,,48.47218668477976,0.010879016807479047,0.013202725692294628,-0.002323708884815581
2020-07-12,13.47,13.48,13.47,13.48,287,0.0,,13.496999999999996,,45.575526804967886,0.007962572842853177,0.012154695122406339,-0.004192122279553161
2020-07-13,13.47,13.48,13.47,13.47,761,0.0,,13.488999999999995,,42.81981162941626,0.00478914725412416,0.010681585548749904,-0.005892438294625744
2020-07-14,13.47,13.48,13.47,13.48,2611,0.0,,13.483999999999998,,46.315526576359716,0.003045988775728148,0.009154466194145552,-0.006108477418417404
2020-07-15,13.48,13.5,13.48,13.48,3434,0.0,,13.479999999999999,,46.315526576359716,0.0016455541983440014,0.007652683794985242,-0.006007129596641241
2020-07-16,13.48,13.48,13.47,13.47,613,0.0,,13.475999999999999,,43.24907164488854,-0.000268125931496499,0.006068521849688894,-0.006336647781185393
2020-07-17,13.47,13.475,13.47,13.475,1712,0.0,,13.474999999999998,,45.20262128784373,-0.0013655320055150355,0.0045817110786481085,-0.005947243084163144
2020-07-18,13.48,13.5,13.48,13.5,3159,0.0,,13.480999999999998,,53.7713664309441,-0.00021545947654821873,0.0036222769676088435,-0.0038377364441570623
2020-07-19,13.5,13.5,13.495,13.5,416,0.0,,13.484999999999996,,53.7713664309441,0.0006880498777874777,0.00303543154964457,-0.0023473816718570925
2020-07-20,13.51,13.52,13.51,13.52,1316,0.0,,13.492999999999995,,59.62857718646647,0.0029835281482473164,0.0030250508693651194,-4.152272111780306e-05
2020-07-21,13.51,13.52,13.51,13.52,1661,0.0,,13.502999999999995,,59.62857718646648,0.00474797946386829,0.003369636588265754,0.0013783428756025365
2020-07-22,13.51,13.51,13.5,13.5,3516,0.0,,13.507999999999996,,51.989133400509644,0.004480834717259796,0.0035918762140645624,0.0008889585031952338
2020-07-23,13.5,13.5,13.5,13.5,400,0.0,,13.507999999999996,,51.989133400509644,0.004220469634109492,0.0037175948980735485,0.0005028747360359431
2020-07-24,13.5,13.5,13.49,13.49,792,0.0,,13.505999999999995,,48.39382142330797,0.003170662578829919,0.0036082084342248227,-0.00043754585539490347
2020-07-25,13.49,13.5,13.49,13.5,910,0.0,,13.501999999999995,,51.97078237257906,0.0031097520645353427,0.003508517160286927,-0.0003987650957515843
2020-07-26,13.5,13.5,13.49,13.5,806,0.0,,13.497999999999996,,51.97078237257906,0.003026591381660282,0.003412132004561598,-0.0003855406229013162
2020-07-27,13.49,13.5,13.49,13.49,501,0.0,,13.495999999999995,13.444083333333339,48.1038901816898,0.0021292251328937084,0.0031555506302280204,-0.001026325497334312
