Date,Open,High,Low,Close,Volume,OpenInterest,Entry,5 day sma,200 day sma,rsi,macd,signal,histogram
2020-03-31,17.95,17.95,17.95,17.95,100,0.0,,,,,,,
2020-04-01,17.99,17.99,17.99,17.99,100,0.0,,,,,,,
2020-04-02,17.92,17.92,17.92,17.92,130,0.0,,,,,,,
2020-04-03,17.93,17.93,17.93,17.93,110,0.0,,,,,,,
2020-04-04,17.96,17.96,17.96,17.96,110,0.0,,17.95,,,,,
2020-04-05,17.935,17.935,17.935,17.935,110,0.0,,17.947,,,,,
2020-04-06,17.96,17.96,17.96,17.96,165,0.0,,17.941,,,,,
2020-04-07,17.96,17.96,17.96,17.96,100,0.0,,17.948999999999998,,,,,
2020-04-08,17.91,17.91,17.91,17.91,103,0.0,,17.945,,,,,
2020-04-09,17.97,17.97,17.97,17.97,120,0.0,,17.946999999999996,,,,,
2020-04-10,17.93,17.95,17.93,17.95,250,0.0,,17.949999999999996,,,,,
2020-04-11,17.92,17.92,17.92,17.92,140,0.0,,17.941999999999997,,,,,
2020-04-12,17.92,17.92,17.92,17.92,160,0.0,,17.933999999999997,,,,,
2020-04-13,17.9,17.9,17.9,17.9,100,0.0,,17.932,,,,,
2020-04-14,17.98,17.98,17.98,17.98,100,0.0,,17.934,,53.26086956521751,,,
2020-04-15,17.8,17.8,17.8,17.8,100,0.0,,17.904,,37.47058823529424,,,
2020-04-16,17.81,17.81,17.81,17.81,100,0.0,,17.881999999999998,,38.5603770229414,,,
2020-04-17,17.85,17.85,17.85,17.85,100,0.0,,17.868,,42.850916818303475,,,
2020-04-18,17.93,17.93,17.93,17.93,100,0.0,,17.873999999999995,,50.32287638422695,,,
2020-04-19,17.92,17.92,17.92,17.92,100,0.0,,17.861999999999995,,49.4524978442216,,,
2020-04-20,17.89,17.89,17.89,17.89,100,0.0,,17.879999999999995,,46.83538327891321,,,
2020-04-21,17.97,17.97,17.97,17.97,100,0.0,,17.911999999999995,,53.84937858048512,,,
2020-04-22,17.98,17.98,17.92,17.92,200,0.0,,17.925999999999995,,49.45759920490816,,,
2020-04-23,17.8,17.8,17.8,17.8,100,0.0,,17.899999999999995,,40.847285987559204,,,
2020-04-24,17.88,17.88,17.88,17.88,100,0.0,,17.891999999999992,,47.419397204929105,,,
2020-04-25,17.91,17.91,17.91,17.91,100,0.0,,17.895999999999994,,49.677324248151855,-0.020754794136419008,,
2020-04-26,17.93,17.93,17.93,17.93,100,0.0,,17.887999999999995,,51.18238599589872,-0.016503234749226436,,
2020-04-27,17.92,17.92,17.92,17.92,100,0.0,,17.887999999999995,,50.37118688767598,-0.013781890673794095,,
2020-04-28,17.83,17.83,17.83,17.83,200,0.0,,17.893999999999995,,43.66376919272968,-0.018672212088500117,,
2020-04-29,17.79,17.79,17.79,17.79,100,0.0,,17.875999999999994,,41.04761542790166,-0.025481754939470136,,
2020-04-30,17.89,17.89,17.89,17.89,100,0.0,,17.871999999999993,,49.23639517614494,-0.022549268512854326,,
2020-05-01,17.9,17.9,17.9,17.9,100,0.0,,17.865999999999993,,49.98457579438769,-0.0191970438935698,,
2020-05-02,17.88,17.92,17.88,17.92,200,0.0,,17.865999999999993,,51.52344059676662,-0.014756445757164727,,
2020-05-03,17.88,17.88,17.88,17.88,100,0.0,,17.87599999999999,,48.32123498577074,-0.014300063220016312,-0.018444078663446106,0.004144015443429794
2020-05-04,17.88,17.88,17.88,17.88,100,0.0,,17.893999999999988,,48.32123498577074,-0.01377953487073924,-0.017511169904904735,0.003731635034165494
2020-05-05,17.92,17.92,17.92,17.92,100,0.0,,17.899999999999988,,51.795786282861705,-0.010023798587162958,-0.01601369564135638,0.0059898970541934216
2020-05-06,17.9,17.93,17.9,17.93,200,0.0,,17.905999999999988,,52.652834542550465,-0.006169318039212612,-0.014044820120927627,0.007875502081715014
2020-05-07,17.94,17.94,17.94,17.94,100,0.0,,17.90999999999999,,53.54236747636624,-0.002281399455611677,-0.011692135987864439,0.009410736532252762
2020-05-08,17.95,17.95,17.95,17.95,100,0.0,,17.92399999999999,,54.463687666200606,0.0015884102546799284,-0.009036026739355565,0.010624436994035494
2020-05-09,17.88,17.88,17.88,17.88,100,0.0,,17.92399999999999,,47.38039885763062,-0.0009818346760575025,-0.0074251883266959525,0.00644335365063845
2020-05-10,17.88,17.88,17.87,17.87,200,0.0,,17.91399999999999,,46.45098429979426,-0.003782091135452248,-0.0066965688884472125,0.0029144777529949645
2020-05-11,17.91,17.91,17.91,17.91,100,0.0,,17.90999999999999,,50.62330294347625,-0.0027420403143487704,-0.005905663173627524,0.0031636228592787537
2020-05-12,17.95,17.95,17.95,17.95,100,0.0,,17.911999999999992,,54.44573442153754,0.0012949458311268813,-0.004465541372676643,0.005760487203803524
2020-05-13,17.97,17.97,17.97,17.97,100,0.0,,17.91599999999999,,56.26864471792822,0.006038511092327781,-0.0023647308796757582,0.008403241972003539
2020-05-14,17.93,17.93,17.93,17.93,100,0.0,,17.925999999999995,,51.80374144561609,0.006495281469707237,-0.0005927284097991593,0.007088009879506396
2020-05-15,17.89,17.89,17.89,17.89,100,0.0,,17.929999999999993,,47.72543220536058,0.0035882465064638325,0.0002434665734534391,0.0033447799330103933
2020-05-16,17.97,17.97,17.97,17.97,100,0.0,,17.941999999999993,,55.304227145489946,0.007651529694733483,0.001725079197709448,0.005926450497024035
2020-05-17,17.9,17.9,17.89,17.89,200,0.0,,17.929999999999993,,47.835528065848564,0.004366050372780705,0.0022532734327237,0.0021127769400570056
2020-05-18,17.87,17.87,17.87,17.87,100,0.0,,17.909999999999993,,46.157297229781,0.00014675973167399547,0.001831970692513759,-0.0016852109608397636
2020-05-19,17.9,17.9,17.9,17.9,100,0.0,,17.90399999999999,,49.04507162853799,-0.0007674623914937229,0.0013120840757122627,-0.0020795464672059855
2020-05-20,17.92,17.92,17.92,17.92,100,0.0,,17.90999999999999,,50.934397912367814,0.00012045431989093913,0.001073758124547998,-0.0009533038046570588
2020-05-21,17.96,17.96,17.96,17.96,100,0.0,,17.907999999999994,,54.56304451324957,0.0040056260530860754,0.0016601317102556135,0.002345494342830462
2020-05-22,17.92,17.92,17.92,17.92,100,0.0,,17.913999999999994,,50.538003536351766,0.0038130326696546035,0.0020907119021354114,0.0017223207675191921
2020-05-23,17.88,17.88,17.88,17.88,100,0.0,,17.91599999999999,,46.81858795902264,0.00042780386303675755,0.0017581302943156807,-0.0013303264312789231
2020-05-24,17.87,17.87,17.87,17.87,100,0.0,,17.90999999999999,,45.90892925392053,-0.0030270369838909517,0.0008010968386743543,-0.003828133822565306
2020-05-25,17.85,17.88,17.85,17.88,200,0.0,,17.90199999999999,,47.017534716467004,-0.004901604177536711,-0.0003394433645678589,-0.004562160812968853
2020-05-26,17.88,17.88,17.88,17.88,100,0.0,,17.88599999999999,,47.01753471646701,-0.006314423441189376,-0.0015344393798921623,-0.004779984061297214
2020-05-27,17.86,17.86,17.84,17.84,200,0.0,,17.86999999999999,,42.9353229712668,-0.010540257070076109,-0.0033356029179289516,-0.007204654152147157
2020-05-28,17.92,17.92,17.82,17.82,200,0.0,,17.857999999999993,,41.0177065695373,-0.01532642008906393,-0.005733766352155948,-0.009592653736907982
2020-05-29,17.81,17.81,17.81,17.81,100,0.0,,17.845999999999993,,40.05442729627665,-0.01969932364993099,-0.008526877811710958,-0.011172445838220031
2020-05-30,17.81,17.81,17.81,17.81,100,0.0,,17.831999999999994,,40.05442729627665,-0.022900893976537162,-0.011401681044676199,-0.011499212931860963
2020-05-31,17.85,17.91,17.85,17.91,200,0.0,,17.837999999999994,,52.88647133451761,-0.0171710599705861,-0.01255555682985818,-0.004615503140727921
2020-06-01,17.92,17.92,17.92,17.92,100,0.0,,17.853999999999992,,53.948096003572836,-0.011688471390758792,-0.012382139742038303,0.0006936683512795104
2020-06-02,17.86,17.86,17.86,17.86,100,0.0,,17.861999999999995,,47.091565246086496,-0.012046118840853381,-0.01231493556180132,0.00026881672094793835
2020-06-03,17.81,17.81,17.81,17.81,100,0.0,,17.861999999999995,,42.27023972198747,-0.016177653238045764,-0.013087479097050209,-0.003090174140995555
2020-06-04,17.85,17.85,17.85,17.85,100,0.0,,17.869999999999994,,46.94960176375052,-0.016039366475297356,-0.01367785657269964,-0.0023615099025977165
2020-06-05,17.86,17.86,17.86,17.86,100,0.0,,17.859999999999992,,48.08258796733057,-0.01495051654464774,-0.01393238856708926,-0.001018127977558481
2020-06-06,17.81,17.81,17.81,17.81,100,0.0,,17.837999999999994,,43.12347080711292,-0.017915656723829443,-0.014729042198437297,-0.0031866145253921455
2020-06-07,17.92,17.92,17.92,17.92,100,0.0,,17.849999999999994,,54.29241608963222,-0.011259676445707356,-0.014035169047891309,0.002775492602183953
2020-06-08,17.8,17.8,17.78,17.78,400,0.0,,17.843999999999994,,42.778466514436545,-0.01708465284950833,-0.014645065808214714,-0.002439587041293616
2020-06-09,17.83,17.83,17.83,17.83,100,0.0,,17.839999999999993,,47.09383686273328,-0.01746507991402879,-0.015209068629377532,-0.0022560112846512596
2020-06-10,17.8,17.8,17.8,17.8,100,0.0,,17.827999999999992,,44.905596693256484,-0.019957265449892958,-0.01615870799348062,-0.0037985574564123395
2020-06-11,17.87,17.87,17.87,17.87,100,0.0,,17.839999999999993,,50.66583156462503,-0.016098353656623487,-0.01614663712610919,4.8283469485703445e-05
2020-06-12,17.87,17.87,17.87,17.87,100,0.0,,17.82999999999999,,50.665831564625016,-0.012891532694300878,-0.01549561623974753,0.0026040835454466515
2020-06-13,17.87,17.88,17.87,17.88,200,0.0,,17.84999999999999,,51.505858686908475,-0.009434433277160537,-0.014283379647230131,0.004848946370069595
2020-06-14,17.89,17.89,17.89,17.89,100,0.0,,17.86199999999999,,52.37908717495371,-0.005820643895898314,-0.012590832496963768,0.006770188601065454
2020-06-15,17.92,17.92,17.92,17.92,100,0.0,,17.885999999999992,,54.99717571730381,-0.000529832911766448,-0.010178632579924305,0.009648799668157857
2020-06-16,17.9,17.9,17.9,17.9,100,0.0,,17.89199999999999,,52.90880316767203,0.0020259857557043404,-0.007737708912798576,0.009763694668502916
2020-06-17,17.83,17.83,17.83,17.83,100,0.0,,17.88399999999999,,46.28429060733229,-0.001578725952182225,-0.006505912320675307,0.004927186368493082
2020-06-18,17.83,17.85,17.83,17.85,200,0.0,,17.877999999999993,,48.276922100316035,-0.0027894975073365913,-0.005762629358007564,0.0029731318506709724
2020-06-19,17.83,17.83,17.83,17.83,200,0.0,,17.865999999999993,,46.42237563423931,-0.005301760150182133,-0.005670455516442478,0.0003686953662603446
2020-06-20,17.83,17.83,17.83,17.83,100,0.0,,17.847999999999992,,46.42237563423931,-0.007209638173488742,-0.005978292047851731,-0.0012313461256370107
2020-06-21,17.85,17.85,17.85,17.85,100,0.0,,17.837999999999987,,48.70755812117777,-0.007026811688348289,-0.006187995975951043,-0.0008388157123972459
2020-06-22,17.89,17.89,17.89,17.89,100,0.0,,17.849999999999987,,53.02311030177539,-0.0036126107477016944,-0.005672918930301174,0.0020603081825994792
2020-06-23,17.81,17.81,17.81,17.81,100,0.0,,17.84199999999999,,44.88856315825751,-0.007278264019301872,-0.005993987948101314,-0.0012842760712005585
2020-06-24,17.85,17.85,17.85,17.85,100,0.0,,17.84599999999999,,49.093827614114275,-0.0068763882176270386,-0.006170468002006459,-0.0007059202156205792
2020-06-25,17.88,17.88,17.88,17.88,100,0.0,,17.855999999999987,,52.049079312331834,-0.004090002467400211,-0.00575437489508521,0.0016643724276849993
2020-06-26,17.89,17.89,17.89,17.89,100,0.0,,17.863999999999987,,53.027953645610616,-0.0010626061962213385,-0.004816021155312437,0.0037534149590910983
2020-06-27,17.82,17.82,17.82,17.82,100,0.0,,17.849999999999987,,45.955780840614274,-0.004262650642495203,-0.0047053470527489896,0.0004426964102537869
2020-06-28,17.84,17.84,17.84,17.84,100,0.0,,17.855999999999987,,48.086117047090006,-0.0051257891614540085,-0.004789435474489993,-0.00033635368696401536
2020-06-29,17.82,17.82,17.82,17.82,100,0.0,,17.849999999999987,,46.12795864193592,-0.007339065332590877,-0.00529936144611017,-0.002039703886480707
2020-06-30,17.81,17.81,17.81,17.81,100,0.0,,17.83599999999999,,45.13820505410003,-0.009787198340372782,-0.006196928824962693,-0.0035902695154100897
2020-07-01,17.83,17.83,17.83,17.83,100,0.0,,17.82399999999999,,47.56161473316439,-0.009998274647433192,-0.006957197989456793,-0.0030410766579763993
2020-07-02,17.86,17.86,17.86,17.86,100,0.0,,17.831999999999987,,51.05420886962817,-0.007656544977496793,-0.007097067387064793,-0.0005594775904320002
2020-07-03,17.81,17.81,17.81,17.81,100,0.0,,17.825999999999986,,45.60263186054905,-0.009723206404441243,-0.007622295190540083,-0.0021009112139011594
2020-07-04,17.8,17.8,17.8,17.8,100,0.0,,17.821999999999985,,44.5774047999634,-0.012029300611825278,-0.008503696274797122,-0.0035256043370281553
2020-07-05,17.81,17.87,17.81,17.86,300,0.0,,17.831999999999987,,51.60725886543609,-0.008912658744542057,-0.00858548876874611,-0.0003271699757959462
2020-07-06,17.88,17.88,17.88,17.88,100,0.0,,17.841999999999985,,53.714748781746266,-0.004773834959696188,-0.007823158006936127,0.003049323047239939
2020-07-07,18.06,18.06,18.06,18.06,100,0.0,,17.881999999999984,,67.45282172855993,0.012882210284381301,-0.0036820843486726415,0.016564294633053943
2020-07-08,18.24,18.24,18.23,18.23,300,0.0,,17.965999999999987,,74.99999589653252,0.04012974191111596,0.005080280903285078,0.03504946100783088
2020-07-09,18.0,18.0,18.0,18.0,101,0.0,,18.005999999999986,,56.05974441337658,0.042672625756438265,0.012598749873915717,0.030073875882522548
2020-07-10,17.93,17.93,17.93,17.93,100,0.0,,18.019999999999985,,51.774320427386144,0.03859457035597558,0.017797913970327692,0.020796656385647885
2020-07-11,17.985,17.985,17.985,17.985,100,0.0,,18.040999999999986,,54.7042011413546,0.03934715292990276,0.022107761762242707,0.017239391167660056
2020-07-12,18.13,18.13,18.13,18.13,100,0.0,,18.054999999999986,,61.367828456473475,0.05105533411540364,0.02789727623287489,0.023158057882528747
2020-07-13,18.115,18.115,18.115,18.115,100,0.0,,18.031999999999982,,60.37827016339534,0.05845000217680152,0.03400782142166022,0.024442180755141298
2020-07-14,18.14,18.14,18.14,18.14,200,0.0,,18.05999999999998,,61.49276084655087,0.06557175063314702,0.040320607263957586,0.025251143369189433
2020-07-15,18.2,18.2,18.2,18.2,100,0.0,,18.113999999999983,,64.10253382366119,0.07519053645355456,0.04729459310187699,0.02789594335167757
2020-07-16,18.15,18.15,18.15,18.15,100,0.0,,18.146999999999984,,60.42720427126548,0.07788114601138219,0.05341190368377803,0.024469242327604154
2020-07-17,18.29,18.29,18.29,18.29,125,0.0,,18.178999999999984,,66.26036776666693,0.09026973018333706,0.06078346898368984,0.029486261199647222
2020-07-18,18.29,18.29,18.29,18.29,100,0.0,,18.213999999999984,,66.26036776666693,0.09894717099973249,0.06841620938689838,0.030530961612834112
2020-07-19,18.27,18.27,18.27,18.27,110,0.0,,18.239999999999984,,64.68074368006683,0.10302269105816464,0.07533750572115164,0.027685185337013002
2020-07-20,18.33,18.33,18.33,18.33,100,0.0,,18.265999999999984,,67.20651169512209,0.10982803935399588,0.08223561244772049,0.02759242690627539
2020-07-21,18.34,18.34,18.34,18.34,115,0.0,,18.303999999999984,,67.62210066289404,0.11470598415153788,0.08872968678848397,0.025976297363053902
2020-07-22,18.29,18.29,18.29,18.29,100,0.0,,18.303999999999984,,63.3024223010737,0.11323194108235768,0.09363013764725872,0.019601803435098958
2020-07-23,18.25,18.25,18.25,18.25,110,0.0,,18.295999999999985,,60.00031664005606,0.10759578835200401,0.09642326778820778,0.011172520563796223
2020-07-24,18.3,18.3,18.3,18.3,104,0.0,,18.301999999999985,,62.624828430912665,0.10594244033418221,0.09832710229740267,0.007615338036779537
2020-07-25,18.35,18.35,18.35,18.35,100,0.0,,18.305999999999987,,65.09148152743467,0.10742836493179553,0.10014735482428125,0.00728101010751428
2020-07-26,18.33,18.33,18.33,18.33,100,0.0,,18.303999999999984,,63.29211690658012,0.10577285440363937,0.10127245474015288,0.00450039966348649
2020-07-27,18.08,18.08,18.08,18.08,100,0.0,,18.261999999999983,,46.12705296280961,0.0833273933983456,0.09768344247179143,-0.014356049073445828
2020-07-28,18.11,18.11,18.11,18.11,148,0.0,,18.233999999999984,17.940208333333324,47.951251182507356,0.06718548072014485,0.09158385012146211,-0.02439836940131726
