Date,Open,High,Low,Close,Volume,OpenInterest,Entry,5 day sma,200 day sma,rsi,macd,signal,histogram
2020-03-30,205.55,205.69,205.55,205.69,200,0.0,,,,,,,
2020-03-31,205.69,205.69,205.69,205.69,100,0.0,,,,,,,
2020-04-01,205.64,205.64,205.64,205.64,100,0.0,,,,,,,
2020-04-02,205.64,205.64,205.58,205.58,200,0.0,,,,,,,
2020-04-03,205.59,205.59,205.59,205.59,100,0.0,,205.638,,,,,
2020-04-04,205.61,205.61,205.61,205.61,100,0.0,,205.622,,,,,
2020-04-05,205.55,205.55,205.55,205.55,100,0.0,,205.594,,,,,
2020-04-06,207.34,207.45,207.21,207.45,370,0.0,,205.95600000000005,,,,,
2020-04-07,207.43,207.72,207.25,207.25,500,0.0,,206.29000000000005,,,,,
2020-04-08,206.7,206.7,206.7,206.7,200,0.0,,206.51200000000009,,,,,
2020-04-09,207.3,207.5,207.3,207.5,1721,0.0,,206.89000000000004,,,,,
2020-04-10,206.62,207.5,206.62,206.63,721,0.0,,207.10600000000008,,,,,
2020-04-11,206.31,207.0,206.31,207.0,564,0.0,,207.01600000000008,,,,,
2020-04-12,207.0,207.0,206.49,206.49,526,0.0,,206.8640000000001,,,,,
2020-04-13,206.42,206.42,206.0,206.0,601,0.0,,206.72400000000007,,52.63157894736845,,,
2020-04-14,206.11,206.45,206.11,206.45,1058,0.0,,206.51400000000007,,56.23265355375885,,,
2020-04-15,206.85,207.8,206.85,207.8,1591,0.0,,206.74800000000005,,64.86277023049246,,,
2020-04-16,208.44,208.44,208.44,208.44,100,0.0,,207.03600000000006,,68.07648980599441,,,
2020-04-17,207.45,207.45,207.45,207.45,300,0.0,,207.22800000000007,,59.075544966566504,,,
2020-04-18,207.6,207.98,207.6,207.98,304,0.0,,207.62400000000008,,61.97418840608136,,,
2020-04-19,207.63,207.63,207.53,207.53,300,0.0,,207.84000000000006,,58.20462775756847,,,
2020-04-20,206.41,207.41,206.41,207.41,400,0.0,,207.76200000000009,,57.205386795010526,,,
2020-04-21,207.96,207.96,207.96,207.96,100,0.0,,207.66600000000008,,60.54843809912498,,,
2020-04-22,207.49,208.025,207.49,208.025,400,0.0,,207.7810000000001,,60.93681813915921,,,
2020-04-23,207.62,207.62,207.18,207.38,595,0.0,,207.66100000000006,,55.136365604110665,,,
2020-04-24,208.81,209.07,208.81,209.07,790,0.0,,207.96900000000005,,64.63510806017607,0.7582642331892657,,
2020-04-25,209.15,209.15,209.15,209.15,210,0.0,,208.31700000000006,,65.01274072127566,0.8196686838360279,,
2020-04-26,209.44,209.44,209.44,209.44,101,0.0,,208.61300000000006,,66.41285349083205,0.8815705333873609,,
2020-04-27,209.34,209.34,208.99,208.99,245,0.0,,208.80600000000004,,62.24999531258387,0.8841253097208721,,
2020-04-28,208.76,208.76,208.76,208.76,213,0.0,,209.08200000000005,,60.173898370605116,0.8577038346577126,,
2020-04-29,210.22,210.22,210.11,210.11,359,0.0,,209.2900000000001,,67.10798682050188,0.9349211538001612,,
2020-04-30,209.95,209.95,209.95,209.95,213,0.0,,209.4500000000001,,65.649101141259,0.9720011485265445,,
2020-05-01,210.07,210.07,210.07,210.07,219,0.0,,209.57600000000008,,66.24185121988654,0.999548139853232,,
2020-05-02,210.105,210.2,210.105,210.2,301,0.0,,209.81800000000007,,66.90804824145664,1.020110048843037,0.9031014539793571,0.11700859486367987
2020-05-03,209.975,209.975,209.975,209.975,200,0.0,,210.06100000000006,,64.53427964718193,1.006645902908076,0.923810343765101,0.08283555914297513
2020-05-04,209.7,209.7,209.7,209.7,101,0.0,,209.9790000000001,,61.655130907091596,0.9626880005042437,0.9315858751129296,0.031102125391314184
2020-05-05,210.015,210.06,210.01,210.06,500,0.0,,210.00100000000006,,63.92418218369292,0.9459951937718358,0.9344677388447109,0.011527454927124925
2020-05-06,210.17,210.17,210.17,210.17,400,0.0,,210.0210000000001,,64.61323541779333,0.9309111407048647,0.9337564192167417,-0.002845278511876992
2020-05-07,210.71,210.71,210.42,210.52,400,0.0,,210.0850000000001,,66.78696349849281,0.9364047043623316,0.9342860762458598,0.002118628116471788
2020-05-08,210.42,210.42,210.42,210.42,200,0.0,,210.17400000000012,,65.54805058954885,0.9220602917935139,0.9318409193553907,-0.009780627561876809
2020-05-09,210.45,210.45,210.31,210.31,800,0.0,,210.2960000000001,,64.13861248456713,0.8915390535496783,0.9237805461942483,-0.03224149264456999
2020-05-10,210.3,210.3,210.29,210.29,200,0.0,,210.3420000000001,,63.86970485052996,0.8558709716942303,0.9101986312942447,-0.0543276596000144
2020-05-11,209.01,209.01,209.01,209.01,175,0.0,,210.11000000000007,,49.55107891550406,0.7160641158622241,0.8713717282078406,-0.15530761234561652
2020-05-12,209.18,209.18,209.18,209.18,100,0.0,,209.8420000000001,,51.118461216624716,0.6119298086906042,0.8194833443043934,-0.2075535356137892
2020-05-13,208.49,208.49,208.49,208.49,402,0.0,,209.45600000000007,,45.00646828832789,0.46832680667648674,0.7492520367788121,-0.2809252301023254
2020-05-14,208.01,208.01,208.0,208.0,200,0.0,,208.99400000000009,,41.23585695883768,0.31139195544972154,0.661680020512994,-0.3502880650632725
2020-05-15,207.37,207.37,207.37,207.37,296,0.0,,208.41000000000014,,36.94962189396188,0.1346322634008459,0.5562704690905643,-0.42163820568971844
2020-05-16,207.075,207.075,207.075,207.075,100,0.0,,208.02300000000014,,35.10931816670747,-0.02892170915481529,0.4392320334414884,-0.4681537425963037
2020-05-17,207.44,207.44,207.43,207.43,471,0.0,,207.67300000000014,,39.043807391103044,-0.12841360549725778,0.32570290565373916,-0.45411651115099694
2020-05-18,204.905,204.97,204.905,204.97,900,0.0,,206.96900000000014,,26.880825468951315,-0.4011390102612893,0.18033452247073345,-0.5814735327320227
2020-05-19,204.74,204.74,204.31,204.39,1400,0.0,,206.24700000000013,,24.910458196460226,-0.6565091819680049,0.01296578158298578,-0.6694749635509907
2020-05-20,204.18,204.18,204.18,204.18,506,0.0,,205.6090000000001,,24.21827078063633,-0.8658560779551294,-0.16279859032463725,-0.7030574876304921
2020-05-21,204.86,204.86,204.86,204.86,125,0.0,,205.1660000000001,,30.91271336592513,-0.9657619813301608,-0.32339126852574196,-0.6423707128044188
2020-05-22,205.1,205.1,205.0,205.0,652,0.0,,204.68000000000012,,32.239887278250194,-1.021861911537627,-0.46308539712811897,-0.558776514409508
2020-05-23,205.48,205.48,205.48,205.48,100,0.0,,204.7820000000001,,36.727762541123695,-1.0158791000302188,-0.573644137708539,-0.4422349623216798
2020-05-24,205.99,205.99,205.99,205.99,200,0.0,,205.10200000000015,,41.185024895045935,-0.958930981612383,-0.6507015064893078,-0.3082294751230752
2020-05-25,206.13,206.13,206.13,206.13,137,0.0,,205.49200000000013,,42.384894114069816,-0.8922174303549468,-0.6990046912624356,-0.19321273909251124
2020-05-26,205.75,205.75,205.75,205.75,100,0.0,,205.67000000000016,,39.99960025460309,-0.8600946488244574,-0.73122268277484,-0.12887196604961737
2020-05-27,206.06,206.06,205.75,205.75,200,0.0,,205.82000000000016,,39.99960025460309,-0.8251255789777758,-0.7500032620154273,-0.0751223169623485
2020-05-28,205.84,205.84,205.59,205.59,200,0.0,,205.84200000000016,,38.9297616020801,-0.8010885518446003,-0.7602203199812619,-0.04086823186333832
2020-05-29,205.29,205.29,205.29,205.29,112,0.0,,205.70200000000014,,36.93501877079584,-0.7970585328445736,-0.7675879625539244,-0.029470570290649256
2020-05-30,205.41,205.41,205.29,205.29,200,0.0,,205.5340000000001,,36.93501877079584,-0.7848178224275557,-0.7710339345286508,-0.013783887898904945
2020-05-31,205.385,205.385,205.385,205.385,264,0.0,,205.4610000000001,,38.099864694997706,-0.7587053818167249,-0.7685682239862657,0.009862842169540809
2020-06-01,205.19,205.19,205.19,205.19,102,0.0,,205.3490000000001,,36.605282957170225,-0.7451562573288584,-0.7638858306547842,0.01872957332592584
2020-06-02,205.86,205.86,205.86,205.86,200,0.0,,205.4030000000001,,44.64075300892789,-0.6726017437577241,-0.7456290132753722,0.07302726951764815
2020-06-03,205.75,205.75,205.75,205.75,100,0.0,,205.49500000000012,,43.66223957332536,-0.6168669910309461,-0.719876608826487,0.10300961779554085
2020-06-04,205.6,205.6,205.6,205.6,100,0.0,,205.5570000000001,,42.300591186934035,-0.5781361506776648,-0.6915285171967226,0.11339236651905782
2020-06-05,205.855,205.855,205.855,205.855,200,0.0,,205.65100000000012,,45.41696979340951,-0.5208611486837924,-0.6573950434941367,0.13653389481034428
2020-06-06,205.82,205.82,205.82,205.82,100,0.0,,205.7770000000001,,45.05725678362803,-0.47284385482893754,-0.6204848057610969,0.14764095093215934
2020-06-07,205.925,205.925,205.925,205.925,300,0.0,,205.79000000000005,,46.4280790430743,-0.4214588655713669,-0.5806796177231509,0.159220752151784
2020-06-08,206.16,206.16,206.16,206.16,100,0.0,,205.87200000000007,,49.46693223279906,-0.35765058207246625,-0.5360738105930141,0.17842322852054782
2020-06-09,206.35,206.35,206.35,206.35,100,0.0,,206.02200000000008,,51.84531353272001,-0.28842585190014347,-0.48654421885443994,0.19811836695429647
2020-06-10,206.25,206.25,206.25,206.25,100,0.0,,206.10100000000006,,50.498174020582915,-0.238880255874534,-0.4370114262584588,0.1981311703839248
2020-06-11,206.43,206.43,206.43,206.43,200,0.0,,206.2230000000001,,52.871949985818425,-0.18298122473339617,-0.3862053859534463,0.2032241612200501
2020-06-12,206.01,206.01,206.01,206.01,100,0.0,,206.2400000000001,,47.186115605577854,-0.1706047048965047,-0.343085249742058,0.1724805448455533
2020-06-13,205.955,205.955,205.955,205.955,200,0.0,,206.19900000000007,,46.481188542172454,-0.16335125254684613,-0.3071384503030156,0.1437871977561695
2020-06-14,205.74,205.74,205.74,205.74,100,0.0,,206.07700000000008,,43.7308966248044,-0.17295779269971945,-0.2803023187823564,0.10734452608263695
2020-06-15,205.78,205.78,205.78,205.78,100,0.0,,205.9830000000001,,44.390160718100624,-0.17532237210494372,-0.2593063294468739,0.08398395734193015
2020-06-16,206.205,206.205,206.205,206.205,200,0.0,,205.93800000000005,,50.96398670579405,-0.1412738531534501,-0.23569983418818913,0.09442598103473904
2020-06-17,206.355,206.355,206.355,206.355,100,0.0,,206.00700000000006,,53.072521610578725,-0.10102189268542361,-0.20876424588763604,0.10774235320221243
2020-06-18,205.92,205.92,205.79,205.79,346,0.0,,205.97400000000007,,45.19023669709995,-0.11340543485221133,-0.1896924836805511,0.07628704882833978
2020-06-19,205.53,205.53,205.53,205.53,100,0.0,,205.93200000000007,,42.09215310783913,-0.14255601136636642,-0.18026518921771417,0.03770917785134775
2020-06-20,205.67,205.67,205.67,205.67,300,0.0,,205.91000000000008,,44.30623884492044,-0.15260212104138304,-0.17473257558244795,0.02213045454106491
2020-06-21,205.575,205.575,205.575,205.575,200,0.0,,205.7840000000001,,43.10194049101451,-0.166312296757809,-0.17304851981752017,0.006736223059711166
2020-06-22,205.45,205.45,205.45,205.45,100,0.0,,205.60300000000012,,41.50339881599594,-0.1851301005611674,-0.17546483596624965,-0.00966526459491776
2020-06-23,205.47,205.47,205.47,205.47,100,0.0,,205.53900000000013,,41.87484502475581,-0.19616820780814237,-0.1796055103346282,-0.01656269747351416
2020-06-24,205.56,205.56,205.56,205.56,202,0.0,,205.54500000000013,,43.610102016477505,-0.1954012752203198,-0.18276466331176652,-0.01263661190855328
2020-06-25,206.05,206.05,206.05,206.05,200,0.0,,205.6210000000001,,52.01024149935276,-0.15348528786267934,-0.1769087882219491,0.023423500359269767
2020-06-26,206.08,206.08,206.08,206.08,200,0.0,,205.72200000000007,,52.47700708749009,-0.11650284434475111,-0.16482759944650954,0.04832475510175843
2020-06-27,206.35,206.35,206.35,206.35,200,0.0,,205.90200000000004,,56.57108788658963,-0.06466186615438119,-0.14479445278808387,0.08013258663370268
2020-06-28,206.42,206.42,206.39,206.4,400,0.0,,206.08800000000005,,57.30462880182918,-0.019320223798359848,-0.11969960699013907,0.10037938319177922
2020-06-29,206.405,206.405,206.405,206.405,210,0.0,,206.25700000000006,,57.38215020233736,0.016822888860048124,-0.09239510782010163,0.10921799668014975
2020-06-30,206.5,206.6,206.5,206.56,2622,0.0,,206.35900000000007,,59.81783204299943,0.057313100898852554,-0.06245346607631079,0.11976656697516334
2020-07-01,206.47,206.47,206.47,206.47,200,0.0,,206.43700000000007,,57.75385209018497,0.08120357356858676,-0.033722058147331285,0.11492563171591805
2020-07-02,206.49,206.52,206.49,206.52,600,0.0,,206.4710000000001,,58.608328251975976,0.10298438749990169,-0.006380769017884692,0.10936515651778637
2020-07-03,206.855,206.855,206.855,206.855,352,0.0,,206.56200000000007,,63.879700277367135,0.14559916322957633,0.024015217431607512,0.12158394579796883
2020-07-04,206.64,206.64,206.64,206.64,500,0.0,,206.60900000000007,,58.71179664154465,0.16017656115764112,0.05124748617681424,0.10892907498082688
2020-07-05,206.585,206.585,206.585,206.585,100,0.0,,206.6140000000001,,57.431788329674625,0.1653847611165986,0.07407494116477112,0.09130981995182749
2020-07-06,206.34,206.34,206.34,206.34,100,0.0,,206.58800000000005,,51.993927122545166,0.14803637349334053,0.088867227630485,0.05916914586285553
2020-07-07,206.34,206.34,206.34,206.34,400,0.0,,206.55200000000005,,51.993927122545166,0.13275730770882888,0.09764524364615379,0.035112064062675086
2020-07-08,206.49,206.49,206.405,206.405,500,0.0,,206.46200000000005,,53.35291908949177,0.1244588110661482,0.10300795713015268,0.021450853935995523
2020-07-09,206.42,206.42,206.42,206.42,200,0.0,,206.41800000000003,,53.678803111642125,0.11773538707467424,0.105953443119057,0.011781943955617241
2020-07-10,206.38,206.38,206.38,206.38,200,0.0,,206.37700000000004,,52.62303651666779,0.10793515019162214,0.10634978453357004,0.0015853656580521042
2020-07-11,206.555,206.555,206.555,206.555,200,0.0,,206.42000000000007,,56.64100936106444,0.11298698567995302,0.10767722476284664,0.0053097609171063875
2020-07-12,206.87,206.87,206.87,206.87,200,0.0,,206.52600000000007,,62.762745620450914,0.1407855805989584,0.114298895930069,0.0264866846688894
2020-07-13,206.65,206.65,206.65,206.65,102,0.0,,206.5750000000001,,56.73765423800445,0.14341085490190153,0.12012128772443552,0.02328956717746601
2020-07-14,206.53,206.53,206.53,206.53,100,0.0,,206.59700000000007,,53.708984660265884,0.1342607324338303,0.12294917666631448,0.011311555767515816
2020-07-15,206.68,206.68,206.68,206.68,1053,0.0,,206.65700000000007,,56.81236255326019,0.13752760819320997,0.12586486297169358,0.01166274522151639
2020-07-16,206.915,206.915,206.915,206.915,113,0.0,,206.72900000000004,,61.20090985170663,0.1572662987944966,0.1321451501362542,0.025121148658242415
2020-07-17,206.78,206.78,206.78,206.78,100,0.0,,206.71100000000007,,57.58105196307322,0.1601696455756212,0.1377500492241276,0.022419596351493598
2020-07-18,206.55,206.59,206.55,206.59,200,0.0,,206.699,,52.843742800672,0.14546235720669642,0.13929251082064137,0.006169846386055056
2020-07-19,206.47,206.54,206.4,206.54,301,0.0,,206.70100000000002,,51.63971353140458,0.12829325826001536,0.13709266030851616,-0.008799402048500798
2020-07-20,206.66,206.66,206.66,206.66,117,0.0,,206.69700000000003,,54.32925061777728,0.12295230315066874,0.1342645888769467,-0.01131228572627796
2020-07-21,206.575,206.575,206.575,206.575,101,0.0,,206.62900000000005,,52.11819141142926,0.11058600153339171,0.1295288714082357,-0.018942869874844004
2020-07-22,206.6,206.6,206.6,206.6,100,0.0,,206.59300000000002,,52.727560525367565,0.10163136634568559,0.12394937039572569,-0.0223180040500401
2020-07-23,206.24,206.24,206.24,206.24,102,0.0,,206.52300000000005,,44.036548683792304,0.06473948559920473,0.1121073934364215,-0.04736790783721677
2020-07-24,206.27,206.32,206.27,206.32,225,0.0,,206.47900000000004,,46.16031788969242,0.04147958489357961,0.09798183172785313,-0.05650224683427352
2020-07-25,205.91,206.23,205.91,206.23,443,0.0,,206.39300000000003,,44.131296069841966,0.015603826963030087,0.08150623077488853,-0.06590240381185844
2020-07-26,206.58,206.58,206.58,206.58,100,0.0,,206.394,,52.81714650869388,0.02307320377573774,0.06981962537505837,-0.04674642159932063
2020-07-27,206.23,206.23,206.23,206.23,111,0.0,,206.32000000000002,206.86012500000004,45.24231087575929,0.0007421092127231077,0.05600412214259132,-0.05526201292986821
