Date,Open,High,Low,Close,Volume,OpenInterest,Entry,5 day sma,200 day sma,rsi,macd,signal,histogram
2020-03-30,243.085,243.27,242.9,243.025,2253,0.0,,,,,,,
2020-03-31,243.13,243.13,243.13,243.13,230,0.0,,,,,,,
2020-04-01,243.35,243.35,243.22,243.22,225,0.0,,,,,,,
2020-04-02,243.48,243.61,243.45,243.45,873,0.0,,,,,,,
2020-04-03,243.37,243.37,243.37,243.37,120,0.0,,243.23900000000003,,,,,
2020-04-04,243.15,243.15,243.15,243.15,280,0.0,,243.26400000000004,,,,,
2020-04-05,243.08,243.47,243.08,243.41,861,0.0,,243.32000000000008,,,,,
2020-04-06,243.4,243.445,243.37,243.445,300,0.0,,243.36500000000007,,,,,
2020-04-07,243.7,243.79,243.7,243.79,778,0.0,,243.43300000000005,,,,,
2020-04-08,243.76,243.82,243.69,243.78,1200,0.0,,243.51500000000004,,,,,
2020-04-09,243.67,243.72,243.67,243.72,200,0.0,,243.62900000000005,,,,,
2020-04-10,243.82,243.82,243.82,243.82,100,0.0,,243.711,,,,,
2020-04-11,243.79,243.79,243.79,243.79,100,0.0,,243.78000000000003,,,,,
2020-04-12,243.83,243.83,243.83,243.83,100,0.0,,243.788,,,,,
2020-04-13,243.75,243.75,243.74,243.74,200,0.0,,243.78000000000003,,71.09144542772916,,,
2020-04-14,243.78,243.78,243.78,243.78,100,0.0,,243.792,,71.80792210666117,,,
2020-04-15,243.84,243.84,243.68,243.68,200,0.0,,243.76400000000004,,67.31613129717445,,,
2020-04-16,243.68,243.68,243.68,243.68,100,0.0,,243.74200000000005,,67.31613129717445,,,
2020-04-17,243.76,243.76,243.76,243.76,100,0.0,,243.72800000000007,,69.10896097311854,,,
2020-04-18,243.78,243.78,243.78,243.78,100,0.0,,243.73600000000005,,69.55852949478076,,,
2020-04-19,243.82,243.82,243.82,243.82,100,0.0,,243.74400000000006,,70.48373758246663,,,
2020-04-20,243.79,243.83,243.75,243.83,400,0.0,,243.77400000000003,,70.72330105067451,,,
2020-04-21,243.69,243.69,243.69,243.69,100,0.0,,243.776,,63.012513278210456,,,
2020-04-22,243.79,243.79,243.79,243.79,100,0.0,,243.782,,65.87452604128927,,,
2020-04-23,243.82,243.82,243.82,243.82,200,0.0,,243.79000000000002,,66.70682227823724,,,
2020-04-24,243.71,243.82,243.71,243.82,200,0.0,,243.79000000000002,,66.70682227823724,0.12994829762720883,,
2020-04-25,243.82,243.82,243.82,243.82,100,0.0,,243.788,,66.70682227823724,0.125910667792823,,
2020-04-26,243.71,243.71,243.71,243.71,100,0.0,,243.792,,60.0047327416218,0.11253747441497808,,
2020-04-27,243.78,243.78,243.78,243.78,100,0.0,,243.79000000000002,,62.58117357534594,0.10636146849884653,,
2020-04-28,243.79,243.79,243.79,243.79,100,0.0,,243.78400000000002,,62.9483759344935,0.10110834171555894,,
2020-04-29,243.79,243.79,243.79,243.79,100,0.0,,243.77800000000002,,62.9483759344935,0.09584041227887496,,
2020-04-30,243.8,243.8,243.8,243.8,100,0.0,,243.77400000000003,,63.3653193095012,0.09141863950338802,,
2020-05-01,243.8,243.8,243.8,243.8,100,0.0,,243.792,,63.36531930950121,0.08691247975619376,,
2020-05-02,243.8,243.8,243.8,243.8,100,0.0,,243.796,,63.36531930950122,0.08239155710802493,0.10360325985509967,-0.021211702747074748
2020-05-03,243.81,243.81,243.81,243.81,100,0.0,,243.8,,63.87307508863112,0.07870830936818152,0.09862426975771606,-0.01991596038953454
2020-05-04,243.81,243.81,243.81,243.81,100,0.0,,243.804,,63.87307508863112,0.07492561316894353,0.09388453843996156,-0.01895892527101803
2020-05-05,243.78,243.78,243.78,243.78,100,0.0,,243.8,,60.93463203288867,0.0687149467659367,0.08885062010515658,-0.02013567333921988
2020-05-06,243.79,243.79,243.79,243.79,100,0.0,,243.798,,61.569292234196524,0.06386368452120905,0.08385323298836708,-0.01998954846715803
2020-05-07,243.79,243.79,243.79,243.79,100,0.0,,243.796,,61.569292234196524,0.05933504675658696,0.07894959574201106,-0.0196145489854241
2020-05-08,243.8,243.8,243.8,243.8,100,0.0,,243.794,,62.279998932853324,0.05590850666456504,0.07434137792652186,-0.01843287126195682
2020-05-09,243.78,243.78,243.78,243.78,100,0.0,,243.788,,59.89431816053082,0.05099131990687056,0.0696713663225916,-0.018680046415721047
2020-05-10,243.81,243.81,243.81,243.81,100,0.0,,243.794,,62.231382984471495,0.04895088788973112,0.06552727063601951,-0.016576382746288393
2020-05-11,243.78,243.78,243.78,243.78,100,0.0,,243.792,,58.556650213039305,0.044401251547128595,0.06130206681824133,-0.016900815271112736
2020-05-12,243.71,243.71,243.71,243.71,100,0.0,,243.776,,50.9906200000957,0.03474667889639704,0.05599098923387248,-0.02124431033747544
2020-05-13,243.78,243.78,243.78,243.78,100,0.0,,243.77200000000002,,56.977156572865454,0.03237062706008942,0.05126691679911587,-0.018896289739026455
2020-05-14,243.7,243.7,243.7,243.7,100,0.0,,243.75600000000003,,49.53073179862689,0.023758385569408347,0.045765210553174375,-0.022006824983766028
2020-05-15,243.74,243.74,243.74,243.74,100,0.0,,243.74200000000005,,52.84886540905186,0.019931035278233367,0.04059837549818617,-0.020667340219952805
2020-05-16,243.74,243.785,243.74,243.785,200,0.0,,243.74300000000008,,56.32752455838822,0.020295008294795025,0.03653770205750794,-0.016242693762712916
2020-05-17,245.32,245.32,245.32,245.32,100,0.0,,244.06500000000005,,88.2290568044247,0.14279903264340987,0.05778996817468833,0.08500906446872154
2020-05-18,245.09,245.09,245.09,245.09,100,0.0,,244.32700000000006,,78.92595604880302,0.21880305134797595,0.08999258480934585,0.1288104665386301
2020-05-19,244.685,244.685,244.685,244.685,103,0.0,,244.52400000000003,,65.77420533588653,0.24354918507549428,0.12070390486257554,0.12284528021291874
2020-05-20,245.0,245.0,245.0,245.0,200,0.0,,244.776,,69.96614489521757,0.28528989742525823,0.1536211033751121,0.13166879405014614
2020-05-21,245.35,245.35,245.35,245.35,130,0.0,,245.089,,73.80515672246958,0.34266179573432964,0.19142924184695562,0.15123255388737403
2020-05-22,246.08,246.08,246.08,246.08,109,0.0,,245.24099999999999,,79.64832116319636,0.4419399292160051,0.24153137932076552,0.2004085498952396
2020-05-23,246.935,247.13,246.935,247.13,205,0.0,,245.64900000000003,,84.87457959295165,0.5984462739185403,0.3129143582403205,0.28553191567821984
2020-05-24,246.36,246.36,246.36,246.36,100,0.0,,245.984,,70.56392554495163,0.6528208029713198,0.38089564718652036,0.2719251557847995
2020-05-25,247.46,247.46,247.46,247.46,100,0.0,,246.47600000000003,,76.6268896797578,0.7757316641611283,0.459862850581442,0.31586881357968627
2020-05-26,247.07,247.07,247.07,247.07,100,0.0,,246.82000000000002,,71.0400647751942,0.8320779894333725,0.5343058783518281,0.29777211108154444
2020-05-27,246.74,246.74,246.74,246.74,121,0.0,,246.95200000000006,,66.61432847972674,0.8404168141972832,0.5955280655209192,0.244888748676364
2020-05-28,246.555,246.555,246.555,246.555,100,0.0,,246.83700000000007,,64.19966068912504,0.822614847112618,0.640945421839259,0.18166942527335905
2020-05-29,247.17,247.17,247.06,247.06,337,0.0,,246.97700000000003,,67.64717642663311,0.8395778091162072,0.6806718992946486,0.1589059098215586
2020-05-30,247.24,247.24,247.24,247.24,200,0.0,,246.93300000000005,,68.8004523417774,0.8576590151404844,0.7160693224638157,0.14158969267666865
2020-05-31,246.62,246.62,246.62,246.62,275,0.0,,246.84300000000007,,60.76552171114085,0.812592620827445,0.7353739821365417,0.07721863869090329
2020-06-01,246.315,246.315,246.315,246.315,121,0.0,,246.7580000000001,,57.22498302756888,0.743693393136823,0.737037864336598,0.006655528800225019
2020-06-02,246.125,246.125,246.125,246.125,100,0.0,,246.67200000000008,,55.07228241890119,0.6660806832010451,0.7228464281094875,-0.05676574490844244
2020-06-03,245.27,245.27,245.27,245.27,100,0.0,,246.31400000000008,,46.58049261903722,0.5294772132148751,0.684172585130565,-0.15469537191568994
2020-06-04,245.205,245.205,245.205,245.205,100,0.0,,245.90700000000007,,45.99978980303349,0.4112325890010311,0.6295845859046583,-0.21835199690362717
2020-06-05,245.005,245.005,245.005,245.005,105,0.0,,245.58400000000012,,44.17493991696171,0.297949962178194,0.5632576611593654,-0.26530769898117135
2020-06-06,244.97,244.97,244.97,244.97,200,0.0,,245.3150000000001,,43.84712017479887,0.20300830341756182,0.49120778961100464,-0.2881994861934428
2020-06-07,244.99,244.99,244.99,244.99,100,0.0,,245.0880000000001,,44.10238972490831,0.12790576959179134,0.418547385607162,-0.29064161601537064
2020-06-08,245.02,245.02,245.02,245.02,100,0.0,,245.0380000000001,,44.50988124500635,0.07000029984689604,0.3488379684551088,-0.27883766860821274
2020-06-09,244.62,244.62,244.62,244.62,100,0.0,,244.9210000000001,,40.29223533540995,-0.00807378955263971,0.2774556168535591,-0.2855294064061988
2020-06-10,244.7,244.7,244.7,244.7,100,0.0,,244.86000000000013,,41.4864564862917,-0.06276917253453007,0.20941065897594127,-0.2721798315104713
2020-06-11,244.32,244.32,244.32,244.32,102,0.0,,244.7300000000001,,37.6358111484281,-0.13521975267664743,0.14048457664542355,-0.275704329322071
2020-06-12,244.47,244.47,244.47,244.47,200,0.0,,244.62600000000012,,40.00308470056352,-0.17847624990849908,0.07669241133463903,-0.2551686612431381
2020-06-13,244.355,244.355,244.345,244.345,600,0.0,,244.49100000000013,,38.6852468478288,-0.22030426056127794,0.017293076955455636,-0.23759733751673356
2020-06-14,243.915,244.06,243.915,244.06,239,0.0,,244.37900000000008,,35.7902212410993,-0.2732999468497894,-0.040825527805593384,-0.23247441904419602
2020-06-15,244.155,244.155,244.155,244.155,201,0.0,,244.27000000000007,,37.47002564785577,-0.30412790679835666,-0.09348600360414605,-0.2106419031942106
2020-06-16,244.665,244.665,244.665,244.665,200,0.0,,244.33900000000008,,45.68503892273568,-0.2841312610965474,-0.13161505510262633,-0.15251620599392107
2020-06-17,245.0,245.0,245.0,245.0,102,0.0,,244.44500000000008,,50.30357637215405,-0.23850276362534828,-0.15299259680717073,-0.08551016681817755
2020-06-18,244.83,244.83,244.83,244.83,134,0.0,,244.54200000000006,,48.06976846058814,-0.21359721416928323,-0.16511352027959325,-0.04848369388968998
2020-06-19,245.19,245.19,245.19,245.19,100,0.0,,244.7680000000001,,52.845185109497,-0.16293221429151572,-0.16467725908197775,0.0017450447904620303
2020-06-20,245.15,245.15,245.15,245.15,100,0.0,,244.9670000000001,,52.270028753939975,-0.12457151963752722,-0.15665611119308764,0.03208459155556043
2020-06-21,245.55,245.55,245.55,245.55,100,0.0,,245.1440000000001,,57.277534855564575,-0.061188393972571475,-0.1375625677489844,0.07637417377641292
2020-06-22,245.77,245.77,245.77,245.77,105,0.0,,245.2980000000001,,59.77702742573477,0.006717911251826081,-0.10870647194882231,0.11542438320064839
2020-06-23,245.95,245.95,245.95,245.95,101,0.0,,245.5220000000001,,61.74887899744566,0.07420327390619263,-0.07212452277781933,0.14632779668401197
2020-06-24,245.67,245.67,245.67,245.67,142,0.0,,245.6180000000001,,57.06266299113011,0.10389461759376672,-0.03692069470350212,0.14081531229726885
2020-06-25,246.4,246.4,246.4,246.4,100,0.0,,245.8680000000001,,64.60469536127334,0.1842067003393879,0.007304784305075886,0.17690191603431202
2020-06-26,246.77,246.77,246.77,246.77,105,0.0,,246.11200000000014,,67.70140485980433,0.2745457201504564,0.06075297147415199,0.21379274867630443
2020-06-27,246.655,246.655,246.655,246.655,100,0.0,,246.28900000000013,,65.77522019049718,0.33302163914601124,0.11520670500852384,0.2178149341374874
2020-06-28,246.625,246.625,246.625,246.625,106,0.0,,246.42400000000012,,65.25364953998306,0.37264782480752956,0.166694928968325,0.20595289583920456
2020-06-29,246.58,246.58,246.58,246.58,100,0.0,,246.60600000000008,,64.4283646665788,0.3958575392169337,0.21252745101804676,0.1833300881988869
2020-06-30,246.26,246.26,246.26,246.26,207,0.0,,246.57800000000006,,58.73919104242066,0.38400352584287134,0.24682266598301172,0.13718085985985962
2020-07-01,246.0,246.0,246.0,246.0,102,0.0,,246.42400000000006,,54.526246562149204,0.34959934412992766,0.26737800161239494,0.08222134251753271
2020-07-02,246.705,246.705,246.705,246.705,100,0.0,,246.43400000000005,,62.4009633712647,0.3748997790370936,0.2888823570973347,0.08601742193975892
2020-07-03,246.74,246.74,246.74,246.74,100,0.0,,246.45700000000005,,62.74587837048755,0.39324171773606054,0.3097542292250799,0.08348748851098065
2020-07-04,246.765,246.81,246.765,246.81,200,0.0,,246.50300000000007,,63.46769538122484,0.40871484101600686,0.3295463515832653,0.07916848943274157
2020-07-05,247.315,247.315,247.315,247.315,100,0.0,,246.71400000000008,,68.24748647495016,0.45646483969957785,0.3549300492065278,0.10153479049305003
2020-07-06,247.22,247.22,247.22,247.22,109,0.0,,246.95800000000008,,66.4852109604404,0.4810955812357065,0.3801631556123636,0.10093242562334293
2020-07-07,247.365,247.365,247.365,247.365,100,0.0,,247.0900000000001,,67.84979405158923,0.5064775515989197,0.4054260348096748,0.1010515167892449
2020-07-08,247.48,247.48,247.37,247.37,200,0.0,,247.21600000000012,,67.89833159425882,0.5209907471644044,0.42853897728062074,0.09245176988378367
2020-07-09,247.285,247.285,247.22,247.22,200,0.0,,247.29800000000014,,64.74058979652722,0.5144584559731129,0.4457228730191192,0.06873558295399368
2020-07-10,247.415,247.415,247.415,247.415,116,0.0,,247.31800000000013,,66.8959817689265,0.5190333451426454,0.4603849674438245,0.05864837769882092
2020-07-11,247.42,247.42,247.42,247.42,100,0.0,,247.35800000000012,,66.9517670386595,0.5171016105017543,0.4717282960554105,0.04537331444634379
2020-07-12,247.53,247.53,247.53,247.53,200,0.0,,247.39100000000013,,68.22056468692924,0.5184701761192798,0.4810766720681844,0.03739350405109543
2020-07-13,247.7,247.7,247.7,247.7,100,0.0,,247.45700000000016,,70.12923693213985,0.5271951756644171,0.490300372787431,0.0368948028769861
2020-07-14,248.26,248.26,248.26,248.26,108,0.0,,247.66500000000013,,75.37576219052595,0.5726954439614076,0.5067793870222264,0.06591605693918123
2020-07-15,248.06,248.06,248.06,248.06,100,0.0,,247.79400000000015,,70.60603102070964,0.5858629425535469,0.5225960981284905,0.06326684442505637
2020-07-16,248.05,248.095,248.05,248.095,200,0.0,,247.92900000000014,,70.95244428336889,0.5922948808515969,0.5365358546731118,0.05575902617848505
2020-07-17,248.06,248.06,248.06,248.06,102,0.0,,248.03500000000014,,70.06322052240584,0.5877923267449603,0.5467871490874816,0.041005177657478686
2020-07-18,248.0,248.0,248.0,248.0,167,0.0,,248.0950000000001,,68.47880973687325,0.5727798717981898,0.5519856936296232,0.020794178168566546
2020-07-19,247.91,247.91,247.91,247.91,101,0.0,,248.02500000000015,,66.06541798903632,0.5473110837710067,0.5510507716579,-0.0037396878868932726
2020-07-20,247.96,247.96,247.96,247.96,101,0.0,,248.00500000000017,,66.76616974698379,0.5251083457579853,0.545862286477917,-0.02075394071993175
2020-07-21,248.045,248.045,248.045,248.045,100,0.0,,247.99500000000018,,67.97682283625835,0.5085095242861541,0.5383917340395644,-0.02988220975341027
2020-07-22,248.11,248.11,248.11,248.11,102,0.0,,248.0050000000002,,68.90953084768893,0.4948949544801735,0.5296923781276862,-0.034797423647512704
2020-07-23,247.94,247.97,247.94,247.97,200,0.0,,247.9990000000002,,64.54871024830717,0.4674203490255593,0.5172379723072609,-0.049817623281701584
2020-07-24,248.05,248.05,248.05,248.05,179,0.0,,248.02700000000019,,65.87755929687535,0.44694969974887044,0.5031803177955828,-0.056230618046712366
2020-07-25,247.85,247.85,247.78,247.78,309,0.0,,247.99100000000016,,57.978601298812315,0.4042795363583025,0.4834001615081268,-0.07912062514982432
2020-07-26,247.54,247.54,247.54,247.54,101,0.0,,247.89000000000016,,52.009029072804964,0.3470960233160554,0.4561393338697125,-0.10904331055365712
2020-07-27,247.84,247.92,247.84,247.85,1119,0.0,,247.8380000000001,245.30141666666674,58.021312776123594,0.3230679601254849,0.429525059120867,-0.10645709899538214
