Date,Open,High,Low,Close,Volume,OpenInterest,Entry,5 day sma,200 day sma,rsi,macd,signal,histogram
2020-03-30,103.38,103.38,103.38,103.38,110,0.0,,,,,,,
2020-03-31,103.21,103.21,103.21,103.21,130,0.0,,,,,,,
2020-04-01,103.27,103.27,103.27,103.27,110,0.0,,,,,,,
2020-04-02,103.225,103.225,103.225,103.225,103,0.0,,,,,,,
2020-04-03,103.23,103.23,103.23,103.23,110,0.0,,103.26299999999999,,,,,
2020-04-04,102.965,102.965,102.965,102.965,175,0.0,,103.17999999999999,,,,,
2020-04-05,103.09,103.18,103.09,103.18,363,0.0,,103.17399999999998,,,,,
2020-04-06,103.275,103.275,103.275,103.275,177,0.0,,103.17499999999998,,,,,
2020-04-07,103.255,103.255,103.255,103.255,100,0.0,,103.18099999999997,,,,,
2020-04-08,103.465,103.465,103.43,103.43,347,0.0,,103.22099999999996,,,,,
2020-04-09,103.385,103.385,103.29,103.29,225,0.0,,103.28599999999994,,,,,
2020-04-10,103.38,103.38,103.38,103.38,134,0.0,,103.32599999999994,,,,,
2020-04-11,103.555,103.555,103.555,103.555,100,0.0,,103.38199999999995,,,,,
2020-04-12,103.58,103.58,103.58,103.58,100,0.0,,103.44699999999996,,,,,
2020-04-13,103.43,103.43,103.43,103.43,778,0.0,,103.44699999999993,,51.533742331288664,,,
2020-04-14,103.48,103.48,103.48,103.48,510,0.0,,103.48499999999994,,53.08359981726837,,,
2020-04-15,103.455,103.455,103.455,103.455,102,0.0,,103.49999999999996,,52.18502780944486,,,
2020-04-16,103.47,103.47,103.47,103.47,101,0.0,,103.48299999999995,,52.70235813966939,,,
2020-04-17,103.485,103.485,103.485,103.485,110,0.0,,103.46399999999994,,53.2471080863652,,,
2020-04-18,103.53,103.53,103.53,103.53,110,0.0,,103.48399999999992,,54.924387001691095,,,
2020-04-19,103.61,103.61,103.58,103.59,494,0.0,,103.50599999999993,,57.13263099381004,,,
2020-04-20,103.6,103.6,103.6,103.6,110,0.0,,103.53499999999993,,57.506279803339076,,,
2020-04-21,103.585,103.585,103.585,103.585,200,0.0,,103.55799999999992,,56.70781526691643,,,
2020-04-22,103.655,103.71,103.655,103.68,901,0.0,,103.59699999999991,,60.45298178592828,,,
2020-04-23,103.74,103.74,103.74,103.74,115,0.0,,103.63899999999992,,62.65062552628226,,,
2020-04-24,103.77,103.77,103.765,103.765,805,0.0,,103.67399999999991,,63.55929055019024,0.1643961201156543,,
2020-04-25,103.8,103.915,103.8,103.915,800,0.0,,103.7369999999999,,68.5096220826317,0.1782387507706602,,
2020-04-26,103.89,103.89,103.89,103.89,210,0.0,,103.79799999999989,,66.8789364201981,0.18505860383916684,,
2020-04-27,103.925,103.925,103.925,103.925,500,0.0,,103.8469999999999,,68.02635926107129,0.19108488639894006,,
2020-04-28,103.92,103.92,103.8,103.8,2789,0.0,,103.85899999999988,,60.02801893341249,0.18365721733438534,,
2020-04-29,103.75,103.75,103.74,103.74,610,0.0,,103.85399999999989,,56.588656413181944,0.1709585339666262,,
2020-04-30,103.75,103.75,103.75,103.75,700,0.0,,103.82099999999988,,57.03054946881931,0.15985889846234613,,
2020-05-01,103.715,103.715,103.715,103.715,210,0.0,,103.7859999999999,,54.923265667268794,0.1465488262186767,,
2020-05-02,103.74,103.74,103.74,103.74,200,0.0,,103.74899999999991,,56.16907828205309,0.13644493684010683,0.16847186377184029,-0.03202692693173345
2020-05-03,103.75,103.75,103.725,103.735,1097,0.0,,103.73599999999992,,55.836698431000286,0.1265749957390483,0.1600924901652819,-0.03351749442623361
2020-05-04,103.74,103.75,103.74,103.75,323,0.0,,103.73799999999991,,56.66517527433349,0.11859626700471892,0.1517932455331693,-0.03319697852845038
2020-05-05,103.73,103.75,103.7,103.75,570,0.0,,103.73799999999991,,56.66517527433349,0.11099360184813634,0.14363331679616273,-0.032639714948026394
2020-05-06,103.84,103.84,103.84,103.84,287,0.0,,103.76299999999992,,61.66887280185933,0.11095170063602211,0.1370969935641346,-0.02614529292811249
2020-05-07,103.98,103.98,103.975,103.975,701,0.0,,103.80999999999992,,67.69454859080179,0.12042369597540414,0.13376233404638851,-0.013338638070984371
2020-05-08,103.94,103.94,103.92,103.92,260,0.0,,103.84699999999991,,63.32682177786412,0.12208496074586606,0.131426859386284,-0.009341898640417956
2020-05-09,103.88,103.88,103.88,103.88,100,0.0,,103.8729999999999,,60.28060131371496,0.1188043566686332,0.12890235884275386,-0.010098002174120657
2020-05-10,103.83,103.83,103.83,103.83,106,0.0,,103.88899999999992,,56.61456700129454,0.11089158302785052,0.1253002036797732,-0.014408620651922693
2020-05-11,103.875,103.875,103.875,103.875,114,0.0,,103.89599999999992,,59.029564696840964,0.10701813834600671,0.12164379061301991,-0.014625652267013206
2020-05-12,103.855,103.855,103.855,103.855,100,0.0,,103.87199999999991,,57.49768277076721,0.10116836671953422,0.11754870583432278,-0.01638033911478856
2020-05-13,103.835,103.835,103.81,103.81,200,0.0,,103.84999999999994,,54.09604232798606,0.09184255286153586,0.11240747523976541,-0.020564922378229544
2020-05-14,103.84,103.84,103.84,103.84,100,0.0,,103.84199999999994,,55.966362884692536,0.08588252715671274,0.10710248562315489,-0.021219958466442146
2020-05-15,103.83,103.83,103.83,103.83,210,0.0,,103.84199999999994,,55.15959168162703,0.07943655229216517,0.10156929895695696,-0.022132746664791786
2020-05-16,103.82,103.83,103.82,103.83,300,0.0,,103.83299999999994,,55.15959168162703,0.07348102722971817,0.09595164461150921,-0.02247061738179104
2020-05-17,103.85,103.85,103.85,103.85,100,0.0,,103.83199999999995,,56.610394426732846,0.06957306853715295,0.09067592939663796,-0.021102860859485012
2020-05-18,103.81,103.81,103.81,103.81,100,0.0,,103.83199999999997,,52.9223780579529,0.06252753886590767,0.0850462512904919,-0.022518712424584225
2020-05-19,103.795,103.81,103.795,103.81,210,0.0,,103.82599999999995,,52.9223780579529,0.05629497244125048,0.07929599552064362,-0.02300102307939314
2020-05-20,103.81,103.81,103.81,103.81,124,0.0,,103.82199999999996,,52.9223780579529,0.050770369431148765,0.07359087030274465,-0.022820500871595886
2020-05-21,103.955,103.955,103.955,103.955,102,0.0,,103.84699999999995,,63.64541708546961,0.05743034861775698,0.07035876596574712,-0.012928417347990148
2020-05-22,103.93,103.93,103.93,103.93,123,0.0,,103.86299999999994,,61.06293262176152,0.05999950212728322,0.06828691319805436,-0.008287411070771133
2020-05-23,104.0,104.0,104.0,104.0,130,0.0,,103.90099999999993,,65.30763463118357,0.06691266226006576,0.06801206301045665,-0.0010994007503908887
2020-05-24,104.01,104.01,103.96,103.965,634,0.0,,103.93199999999993,,61.686625112303076,0.0687743955577389,0.0681645295199131,0.0006098660378257986
2020-05-25,104.07,104.07,104.07,104.07,100,0.0,,103.98399999999992,,67.50711937178589,0.07782533309227802,0.07009669023438608,0.007728642857891932
2020-05-26,103.8,103.8,103.8,103.8,317,0.0,,103.9529999999999,,47.51692773130796,0.06249116354707951,0.06857558489692477,-0.0060844213498452565
2020-05-27,103.82,103.82,103.82,103.82,100,0.0,,103.9309999999999,,48.72807762975334,0.05136050463219988,0.06513256884397979,-0.013772064211779914
2020-05-28,103.715,103.715,103.655,103.655,301,0.0,,103.8619999999999,,40.43723406213818,0.02889220485978683,0.0578844960471412,-0.02899229118735437
2020-05-29,103.715,103.79,103.715,103.765,654,0.0,,103.82199999999989,,46.92111003417701,0.019734508971311016,0.05025449863197516,-0.030519989660664146
2020-05-30,103.78,103.78,103.78,103.78,200,0.0,,103.7639999999999,,47.75628439933043,0.013531362517696266,0.042909871409119386,-0.02937850889142312
2020-05-31,103.74,103.75,103.74,103.75,601,0.0,,103.7539999999999,,46.19088108436371,0.006123981535324674,0.03555269343436045,-0.029428711899035773
2020-06-01,103.78,103.78,103.78,103.78,110,0.0,,103.74599999999991,,48.02560142277405,0.0026438513464484004,0.02897092501677804,-0.02632707367032964
2020-06-02,103.71,103.72,103.71,103.715,1115,0.0,,103.75799999999992,,44.48630365911059,-0.0052980609251278565,0.02211712782839686,-0.027415188753524715
2020-06-03,103.77,103.8,103.77,103.8,500,0.0,,103.76499999999992,,49.706059681128025,-0.004679353321080271,0.016757831598501433,-0.021437184919581704
2020-06-04,103.8,103.8,103.8,103.8,1410,0.0,,103.76899999999992,,49.706059681128025,-0.00414128493248711,0.012578008292303726,-0.016719293224790835
2020-06-05,103.765,103.765,103.765,103.765,100,0.0,,103.7719999999999,,47.57005501265933,-0.00646455004189761,0.008769496625463459,-0.015234046667361069
2020-06-06,103.79,103.805,103.79,103.805,610,0.0,,103.7769999999999,,50.20375375783582,-0.00502021871689351,0.0060115535569920655,-0.011031772273885576
2020-06-07,103.79,103.83,103.79,103.83,560,0.0,,103.79999999999991,,51.832326152793875,-0.0018371076364473993,0.004441821318304172,-0.006278928954751572
2020-06-08,103.8,103.8,103.78,103.78,500,0.0,,103.7959999999999,,48.421472143333915,-0.0033108854778447494,0.002891279959074388,-0.006202165436919137
2020-06-09,103.92,103.92,103.92,103.92,110,0.0,,103.81999999999991,,56.961548988345136,0.006740267329931271,0.003661077433245765,0.0030791898966855058
2020-06-10,103.87,103.87,103.87,103.87,160,0.0,,103.84099999999992,,53.55127477082274,0.010549685998938685,0.005038799146384349,0.005510886852554336
2020-06-11,103.775,103.775,103.775,103.775,100,0.0,,103.8349999999999,,47.707032653271824,0.005835701354996559,0.005198179588106791,0.0006375217668897672
2020-06-12,103.78,103.79,103.78,103.79,301,0.0,,103.82699999999988,,48.65975997130428,0.0032724860202364425,0.004813040874532722,-0.001540554854296279
2020-06-13,103.8,103.8,103.77,103.77,315,0.0,,103.82499999999989,,47.41924116793762,-0.00036846600580986433,0.0037767394984642043,-0.004145205504274069
2020-06-14,103.97,103.97,103.97,103.97,104,0.0,,103.8349999999999,,58.74555971656548,0.012737551250225465,0.0055689018488164575,0.007168649401409008
2020-06-15,104.08,104.08,104.08,104.08,100,0.0,,103.87699999999991,,63.41354641228092,0.031635569883846415,0.01078223545582245,0.020853334428023965
2020-06-16,104.09,104.09,104.09,104.09,215,0.0,,103.93999999999991,,63.8144008323095,0.04687891132176958,0.01800157062901188,0.0288773406927577
2020-06-17,104.03,104.04,104.03,104.04,200,0.0,,103.98999999999992,,60.259352489518854,0.0542988636013888,0.025261029223487264,0.02903783437790154
2020-06-18,104.015,104.05,104.015,104.05,300,0.0,,104.0459999999999,,60.730542844116236,0.06029114685632919,0.032267052750055654,0.028024094106273538
2020-06-19,103.94,103.94,103.94,103.94,100,0.0,,104.03999999999992,,53.251127832758456,0.05552394830270657,0.03691843186058584,0.01860551644212073
2020-06-20,103.95,103.95,103.95,103.95,100,0.0,,104.01399999999992,,53.80808073862278,0.0519539329310561,0.039925532074679894,0.012028400856376208
2020-06-21,103.995,103.995,103.995,103.995,117,0.0,,103.99499999999992,,56.329432113026684,0.052154588318728656,0.042371343323489644,0.009783244995239013
2020-06-22,104.0,104.0,104.0,104.0,308,0.0,,103.98699999999992,,56.61281330976281,0.05211630307181281,0.04432033527315428,0.007795967798658529
2020-06-23,104.075,104.075,104.075,104.075,100,0.0,,103.99199999999993,,60.729300515216956,0.05747529550717445,0.04695132731995832,0.010523968187216133
2020-06-24,104.0,104.0,104.0,104.0,100,0.0,,104.00399999999995,,55.09944573098846,0.055036041198604835,0.04856827009568763,0.006467771102917207
2020-06-25,104.03,104.03,104.03,104.03,100,0.0,,104.01999999999994,,56.82365304723116,0.05489091555857328,0.04983279918826476,0.005058116370308521
2020-06-26,103.97,103.97,103.97,103.97,100,0.0,,104.01499999999994,,52.482851939586034,0.04936535084850391,0.049739309520312594,-0.0003739586718086857
2020-06-27,103.99,103.99,103.99,103.99,200,0.0,,104.01299999999995,,53.751103885167694,0.046069078202734204,0.049005263256796924,-0.0029361850540627205
2020-06-28,104.015,104.015,104.015,104.015,200,0.0,,104.00099999999993,,55.35516563518807,0.04495582666314135,0.04819537593806582,-0.0032395492749244664
2020-06-29,104.02,104.02,104.02,104.02,100,0.0,,104.00499999999992,,55.68620022961858,0.043970164326836425,0.047350333615819945,-0.00338016928898352
2020-06-30,103.995,103.995,103.96,103.96,300,0.0,,103.99099999999994,,50.81680064850207,0.03791051247556254,0.045462369387768466,-0.0075518569122059245
2020-07-01,104.0,104.0,104.0,104.0,100,0.0,,103.99699999999993,,53.722125240330996,0.03592177655248463,0.043554250820711696,-0.007632474268227066
2020-07-02,104.025,104.025,104.025,104.025,109,0.0,,104.00399999999993,,55.49175751462186,0.0359485871363745,0.04203311808384426,-0.00608453094746976
2020-07-03,103.93,103.955,103.93,103.955,300,0.0,,103.99199999999993,,49.75473260979952,0.02997587648687272,0.03962166976444995,-0.009645793277577232
2020-07-04,104.02,104.02,104.02,104.02,200,0.0,,103.99199999999993,,54.46262224889611,0.030139982086410555,0.03772533222884208,-0.0075853501424315226
2020-07-05,104.11,104.11,104.11,104.11,136,0.0,,104.02199999999993,,60.04496460823543,0.03710456644974158,0.037601179073021976,-0.000496612623280393
2020-07-06,104.07,104.07,104.07,104.07,102,0.0,,104.03599999999992,,56.71710736437476,0.03894742238738047,0.03787042773589368,0.0010769946514867929
2020-07-07,104.005,104.005,104.005,104.005,100,0.0,,104.03199999999993,,51.70249207824836,0.03476222493240755,0.03724878717519645,-0.0024865622427889048
2020-07-08,104.06,104.075,104.06,104.075,200,0.0,,104.05599999999993,,56.19432215372651,0.03667111894995401,0.037133253530147965,-0.0004621345801939583
2020-07-09,104.08,104.08,104.08,104.08,102,0.0,,104.06799999999994,,56.50548642350703,0.038147647095300385,0.03733613224317845,0.0008115148521219348
2020-07-10,104.1,104.1,104.1,104.1,101,0.0,,104.06599999999995,,57.796850942475,0.040465181715234166,0.0379619421375896,0.0025032395776445684
2020-07-11,104.065,104.065,104.065,104.065,100,0.0,,104.06499999999997,,54.7342108439108,0.03902774950331889,0.03817510361073546,0.0008526458925834299
2020-07-12,104.08,104.08,104.08,104.08,261,0.0,,104.07999999999997,,55.81483863239074,0.03865337669337521,0.038270758227263404,0.00038261846611180317
2020-07-13,103.84,103.84,103.84,103.84,322,0.0,,104.03299999999997,,39.54714891279437,0.018774271196193126,0.03437146082104935,-0.015597189624856227
2020-07-14,103.835,103.835,103.835,103.835,115,0.0,,103.98399999999997,,39.290225210840056,0.0025866612346447937,0.028014500903768443,-0.02542783966912365
2020-07-15,103.73,103.73,103.73,103.73,233,0.0,,103.90999999999997,,34.25704108247365,-0.01850148515956107,0.018711303691102542,-0.03721278885066361
2020-07-16,103.85,103.85,103.85,103.85,112,0.0,,103.86699999999996,,43.2107160246509,-0.025240044469441614,0.009921034058993711,-0.03516107852843532
2020-07-17,103.945,103.945,103.87,103.87,200,0.0,,103.82499999999996,,44.56579112087401,-0.028636465074399098,0.0022095342323151497,-0.030845999306714247
2020-07-18,103.805,103.805,103.75,103.75,215,0.0,,103.80699999999995,,38.612455990202086,-0.040543786459210196,-0.006341129905989919,-0.03420265655322027
2020-07-19,103.73,103.81,103.73,103.81,400,0.0,,103.80199999999995,,42.7317899963849,-0.04462452217141788,-0.013997808359075513,-0.030626713812342367
2020-07-20,103.83,103.83,103.72,103.72,206,0.0,,103.79999999999995,,38.55273675680935,-0.05449262539697486,-0.022096771766655383,-0.03239585363031948
2020-07-21,103.705,103.705,103.705,103.705,100,0.0,,103.77099999999996,,37.887680671149354,-0.06279962791960259,-0.030237342997244822,-0.03256228492235776
2020-07-22,103.71,103.71,103.71,103.71,259,0.0,,103.73899999999996,,38.26994445587802,-0.06819343755505258,-0.037828561908806374,-0.03036487564624621
2020-07-23,103.665,103.69,103.665,103.69,500,0.0,,103.72699999999995,,37.281563872267,-0.07323766518904051,-0.044910382564853205,-0.028327282624187308
2020-07-24,103.73,103.73,103.73,103.73,190,0.0,,103.71099999999997,,40.586522483592674,-0.0731641949286086,-0.05056114503760429,-0.022603049891004305
2020-07-25,103.67,103.68,103.67,103.68,415,0.0,,103.70299999999997,,37.89818427917784,-0.07626145674817053,-0.055701207379717545,-0.020560249368452986
2020-07-26,103.7,103.71,103.7,103.71,200,0.0,,103.70399999999998,,40.447018024964706,-0.07542584755555026,-0.05964613541488409,-0.015779712140666174
2020-07-27,103.675,103.675,103.65,103.65,380,0.0,,103.69199999999996,103.77866666666667,37.16190818367984,-0.07869793895669375,-0.06345649612324603,-0.015241442833447721
