Date,Open,High,Low,Close,Volume,OpenInterest,Entry,5 day sma,200 day sma,rsi,macd,signal,histogram
2020-03-30,91.74,91.8,91.74,91.8,251,0.0,,,,,,,
2020-03-31,91.79,91.79,91.78,91.78,200,0.0,,,,,,,
2020-04-01,91.75,91.75,91.7,91.7,1019,0.0,,,,,,,
2020-04-02,91.7,91.76,91.675,91.76,1368,0.0,,,,,,,
2020-04-03,91.71,91.74,91.69,91.74,727,0.0,,91.756,,,,,
2020-04-04,91.75,91.76,91.75,91.76,300,0.0,,91.74799999999999,,,,,
2020-04-05,91.76,91.76,91.555,91.56,1774,0.0,,91.704,,,,,
2020-04-06,91.54,91.54,91.43,91.45,1713,0.0,,91.65400000000001,,,,,
2020-04-07,91.57,91.61,91.57,91.61,200,0.0,,91.624,,,,,
2020-04-08,91.6,91.6,91.6,91.6,250,0.0,,91.596,,,,,
2020-04-09,91.655,91.655,91.655,91.655,118,0.0,,91.575,,,,,
2020-04-10,91.68,91.68,91.65,91.68,309,0.0,,91.59900000000002,,,,,
2020-04-11,91.675,91.71,91.65,91.65,442,0.0,,91.63900000000002,,,,,
2020-04-12,91.64,91.64,91.64,91.64,110,0.0,,91.64500000000002,,,,,
2020-04-13,91.63,91.63,91.58,91.58,214,0.0,,91.64100000000003,,37.209302325582094,,,
2020-04-14,91.585,91.585,91.57,91.57,310,0.0,,91.62400000000002,,36.749116607774326,,,
2020-04-15,91.62,91.65,91.62,91.65,400,0.0,,91.61800000000002,,42.839597150578236,,,
2020-04-16,91.62,91.62,91.62,91.62,211,0.0,,91.61200000000001,,41.23606336734607,,,
2020-04-17,91.64,91.685,91.64,91.685,463,0.0,,91.62100000000002,,45.95620828663715,,,
2020-04-18,91.74,91.74,91.74,91.74,100,0.0,,91.65300000000003,,49.64212772766511,,,
2020-04-19,91.71,91.72,91.71,91.72,232,0.0,,91.68300000000002,,48.35074438047185,,,
2020-04-20,91.76,91.76,91.75,91.75,294,0.0,,91.70300000000005,,50.43364118153193,,,
2020-04-21,91.72,91.73,91.69,91.69,400,0.0,,91.71700000000003,,46.40308294460448,,,
2020-04-22,91.71,91.71,91.71,91.71,110,0.0,,91.72200000000004,,47.897817988702585,,,
2020-04-23,91.75,91.75,91.725,91.725,210,0.0,,91.71900000000002,,49.04558095686798,,,
2020-04-24,91.745,91.745,91.7,91.7,200,0.0,,91.71500000000003,,47.18010922809971,0.01998701735379882,,
2020-04-25,91.69,91.72,91.69,91.72,540,0.0,,91.70900000000003,,48.85604648454034,0.02057853911966845,,
2020-04-26,91.65,91.65,91.64,91.64,272,0.0,,91.69900000000004,,42.98135535747715,0.014425702450523659,,
2020-04-27,91.68,91.68,91.68,91.68,110,0.0,,91.69300000000004,,46.448658100259486,0.012631591641948603,,
2020-04-28,91.69,91.69,91.59,91.59,1412,0.0,,91.66600000000003,,40.48352192444165,0.0039025123287643737,,
2020-04-29,91.61,91.61,91.61,91.61,100,0.0,,91.64800000000004,,42.25816072959777,-0.0013855414046872738,,
2020-04-30,91.61,91.61,91.61,91.61,210,0.0,,91.62600000000002,,42.25816072959777,-0.0055128138009337135,,
2020-05-01,91.6,91.6,91.6,91.6,139,0.0,,91.61800000000002,,41.53990740426953,-0.009481328484028495,,
2020-05-02,91.67,91.67,91.67,91.67,201,0.0,,91.61600000000001,,48.17963477716523,-0.006898468723079532,0.005360801164663876,-0.012259269887743408
2020-05-03,91.67,91.67,91.67,91.67,159,0.0,,91.63200000000002,,48.17963477716523,-0.00479624562008496,0.003329391807714109,-0.008125637427799069
2020-05-04,91.715,91.715,91.715,91.715,110,0.0,,91.65300000000002,,52.22515070124409,0.0004951969320643457,0.0027625528325841563,-0.0022673559005198106
2020-05-05,91.75,91.75,91.75,91.75,210,0.0,,91.68100000000001,,55.15742252073323,0.0074272935534622775,0.0036955009767597807,0.003731792576702497
2020-05-06,91.825,91.83,91.825,91.83,310,0.0,,91.72700000000002,,61.043093609954234,0.019155548244839338,0.006787510430375693,0.012368037814463644
2020-05-07,91.83,91.85,91.82,91.85,506,0.0,,91.76300000000002,,62.37272979504716,0.029721496527301383,0.011374307649760832,0.01834718887754055
2020-05-08,91.83,91.83,91.83,91.83,201,0.0,,91.79500000000002,,60.16141245641543,0.036065513027494944,0.016312548725307654,0.01975296430218729
2020-05-09,91.79,91.79,91.75,91.75,496,0.0,,91.80200000000002,,52.19074818328251,0.03424312694613718,0.01989866436947356,0.014344462576663622
2020-05-10,91.795,91.795,91.795,91.795,100,0.0,,91.811,,55.74271175565586,0.03601484010808065,0.02312189951719498,0.012892940590885669
2020-05-11,91.77,91.79,91.77,91.79,217,0.0,,91.80300000000001,,55.251529090310946,0.03659364853857028,0.02581624932147004,0.010777399217100237
2020-05-12,91.77,91.77,91.75,91.75,220,0.0,,91.78300000000002,,51.353044636026844,0.033439226100483666,0.02734084467727277,0.006098381423210897
2020-05-13,91.78,91.78,91.775,91.775,255,0.0,,91.77200000000002,,53.55861718788128,0.03258104070198442,0.0283888838822151,0.004192156819769321
2020-05-14,91.79,91.85,91.79,91.85,200,0.0,,91.792,,59.49211981118926,0.0375202852962957,0.03021516416503122,0.007305121131264476
2020-05-15,91.81,91.81,91.81,91.81,210,0.0,,91.79499999999999,,55.424928954537954,0.03777159903489746,0.03172645113900447,0.0060451478958929925
2020-05-16,91.85,91.85,91.81,91.81,200,0.0,,91.79899999999999,,55.424928954537954,0.037538051690106045,0.03288877124922479,0.004649280440881254
2020-05-17,91.85,91.85,91.81,91.82,446,0.0,,91.81299999999999,,56.29131651817471,0.037725009734046466,0.03385601894618913,0.0038689907878573376
2020-05-18,91.81,91.81,91.78,91.78,383,0.0,,91.814,,51.94234657653226,0.03425068900226336,0.03393495295740398,0.0003157360448593771
2020-05-19,91.79,91.83,91.78,91.83,418,0.0,,91.80999999999999,,56.469576852962675,0.035126925591299596,0.0341733474841831,0.0009535781071164928
2020-05-20,91.88,91.88,91.88,91.88,187,0.0,,91.82399999999998,,60.479006196785924,0.03940173288366111,0.03521902456407871,0.0041827083195824025
2020-05-21,91.92,91.92,91.89,91.89,300,0.0,,91.84,,61.24778410651615,0.04309963907701331,0.03679514746666563,0.0063044916103476775
2020-05-22,91.9,91.94,91.88,91.94,612,0.0,,91.864,,64.92198375575299,0.049494299039594125,0.039334977781251335,0.01015932125834279
2020-05-23,91.94,91.98,91.94,91.98,629,0.0,,91.904,,67.57094257339678,0.05713120585880915,0.0428942233967629,0.01423698246204625
2020-05-24,91.9,91.91,91.9,91.91,286,0.0,,91.91999999999999,,59.15242763896434,0.056879423955251696,0.045691263508460665,0.01118816044679103
2020-05-25,91.85,91.85,91.83,91.83,300,0.0,,91.91,,51.287987706701905,0.04965219398573595,0.04648344960391572,0.0031687443818202293
2020-05-26,91.82,91.84,91.775,91.775,849,0.0,,91.88699999999999,,46.6918436219329,0.03903653296706011,0.0449940662765446,-0.005957533309484488
2020-05-27,91.74,91.74,91.74,91.74,166,0.0,,91.847,,43.990224088519845,0.027482536066770535,0.04149176023458979,-0.014009224167819252
2020-05-28,91.84,91.91,91.84,91.91,409,0.0,,91.833,,57.00338941497235,0.031678321560065115,0.039529072499684854,-0.00785075093961974
2020-05-29,91.82,91.85,91.82,91.85,383,0.0,,91.821,,52.37793410219749,0.02981828658690233,0.03758691531712835,-0.007768628730226018
2020-05-30,91.81,91.81,91.76,91.76,304,0.0,,91.807,,46.307977747532455,0.020841697515763258,0.03423787175685533,-0.013396174241092074
2020-05-31,91.84,91.84,91.8,91.8,205,0.0,,91.81200000000001,,49.1296347764435,0.01676212832879287,0.030742723071242838,-0.013980594742449969
2020-06-01,91.82,91.82,91.795,91.795,265,0.0,,91.82300000000001,,48.78451397063622,0.012976002859460323,0.027189379028886334,-0.014213376169426011
2020-06-02,91.76,91.76,91.76,91.76,223,0.0,,91.793,,46.33103504434733,0.0070697677725775065,0.02316545677762457,-0.016095689005047063
2020-06-03,91.78,91.79,91.78,91.79,262,0.0,,91.78099999999999,,48.712005259179335,0.00475497084954668,0.019483359592008993,-0.014728388742462312
2020-06-04,91.84,91.85,91.84,91.85,221,0.0,,91.799,,53.18530143125217,0.007673520601002792,0.017121391793807752,-0.00944787119280496
2020-06-05,91.87,91.875,91.82,91.875,578,0.0,,91.814,,54.94847423918182,0.011866988120232236,0.01607051105909265,-0.004203522938860414
2020-06-06,91.93,91.94,91.93,91.94,214,0.0,,91.84299999999999,,59.24620080228564,0.020202417223671887,0.016896892292008497,0.0033055249316633895
2020-06-07,91.98,92.015,91.98,92.015,365,0.0,,91.894,,63.56515673236557,0.03248570307709997,0.020014654449026795,0.012471048628073175
2020-06-08,92.21,92.21,92.16,92.16,338,0.0,,91.96799999999999,,70.15125454094817,0.05330610420924131,0.0266729444010697,0.026633159808171613
2020-06-09,92.15,92.15,92.15,92.15,228,0.0,,92.02799999999999,,69.22192102712155,0.0682131865297464,0.034980992826805044,0.03323219370294135
2020-06-10,92.17,92.17,92.17,92.17,260,0.0,,92.08699999999999,,70.07575616030636,0.08071060787455053,0.04412691583635414,0.03658369203819639
2020-06-11,92.17,92.17,92.16,92.16,205,0.0,,92.13099999999999,,69.0443836398499,0.08878453504925687,0.053058439678934685,0.03572609537032219
2020-06-12,92.18,92.225,92.18,92.21,352,0.0,,92.16999999999999,,71.31748926051748,0.09808707588356924,0.0620641669198616,0.03602290896370764
2020-06-13,92.26,92.26,92.26,92.26,290,0.0,,92.18999999999998,,73.41946886752054,0.10824619390609769,0.07130057231710882,0.03694562158898887
2020-06-14,92.26,92.26,92.24,92.24,456,0.0,,92.208,,71.17264457200919,0.11337660040344133,0.07971577793437531,0.033660822469066015
2020-06-15,92.27,92.27,92.27,92.27,143,0.0,,92.22799999999998,,72.53059247218837,0.11849727101642316,0.08747207655078489,0.03102519446563827
2020-06-16,92.29,92.29,92.26,92.26,263,0.0,,92.248,,71.3245003748255,0.1203610753882316,0.09404987631827424,0.026311199069957353
2020-06-17,92.24,92.24,92.24,92.24,201,0.0,,92.254,,68.85828978704734,0.11885424319648052,0.09901074969391552,0.019843493502565007
2020-06-18,92.24,92.28,92.24,92.28,377,0.0,,92.25800000000001,,71.01679225052123,0.11951009554542225,0.10311061886421687,0.01639947668120538
2020-06-19,92.26,92.28,92.26,92.27,510,0.0,,92.26400000000001,,69.71582562182734,0.1178642807698651,0.10606135124534652,0.011802929524518585
2020-06-20,92.25,92.29,92.245,92.29,609,0.0,,92.268,,70.86537903730189,0.1168270836577392,0.10821449772782506,0.008612585929914138
2020-06-21,92.31,92.375,92.31,92.36,1106,0.0,,92.28800000000001,,74.5120828594238,0.12026714764500923,0.1106250277112619,0.009642119933747334
2020-06-22,92.38,92.38,92.375,92.38,534,0.0,,92.316,,75.45729687556636,0.12318723028296574,0.11313746822560268,0.010049762057363062
2020-06-23,92.37,92.41,92.37,92.395,7678,0.0,,92.33900000000001,,76.17104782469153,0.12526778243197612,0.11556353106687738,0.00970425136509874
2020-06-24,92.43,92.43,92.395,92.42,971,0.0,,92.369,,77.35317722638217,0.12746459357514084,0.11794374356853007,0.009520850006610765
2020-06-25,92.415,92.415,92.415,92.415,310,0.0,,92.39399999999999,,76.53539609347243,0.1273342935468662,0.1198218535641973,0.0075124399826689
2020-06-26,92.415,92.44,92.36,92.435,5713,0.0,,92.40899999999999,,77.55745450970093,0.12737654516519115,0.12133279188439608,0.006043753280795067
2020-06-27,92.405,92.43,92.36,92.385,10058,0.0,,92.41,,69.41692667856591,0.12196945973607853,0.12146012545473257,0.0005093342813459606
2020-06-28,92.385,92.45,92.385,92.43,11935,0.0,,92.417,,72.24090592149373,0.11993291747980095,0.12115468385974626,-0.0012217663799453105
2020-06-29,92.465,92.545,92.45,92.54,6183,0.0,,92.441,,77.66906067432224,0.12574550782053961,0.12207284865190493,0.0036726591686346843
2020-06-30,92.525,92.525,92.44,92.44,2600,0.0,,92.446,,65.18908315492133,0.12088932637446703,0.12183614419641736,-0.0009468178219503298
2020-07-01,92.45,92.45,92.45,92.45,565,0.0,,92.44899999999998,,65.78121044371709,0.11650469046799117,0.12076985345073213,-0.004265162982740961
2020-07-02,92.485,92.495,92.41,92.42,2335,0.0,,92.45599999999999,,62.35453032350504,0.10934858324249319,0.11848559940908435,-0.009137016166591155
2020-07-03,92.445,92.445,92.41,92.41,892,0.0,,92.45199999999998,,61.20992184651624,0.10169808802886848,0.11512809713304119,-0.013430009104172705
2020-07-04,92.38,92.4,92.38,92.4,365,0.0,,92.42399999999999,,60.02335048294639,0.09374743692954723,0.11085196509234241,-0.017104528162795174
2020-07-05,92.43,92.43,92.37,92.39,3047,0.0,,92.414,,58.79590060124409,0.08565222667306216,0.10581201740848636,-0.020159790735424205
2020-07-06,92.4,92.41,92.345,92.39,1385,0.0,,92.40200000000002,,58.79590060124409,0.07833373172368852,0.10031636027152681,-0.021982628547838293
2020-07-07,92.4,92.485,92.4,92.41,12818,0.0,,92.4,,60.66183755712536,0.07330261765538637,0.09491361174829872,-0.021610994092912353
2020-07-08,92.4,92.4,92.35,92.375,3900,0.0,,92.393,,55.89174363323029,0.0657334813607946,0.0890775856707979,-0.023344104310003305
2020-07-09,92.38,92.44,92.34,92.35,10571,0.0,,92.38300000000001,,52.70380476285797,0.057059844875169574,0.08267403751167224,-0.025614192636502664
2020-07-10,92.41,92.465,92.4,92.45,809,0.0,,92.39500000000002,,62.0324672012191,0.057591214068764884,0.07765747282309077,-0.020066258754325883
2020-07-11,92.47,92.47,92.435,92.435,1505,0.0,,92.40400000000002,,60.117035495443496,0.05615463763560058,0.07335690578559273,-0.01720226814999215
2020-07-12,92.43,92.43,92.41,92.41,596,0.0,,92.40400000000002,,56.960195835106944,0.05239487390437603,0.06916449940934939,-0.016769625504973365
2020-07-13,92.45,92.46,92.43,92.43,1194,0.0,,92.415,,58.823070338091895,0.050447539084700566,0.06542110734441962,-0.014973568259719058
2020-07-14,92.45,92.46,92.43,92.445,4903,0.0,,92.434,,60.213951628110756,0.049543529877439596,0.062245591851023616,-0.01270206197358402
2020-07-15,92.445,92.46,92.43,92.44,3544,0.0,,92.43199999999999,,59.4925746184674,0.047871801525559476,0.05937083378593079,-0.011499032260371314
2020-07-16,92.44,92.44,92.35,92.35,1260,0.0,,92.41499999999998,,48.28032953981418,0.03883700807010371,0.05526406864276538,-0.016427060572661675
2020-07-17,92.355,92.355,92.32,92.335,1508,0.0,,92.39999999999998,,46.700589542572956,0.030119298005914175,0.05023511451539514,-0.020115816509480966
2020-07-18,92.33,92.38,92.305,92.355,2044,0.0,,92.38499999999998,,49.092371968784,0.024541385015368178,0.04509636861538975,-0.020554983600021573
2020-07-19,92.36,92.4,92.36,92.38,1487,0.0,,92.37199999999997,,51.99241108980585,0.021885853355954055,0.040454265563502616,-0.01856841220754856
2020-07-20,92.42,92.42,92.36,92.4,2492,0.0,,92.36399999999998,,54.23834704534657,0.021151338769726635,0.03659368020474742,-0.015442341435020782
2020-07-21,92.37,92.38,92.36,92.37,1423,0.0,,92.36799999999997,,50.42742383797456,0.017941661087988336,0.0328632763813956,-0.014921615293407263
2020-07-22,92.39,92.42,92.35,92.41,1666,0.0,,92.38299999999995,,54.9704456385371,0.018413376168240347,0.02997329633876455,-0.011559920170524204
2020-07-23,92.43,92.495,92.38,92.495,2113,0.0,,92.41099999999997,,62.7769841597224,0.02535374124629186,0.029049385320270016,-0.003695644073978155
2020-07-24,92.49,92.49,92.43,92.45,5093,0.0,,92.42499999999998,,57.13015638220885,0.02691267409949205,0.028622043076114424,-0.0017093689766223726
2020-07-25,92.49,92.52,92.475,92.5,1625,0.0,,92.44499999999998,,61.29599269394063,0.03181596708591883,0.029260827878075307,0.0025551392078435216
2020-07-26,92.55,92.6,92.53,92.58,2311,0.0,,92.487,,66.84706572030768,0.0416767696583662,0.03174401623413349,0.009932753424232707
2020-07-27,92.6,92.69,92.6,92.69,2692,0.0,,92.543,92.00850000000001,72.65460979158097,0.05770244951247605,0.036935702889802004,0.020766746622674047
