Date,Open,High,Low,Close,Volume,OpenInterest,Entry,5 day sma,200 day sma,rsi,macd,signal,histogram
2020-03-31,205.99,205.99,205.99,205.99,241,0.0,,,,,,,
2020-04-01,205.585,205.63,205.585,205.63,300,0.0,,,,,,,
2020-04-02,205.755,205.755,205.755,205.755,205,0.0,,,,,,,
2020-04-03,205.89,205.89,205.825,205.825,250,0.0,,,,,,,
2020-04-04,205.79,205.79,205.785,205.785,228,0.0,,205.79700000000003,,,,,
2020-04-05,205.97,205.97,205.97,205.97,100,0.0,,205.79300000000003,,,,,
2020-04-06,205.43,205.43,205.43,205.43,100,0.0,,205.75300000000007,,,,,
2020-04-07,205.845,205.845,205.845,205.845,120,0.0,,205.7710000000001,,,,,
2020-04-08,205.855,205.855,205.845,205.845,209,0.0,,205.7750000000001,,,,,
2020-04-09,205.81,205.81,205.81,205.81,170,0.0,,205.78000000000006,,,,,
2020-04-10,206.0,206.0,206.0,206.0,100,0.0,,205.78600000000006,,,,,
2020-04-11,205.62,205.62,205.62,205.62,100,0.0,,205.824,,,,,
2020-04-12,205.57,205.57,205.57,205.57,100,0.0,,205.769,,,,,
2020-04-13,205.63,205.63,205.63,205.63,112,0.0,,205.72599999999997,,,,,
2020-04-14,205.68,205.68,205.68,205.68,100,0.0,,205.7,,43.79999999999996,,,
2020-04-15,205.2,205.2,205.2,205.2,100,0.0,,205.54000000000002,,36.29525752167234,,,
2020-04-16,204.95,204.95,204.95,204.95,100,0.0,,205.40600000000003,,33.112944207851456,,,
2020-04-17,205.5,205.5,205.5,205.5,200,0.0,,205.39200000000005,,44.61756842078866,,,
2020-04-18,205.49,205.49,205.49,205.49,100,0.0,,205.36400000000003,,44.46780764885623,,,
2020-04-19,205.42,205.42,205.42,205.42,127,0.0,,205.31200000000004,,43.37039916264678,,,
2020-04-20,205.71,205.71,205.71,205.71,100,0.0,,205.41400000000004,,48.987169408034156,,,
2020-04-21,205.745,205.745,205.745,205.745,115,0.0,,205.573,,49.63642314080133,,,
2020-04-22,205.63,205.63,205.63,205.63,200,0.0,,205.599,,47.497381777378784,,,
2020-04-23,205.755,205.755,205.755,205.755,110,0.0,,205.652,,50.018674830020146,,,
2020-04-24,206.195,206.3,206.195,206.3,304,0.0,,205.82799999999997,,59.21499457327016,,,
2020-04-25,206.39,206.39,206.39,206.39,209,0.0,,205.96399999999994,,60.50726728209612,0.10803638082268208,,
2020-04-26,206.41,206.41,206.41,206.41,100,0.0,,206.09699999999992,,60.804476508329365,0.1472098326444211,,
2020-04-27,206.82,206.82,206.82,206.82,100,0.0,,206.33499999999995,,66.38876797064475,0.2089302312780319,,
2020-04-28,206.895,207.04,206.895,207.04,200,0.0,,206.59199999999993,,68.94546978392042,0.27245555520718767,,
2020-04-29,206.68099999999998,206.68099999999998,206.68099999999998,206.68099999999998,300,0.0,,206.66819999999993,,60.815872369117635,0.29048302489292155,,
2020-04-30,206.72,206.72,206.72,206.72,111,0.0,,206.73419999999996,,61.34905774843409,0.30440787407809466,,
2020-05-01,206.24,206.24,206.24,206.24,100,0.0,,206.70019999999994,,51.975068818046864,0.273558022310624,,
2020-05-02,206.325,206.325,206.325,206.325,100,0.0,,206.60119999999998,,53.334857760131186,0.2530510669678847,,
2020-05-03,206.42,206.42,206.42,206.42,200,0.0,,206.47719999999998,,54.87277424618703,0.24167893879942426,0.23331232522236356,0.0083666135770607
2020-05-04,206.435,206.435,206.435,206.435,100,0.0,,206.42799999999997,,55.124254662418075,0.23121155702872898,0.23289217158363668,-0.0016806145549077
2020-05-05,206.29,206.29,206.29,206.29,100,0.0,,206.34199999999996,,52.10166913821471,0.20880877578923673,0.22807549242475672,-0.019266716635519987
2020-05-06,206.265,206.265,206.265,206.265,100,0.0,,206.34699999999998,,51.57656556089902,0.1868828500228119,0.21983696394436777,-0.032954113921555866
2020-05-07,206.065,206.065,206.065,206.065,100,0.0,,206.295,,47.45597981998907,0.15162028311152653,0.20619362777779954,-0.054573344666273005
2020-05-08,206.13,206.13,206.13,206.13,100,0.0,,206.237,,48.88527077295418,0.12745023458433025,0.19044494913910567,-0.06299471455477543
2020-05-09,206.125,206.125,206.125,206.125,104,0.0,,206.175,,48.77536027792607,0.10666230215323935,0.17368841974193241,-0.06702611758869306
2020-05-10,206.155,206.155,206.155,206.155,100,0.0,,206.148,,49.50888046913678,0.09155309808721768,0.15726135541098948,-0.06570825732377181
2020-05-11,206.16,206.16,206.16,206.16,115,0.0,,206.12700000000004,,49.63831996203823,0.07907092284364126,0.14162326889751983,-0.06255234605387858
2020-05-12,205.96,205.96,205.96,205.96,101,0.0,,206.10600000000005,,44.70179395199427,0.05243593172295391,0.12378580146260665,-0.07134986973965274
2020-05-13,205.76,205.76,205.76,205.76,100,0.0,,206.03200000000007,,40.37738077258448,0.015016084756894088,0.10203185812146413,-0.08701577336457005
2020-05-14,206.005,206.005,206.005,206.005,100,0.0,,206.0080000000001,,47.12531436889915,0.005071576908790121,0.08263980187892934,-0.07756822497013922
2020-05-15,206.03,206.03,206.03,206.03,100,0.0,,205.9830000000001,,47.77484272224137,-0.0007831979227432839,0.06595520191859482,-0.0667383998413381
2020-05-16,205.56,205.56,205.56,205.56,113,0.0,,205.86300000000006,,38.25936484321012,-0.04285422438135811,0.04419331665860424,-0.08704754103996235
2020-05-17,206.07,206.07,206.07,206.07,100,0.0,,205.88500000000005,,49.91630793238613,-0.03464372688446815,0.028425907949989757,-0.0630696348344579
2020-05-18,205.95,206.025,205.87,205.87,308,0.0,,205.907,,46.23007571207174,-0.043770616573425514,0.013986603045306703,-0.05775721961873222
2020-05-19,206.03,206.03,206.03,206.03,195,0.0,,205.91199999999998,,49.44644987899103,-0.03765897041438393,0.003657488353368576,-0.04131645876775251
2020-05-20,206.07,206.07,206.07,206.07,125,0.0,,205.92,,50.247694347439015,-0.0292505984046727,-0.0029241289982396795,-0.02632646940643302
2020-05-21,205.95,205.95,205.95,205.95,108,0.0,,205.998,,47.800053427794914,-0.03190215197653856,-0.008719733593899458,-0.023182418382639104
2020-05-22,205.995,205.995,205.91,205.91,200,0.0,,205.96600000000004,,46.978577470466355,-0.036806905892063924,-0.014337168053532351,-0.022469737838531574
2020-05-23,206.06,206.06,205.93,205.93,300,0.0,,205.97800000000007,,47.46472953600109,-0.03863476829434376,-0.019196688101694635,-0.019438080192649122
2020-05-24,205.95,205.95,205.91,205.91,303,0.0,,205.9540000000001,,47.000632128677815,-0.04122201355775701,-0.02360175319290711,-0.0176202603648499
2020-05-25,205.94,205.94,205.94,205.94,100,0.0,,205.9280000000001,,47.82472997566235,-0.04038612863809021,-0.02695862828194373,-0.013427500356146482
2020-05-26,205.975,205.975,205.975,205.975,100,0.0,,205.93300000000008,,48.82450349067345,-0.03647896947157392,-0.02886269651986977,-0.00761627295170415
2020-05-27,205.98,205.98,205.98,205.98,100,0.0,,205.94700000000006,,48.974924059071924,-0.032603229731705596,-0.029610803162236934,-0.0029924265694686626
2020-05-28,206.005,206.005,206.005,206.005,221,0.0,,205.96200000000005,,49.76991784984676,-0.027200832730642333,-0.029128809075918013,0.001927976345275681
2020-05-29,206.0,206.0,206.0,206.0,200,0.0,,205.98000000000002,,49.60345906546682,-0.023057064906623737,-0.02791446024205916,0.004857395335435423
2020-05-30,205.99,206.0,205.99,206.0,287,0.0,,205.99200000000002,,49.60345906546682,-0.01954776458975971,-0.02624112111159927,0.006693356521839562
2020-05-31,206.105,206.105,206.105,206.105,100,0.0,,206.01800000000003,,53.39940419157965,-0.008199477850439507,-0.02263279245936732,0.014433314608927814
2020-06-01,206.02,206.02,205.98,205.98,385,0.0,,206.01800000000003,,48.69693240619564,-0.009186438634770866,-0.019943521694448033,0.010757083059677167
2020-06-02,206.06,206.06,206.06,206.06,138,0.0,,206.029,,51.632601963477896,-0.003473243367352552,-0.016649466029028937,0.013176222661676385
2020-06-03,206.135,206.155,206.135,206.155,304,0.0,,206.06,,54.93069567534941,0.008620835470281918,-0.011595405729166768,0.020216241199448686
2020-06-04,206.11,206.11,206.11,206.11,180,0.0,,206.08199999999997,,53.08419654659916,0.01440826663400685,-0.006394671256532045,0.020802937890538893
2020-06-05,205.95,205.95,205.9,205.9,400,0.0,,206.041,,45.41235693463226,0.0020262452764256977,-0.004710487949940497,0.006736733226366195
2020-06-06,205.73,205.73,205.72,205.72,400,0.0,,205.98899999999998,,40.06719247154431,-0.0220568340809848,-0.008179757176149358,-0.013877076904835441
2020-06-07,205.8,205.8,205.8,205.8,125,0.0,,205.93699999999998,,43.26352214523948,-0.03429221723470732,-0.013402249187860952,-0.02088996804684637
2020-06-08,205.92,205.92,205.82,205.88,370,0.0,,205.882,,46.34515282867927,-0.03710578275703824,-0.01814295590169641,-0.01896282685534183
2020-06-09,205.86,205.86,205.73,205.73,326,0.0,,205.80600000000004,,41.76465129291292,-0.05085309725163256,-0.02468498417168364,-0.026168113079948922
2020-06-10,205.8,205.8,205.8,205.8,585,0.0,,205.786,,44.52036305070586,-0.05546021718612337,-0.03084003077457159,-0.024620186411551784
2020-06-11,205.61,205.61,205.595,205.595,208,0.0,,205.76100000000002,,38.73893308749085,-0.0747910351726091,-0.03963023165417909,-0.03516080351843001
2020-06-12,205.485,205.485,205.485,205.485,170,0.0,,205.698,,36.03483398072231,-0.09785887222554379,-0.051275959768452034,-0.04658291245709176
2020-06-13,205.66,205.66,205.53,205.54,525,0.0,,205.63000000000002,,38.351956175712964,-0.11042929872314744,-0.06310662755939112,-0.047322671163756325
2020-06-14,204.87,204.98,204.87,204.98,300,0.0,,205.48000000000002,,27.44904155222858,-0.16369183459764258,-0.08322366896704142,-0.08046816563060116
2020-06-15,205.18,205.18,205.18,205.18,100,0.0,,205.35600000000005,,34.59992930054305,-0.18760189165490715,-0.10409931350461457,-0.08350257815029258
2020-06-16,204.395,204.395,204.395,204.395,100,0.0,,205.11600000000004,,24.42426692846317,-0.26681801166665764,-0.13664305313702318,-0.13017495852963445
2020-06-17,204.385,204.385,204.385,204.385,100,0.0,,204.89600000000002,,24.326120307031843,-0.3266389830529022,-0.174642239120199,-0.15199674393270318
2020-06-18,204.445,204.445,204.445,204.445,100,0.0,,204.677,,26.241271957359487,-0.36499855911841905,-0.21271350311984302,-0.15228505599857603
2020-06-19,204.69,204.69,204.69,204.69,101,0.0,,204.619,,33.62783900360748,-0.3713486707467837,-0.2444405366452312,-0.1269081341015525
2020-06-20,204.865,204.865,204.865,204.865,100,0.0,,204.55599999999998,,38.37508976453679,-0.35813182178608827,-0.26717879367340264,-0.09095302811268563
2020-06-21,202.51,202.62,202.48,202.48,315,0.0,,204.173,,18.721721029111933,-0.5339518766255935,-0.32053341026384086,-0.21341846636175266
2020-06-22,202.52,202.54,202.52,202.54,201,0.0,,203.804,,19.834029394852678,-0.6608313853844834,-0.38859300528796936,-0.272238380096514
2020-06-23,202.795,202.795,202.795,202.795,119,0.0,,203.47400000000002,,24.55933422766465,-0.7323656855758145,-0.4573475413455384,-0.2750181442302761
2020-06-24,202.8,202.8,202.8,202.8,101,0.0,,203.096,,24.653116246544997,-0.7796661693658677,-0.5218112669496043,-0.2578549024162634
2020-06-25,202.73,203.07,202.73,203.07,301,0.0,,202.737,,29.732892515125272,-0.7863014068724397,-0.5747092949341714,-0.2115921119382682
2020-06-26,202.86,202.86,202.86,202.86,100,0.0,,202.81300000000002,,28.14361622767312,-0.7992913917351814,-0.6196257142943734,-0.17966567744080797
2020-06-27,202.91,203.02,202.91,203.02,352,0.0,,202.90900000000002,,31.162675212360412,-0.7875964637303525,-0.6532198641815692,-0.13437659954878334
2020-06-28,203.73,203.73,203.73,203.73,100,0.0,,203.09600000000003,,42.673020464031005,-0.712820135934777,-0.6651399185322108,-0.04768021740256623
2020-06-29,203.75,203.75,203.75,203.75,116,0.0,,203.286,,42.96234307342421,-0.6445159459418335,-0.6610151240141354,0.016499178072301945
2020-06-30,203.785,203.785,203.575,203.575,200,0.0,,203.38700000000003,,41.011931467335565,-0.5976164700676918,-0.6483353932248467,0.05071892315715487
2020-07-01,204.1,204.1,204.1,204.1,200,0.0,,203.63500000000002,,48.557111366220575,-0.5121810804789106,-0.6211045306756595,0.10892345019674887
2020-07-02,204.91,204.91,204.91,204.91,205,0.0,,204.013,,57.573849380409975,-0.3747923156389561,-0.5718420876683189,0.1970497720293628
2020-07-03,205.01,205.01,205.01,205.01,100,0.0,,204.269,,58.5400178910246,-0.2549031999878082,-0.5084543101322168,0.25355111014440856
2020-07-04,205.0,205.0,205.0,205.0,100,0.0,,204.519,,58.396801411875536,-0.15886582219860657,-0.43853661254549475,0.2796707903468882
2020-07-05,204.61,204.61,204.61,204.61,100,0.0,,204.72599999999997,,52.95552588509403,-0.11292353678314271,-0.3734139973930244,0.2604904606098817
2020-07-06,204.95,204.95,204.95,204.95,100,0.0,,204.89600000000002,,56.73993290694325,-0.04851948368801118,-0.3084350946520218,0.2599156109640106
2020-07-07,205.255,205.255,205.255,205.255,100,0.0,,204.965,,59.859388525056104,0.0268229451892239,-0.24138348668377266,0.26820643187299653
2020-07-08,204.81,204.81,204.81,204.81,100,0.0,,204.925,,53.76744489421811,0.05004766359513724,-0.1830972566279907,0.23314492022312794
2020-07-09,205.015,205.015,205.015,205.015,100,0.0,,204.92799999999997,,55.989517587728436,0.08402660065283385,-0.1296724851718258,0.21369908582465966
2020-07-10,204.88,204.88,204.88,204.88,100,0.0,,204.98199999999997,,54.143970798632374,0.09892147611793689,-0.08395369291387328,0.18287516903181017
2020-07-11,204.76,204.76,204.69,204.69,302,0.0,,204.92999999999998,,51.567648580242576,0.09430724491690512,-0.048301505347717606,0.14260875026462272
2020-07-12,204.465,204.48,204.465,204.48,400,0.0,,204.77499999999998,,48.80356000252501,0.07286524332158706,-0.024068155613856675,0.09693339893544373
2020-07-13,204.38,204.38,204.38,204.38,202,0.0,,204.689,,47.49794586373043,0.04725837320191317,-0.009802849850702705,0.05706122305261588
2020-07-14,203.95,204.0,203.95,203.95,774,0.0,,204.476,,42.26230701983148,-0.007644540689000223,-0.009371188018362208,0.0017266473293619852
2020-07-15,204.725,204.725,204.725,204.725,200,0.0,,204.445,,52.438171718989835,0.011250834931388454,-0.005246783428412076,0.016497618359800528
2020-07-16,204.595,204.595,204.595,204.595,200,0.0,,204.426,,50.820186735156305,0.015556319136152297,-0.001086162915499202,0.0166424820516515
2020-07-17,204.52,204.52,204.435,204.435,400,0.0,,204.41699999999997,,48.82346804054886,0.005988748993047466,0.00032881946621013175,0.005659929526837334
2020-07-18,204.62,204.64,204.62,204.64,400,0.0,,204.469,,51.45520144294712,0.014777817980728969,0.0032186191691138994,0.01155919881161507
2020-07-19,204.72,204.72,204.72,204.72,220,0.0,,204.62299999999996,,52.48214986839161,0.02787719889150253,0.008150335113591626,0.019726863777910907
2020-07-20,204.71,204.71,204.71,204.71,200,0.0,,204.61999999999995,,52.33311865322123,0.03702483693965064,0.013925235478803429,0.023099601460847212
2020-07-21,204.88,204.88,204.88,204.88,392,0.0,,204.67699999999996,,54.68873942290801,0.057331107923943136,0.02260640996783137,0.034724697956111765
2020-07-22,204.88,204.88,204.88,204.88,338,0.0,,204.766,,54.68873942290801,0.07258723353359642,0.03260257468098438,0.039984658852612036
2020-07-23,204.89,204.89,204.89,204.89,200,0.0,,204.81599999999997,,54.840988094633616,0.08451055435557464,0.042984170615902435,0.041526383739672205
2020-07-24,204.78,204.78,204.635,204.715,600,0.0,,204.81499999999997,,51.57503720607756,0.07892899027757494,0.050173134548236936,0.028755855729338003
2020-07-25,204.635,204.635,204.635,204.635,200,0.0,,204.79999999999995,,50.1060067721728,0.06727472793411948,0.05359345322541345,0.013681274708706032
2020-07-26,204.275,204.275,204.275,204.275,202,0.0,,204.67899999999997,,44.028538381089355,0.028659283329574237,0.04860661924624561,-0.019947335916671374
2020-07-27,204.21,204.27,204.21,204.27,602,0.0,,204.557,,43.94880646735262,-0.0023204443045017342,0.038421206536096146,-0.04074165084059788
2020-07-28,203.98,203.98,203.98,203.98,200,0.0,,204.37499999999997,205.32934166666666,39.48280745496898,-0.049699770008658106,0.020797011227145296,-0.0704967812358034
