Date,Open,High,Low,Close,Volume,OpenInterest,Entry,5 day sma,200 day sma,rsi,macd,signal,histogram
2020-03-30,230.3,230.3,230.3,230.3,100,0.0,,,,,,,
2020-03-31,230.34,230.34,230.34,230.34,100,0.0,,,,,,,
2020-04-01,230.42,230.42,230.42,230.42,100,0.0,,,,,,,
2020-04-02,230.32,230.32,230.32,230.32,100,0.0,,,,,,,
2020-04-03,230.31,230.31,230.31,230.31,100,0.0,,230.33799999999997,,,,,
2020-04-04,230.33,230.33,230.33,230.33,100,0.0,,230.34399999999997,,,,,
2020-04-05,230.35,230.35,230.35,230.35,100,0.0,,230.34599999999995,,,,,
2020-04-06,230.39,230.39,230.39,230.39,100,0.0,,230.33999999999997,,,,,
2020-04-07,230.4,230.4,230.4,230.4,100,0.0,,230.356,,,,,
2020-04-08,230.3,230.3,230.3,230.3,100,0.0,,230.35399999999998,,,,,
2020-04-09,230.41,230.41,230.41,230.41,100,0.0,,230.37000000000003,,,,,
2020-04-10,230.43,230.44,230.43,230.44,300,0.0,,230.38800000000006,,,,,
2020-04-11,230.35,230.35,230.35,230.35,100,0.0,,230.38000000000002,,,,,
2020-04-12,230.32,230.44,230.32,230.44,300,0.0,,230.388,,,,,
2020-04-13,230.4,230.4,230.4,230.4,100,0.0,,230.40800000000004,,56.41025641025651,,,
2020-04-14,230.38,230.38,230.38,230.38,100,0.0,,230.402,,54.89443378118926,,,
2020-04-15,230.43,230.43,230.43,230.43,100,0.0,,230.4,,57.937491394740555,,,
2020-04-16,230.44,230.44,230.44,230.44,100,0.0,,230.41800000000003,,58.53994634151391,,,
2020-04-17,230.31,230.31,230.31,230.31,100,0.0,,230.392,,48.7621631492443,,,
2020-04-18,230.44,230.44,230.44,230.44,100,0.0,,230.4,,56.573533972182894,,,
2020-04-19,230.3,230.3,230.3,230.3,100,0.0,,230.38400000000001,,48.073651075943474,,,
2020-04-20,230.33,230.33,230.33,230.33,100,0.0,,230.36399999999998,,49.81370486105629,,,
2020-04-21,230.44,230.44,230.44,230.44,100,0.0,,230.36399999999998,,55.67841177844464,,,
2020-04-22,230.44,230.44,230.44,230.44,100,0.0,,230.39000000000001,,55.67841177844464,,,
2020-04-23,230.43,230.44,230.43,230.44,200,0.0,,230.39000000000001,,55.67841177844464,,,
2020-04-24,230.45,230.45,230.39,230.45,400,0.0,,230.42000000000002,,56.25879293779138,0.0241075307084202,,
2020-04-25,230.41,230.41,230.41,230.41,100,0.0,,230.43600000000006,,53.254783522580375,0.022730479085055322,,
2020-04-26,230.43,230.45,230.43,230.45,200,0.0,,230.43800000000005,,55.796639005205904,0.024583438877783692,,
2020-04-27,230.33,230.33,230.33,230.33,100,0.0,,230.41600000000003,,47.459079796149204,0.016182385280870903,,
2020-04-28,230.39,230.39,230.32,230.32,200,0.0,,230.392,,46.83106715827675,0.008618227787195565,,
2020-04-29,230.3,230.3,230.3,230.3,100,0.0,,230.362,,45.53331134177184,0.0009982385510340919,,
2020-04-30,230.44,230.44,230.44,230.44,100,0.0,,230.368,,54.94530645709438,0.006184876744327994,,
2020-05-01,230.15,230.15,227.82,229.01,1185,0.0,,230.07999999999998,,18.941232634169552,-0.10389607483352847,,
2020-05-02,229.61,229.61,229.61,229.61,100,0.0,,229.93599999999998,,37.45890581511713,-0.1410945859007029,-0.0157317204110604,-0.12536286548964248
2020-05-03,228.78,228.78,228.78,228.78,100,0.0,,229.628,,27.947562122177672,-0.23484162920516383,-0.05955370216988109,-0.17528792703528273
2020-05-04,227.78,228.2,227.78,228.09,361,0.0,,229.18599999999998,,22.77116371126445,-0.360656644566717,-0.11977429064924827,-0.2408823539174687
2020-05-05,228.12,228.32,228.12,228.32,300,0.0,,228.76199999999994,,27.585877401220884,-0.43677203672106657,-0.18317383986361194,-0.25359819685745466
2020-05-06,227.84,227.84,227.84,227.84,228,0.0,,228.52799999999993,,24.19566694949033,-0.5297197424063995,-0.25248302037216946,-0.27723672203423005
2020-05-07,227.49,227.49,227.49,227.49,100,0.0,,228.1039999999999,,22.066164256219793,-0.6244255546395152,-0.3268715272256386,-0.2975540274138766
2020-05-08,228.0,228.03,228.0,228.01,500,0.0,,227.9499999999999,,31.686051205383947,-0.6500278228604941,-0.3915027863526097,-0.2585250365078844
2020-05-09,228.025,228.025,228.025,228.025,109,0.0,,227.93699999999995,,31.947005084996633,-0.6614822743400737,-0.4454986839501025,-0.21598359038997117
2020-05-10,227.335,227.335,227.23,227.23,302,0.0,,227.71899999999997,,26.22843661266947,-0.7263371035694774,-0.5016663678739776,-0.2246707356954999
2020-05-11,226.58,226.58,226.58,226.58,128,0.0,,227.46699999999996,,22.657372617180997,-0.8207237976544093,-0.565477853830064,-0.2552459438243453
2020-05-12,226.17,226.17,226.17,226.17,111,0.0,,227.20299999999997,,20.739261754218163,-0.918027061707761,-0.6359876954056034,-0.28203936630215765
2020-05-13,228.05,228.42,228.05,228.42,240,0.0,,227.285,,47.17076341659168,-0.8043127864024768,-0.6696527136049781,-0.1346600727974987
2020-05-14,228.5,228.5,228.07,228.42,800,0.0,,227.36399999999998,,47.17076341659168,-0.7060544477855046,-0.6769330604410835,-0.029121387344421157
2020-05-15,228.42,228.425,228.34,228.425,600,0.0,,227.60299999999998,,47.216128510922644,-0.6206263540225052,-0.6656717191573679,0.04504536513486268
2020-05-16,228.395,228.395,228.395,228.395,100,0.0,,227.96599999999998,,46.9555907204973,-0.5490160087207414,-0.6423405770700426,0.09332456834930114
2020-05-17,228.47,228.47,228.47,228.47,100,0.0,,228.426,,47.732088451425625,-0.4806715386555993,-0.6100067693871539,0.12933523073155462
2020-05-18,228.405,228.405,228.405,228.405,100,0.0,,228.42299999999994,,47.08872807473273,-0.4268327482780023,-0.5733719651653236,0.1465392168873213
2020-05-19,227.585,227.585,227.585,227.585,200,0.0,,228.25599999999994,,39.800562047585785,-0.44520027435504517,-0.547737627003268,0.10253735264822283
2020-05-20,227.925,227.925,227.925,227.925,100,0.0,,228.15599999999995,,43.69209250794938,-0.42739477171619455,-0.5236690559458533,0.09627428422965878
2020-05-21,227.64,227.64,227.64,227.64,100,0.0,,228.00499999999994,,41.2830188866149,-0.43130903863203685,-0.5051970524830901,0.07388801385105326
2020-05-22,227.53,227.53,227.53,227.53,101,0.0,,227.81699999999992,,40.358085841017605,-0.43823549802613115,-0.4918047415916983,0.05356924356556714
2020-05-23,227.26,227.26,227.26,227.26,217,0.0,,227.5879999999999,,38.10157443987591,-0.46020653603545725,-0.4854851004804501,0.02527856444499288
2020-05-24,226.72,226.72,226.72,226.72,101,0.0,,227.4149999999999,,34.00631664326386,-0.515252716401335,-0.4914386236646271,-0.02381409273670787
2020-05-25,224.81,224.81,224.81,224.81,157,0.0,,226.79199999999992,,24.127983931484195,-0.7048729122275859,-0.5341254813772188,-0.17074743085036703
2020-05-26,225.52,225.52,225.52,225.52,100,0.0,,226.36799999999994,,32.0318434249304,-0.7887648273367063,-0.5850533505691163,-0.20371147676758994
2020-05-27,225.0,225.02,225.0,225.02,381,0.0,,225.86599999999993,,29.686467572653015,-0.8853893781790134,-0.6451205560910958,-0.24026882208791767
2020-05-28,224.435,224.435,224.435,224.435,401,0.0,,225.30099999999993,,27.179004176295194,-0.9976691330762719,-0.7156302714881311,-0.28203886158814084
2020-05-29,223.94,223.94,223.94,223.94,100,0.0,,224.74499999999995,,25.23659445266945,-1.1137553326900616,-0.7952552837285173,-0.31850004896154427
2020-05-30,224.045,224.045,224.045,224.045,174,0.0,,224.59199999999996,,26.437564527006487,-1.1836376220434204,-0.8729317513914979,-0.31070587065192246
2020-05-31,224.325,224.325,224.325,224.325,100,0.0,,224.35299999999998,,29.681456567011622,-1.202563773279877,-0.9388581557691739,-0.2637056175107032
2020-06-01,224.34,224.34,224.34,224.34,201,0.0,,224.21699999999996,,29.859897547036255,-1.202490942786767,-0.9915847131726925,-0.21090622961407446
2020-06-02,224.47,224.47,224.34,224.34,206,0.0,,224.19799999999995,,29.859897547036255,-1.1887302813715053,-1.0310138268124551,-0.15771645455905015
2020-06-03,224.385,224.395,224.385,224.395,200,0.0,,224.28899999999993,,30.608705622398062,-1.160014888167268,-1.0568140390834178,-0.1032008490838503
2020-06-04,224.97,224.97,224.97,224.97,126,0.0,,224.47399999999993,,38.054388062043884,-1.078428584224696,-1.0611369481116735,-0.017291636113022424
2020-06-05,224.89,224.89,224.86,224.88,400,0.0,,224.5849999999999,,37.37833800163231,-1.009397393566303,-1.0507890372025994,0.04139164363629644
2020-06-06,225.12,225.12,225.0,225.025,400,0.0,,224.72199999999992,,39.25084952313444,-0.9322430716138115,-1.0270798440848419,0.0948367724710304
2020-06-07,225.015,225.425,225.0,225.425,810,0.0,,224.93899999999994,,44.20712379828929,-0.8292618441967363,-0.9875162441072208,0.1582543999104845
2020-06-08,225.17,225.17,225.17,225.17,106,0.0,,225.09399999999997,,41.86233646599008,-0.7594701492780018,-0.9419070251413771,0.18243687586337531
2020-06-09,225.135,225.135,225.135,225.135,118,0.0,,225.12699999999995,,41.5366831086728,-0.698927138737389,-0.8933110478605796,0.1943839091231906
2020-06-10,225.11,225.11,225.045,225.045,200,0.0,,225.15999999999994,,40.66075851499264,-0.6507076616614995,-0.8447903706207636,0.19408270895926405
2020-06-11,225.085,225.2,225.085,225.2,200,0.0,,225.19499999999994,,42.89427137032279,-0.5931487247882501,-0.7944620414542609,0.20131331666601082
2020-06-12,225.25,225.25,225.25,225.25,102,0.0,,225.15999999999994,,43.631338724593675,-0.5373045580096232,-0.7430305447653334,0.2057259867557102
2020-06-13,225.075,225.075,225.075,225.075,100,0.0,,225.14099999999993,,41.607162472250046,-0.5013889907841076,-0.6947022339690883,0.19331324318498067
2020-06-14,225.0,225.0,225.0,225.0,100,0.0,,225.11399999999995,,40.73494492715181,-0.4735190849432058,-0.6504656041639117,0.17694651922070592
2020-06-15,224.64,224.64,224.64,224.64,100,0.0,,225.0329999999999,,36.75233661326017,-0.4750054084587987,-0.6153735650228891,0.1403681565640904
2020-06-16,225.01,225.01,225.01,225.01,229,0.0,,224.9949999999999,,42.92830597495834,-0.4412410703760372,-0.5805470660935188,0.1393059957174816
2020-06-17,225.005,225.005,225.005,225.005,100,0.0,,224.9459999999999,,42.86738867588059,-0.4101580012755903,-0.5464692531299331,0.13631125185434279
2020-06-18,225.005,225.005,225.005,225.005,101,0.0,,224.93199999999993,,42.8673886758806,-0.3811310041025706,-0.5134016033244606,0.13227059922189
2020-06-19,224.93,224.93,224.93,224.93,100,0.0,,224.91799999999995,,41.834642543920566,-0.3600285874672693,-0.4827270001530224,0.1226984126857531
2020-06-20,225.06,225.06,225.06,225.06,101,0.0,,225.00199999999995,,44.33783044240925,-0.3290220948046567,-0.4519860190833493,0.12296392427869257
2020-06-21,225.18,225.185,225.075,225.08,606,0.0,,225.01599999999993,,44.731901823801756,-0.2993842775356086,-0.4214656707738012,0.12208139323819261
2020-06-22,225.19,225.19,225.19,225.19,101,0.0,,225.05299999999997,,46.95621849403646,-0.263977050016706,-0.3899679466223822,0.1259908966056762
2020-06-23,225.185,225.185,225.185,225.185,110,0.0,,225.08899999999994,,46.86389282573135,-0.23362691962421422,-0.3586997412227486,0.1250728215985344
2020-06-24,225.11,225.255,225.11,225.255,296,0.0,,225.15399999999994,,48.39372768957023,-0.20160186681385994,-0.3272801663409709,0.12567829952711096
2020-06-25,225.375,225.375,225.375,225.375,188,0.0,,225.21699999999996,,50.99828540526855,-0.16464090672812404,-0.29475231441840155,0.13011140769027751
2020-06-26,225.83,225.83,225.83,225.83,100,0.0,,225.36699999999996,,59.37125856774488,-0.09751034362130895,-0.255303920258983,0.15779357663767407
2020-06-27,225.49,225.49,225.49,225.49,110,0.0,,225.42699999999996,,52.19425256859272,-0.07092645123142916,-0.21842842645347227,0.1475019752220431
2020-06-28,225.715,225.715,225.715,225.715,100,0.0,,225.53299999999996,,55.98605447012383,-0.03134161871815877,-0.18101106490640959,0.14966944618825082
2020-06-29,225.35,225.35,225.35,225.35,101,0.0,,225.55199999999996,,49.1723744146193,-0.029087500723818493,-0.1506263520698914,0.1215388513460729
2020-06-30,225.84,225.84,225.84,225.84,111,0.0,,225.64499999999992,,56.77739972858686,0.012098346715902153,-0.11808141231273268,0.13017975902863482
2020-07-01,225.275,225.275,225.275,225.275,111,0.0,,225.53399999999996,,47.88122773400043,-0.0008426371614120853,-0.09463365728246857,0.09379102012105649
2020-07-02,225.355,225.355,225.3,225.32,300,0.0,,225.49999999999994,,48.57237860416915,-0.0073822383511981116,-0.07718337349621449,0.06980113514501637
2020-07-03,225.08,225.08,225.08,225.08,101,0.0,,225.37299999999996,,45.134645697135504,-0.03156702858993299,-0.06806010451495818,0.036493075925025195
2020-07-04,224.865,224.865,224.865,224.865,100,0.0,,225.27599999999998,,42.24982033271901,-0.06730648500385428,-0.06790938061273741,0.0006028956088831305
2020-07-05,224.865,224.865,224.865,224.865,100,0.0,,225.081,,42.24982033271901,-0.09454045814860024,-0.07323559611990998,-0.021304862028690252
2020-07-06,224.96,225.11,224.96,225.11,314,0.0,,225.04799999999994,,46.748053547467926,-0.09525607291274696,-0.07763969147847738,-0.01761638143426958
2020-07-07,225.06,225.06,225.06,225.06,201,0.0,,224.99599999999995,,45.96124509469697,-0.0987198044469153,-0.08185571407216496,-0.01686409037475034
2020-07-08,224.57,224.57,224.57,224.57,100,0.0,,224.89399999999995,,39.0285966338795,-0.13939686129620554,-0.0933639435169731,-0.04603291777923245
2020-07-09,225.0,225.0,225.0,225.0,128,0.0,,224.92099999999996,,46.63563793841875,-0.13537578775878956,-0.1017663123653364,-0.03360947539345316
2020-07-10,225.05,225.05,225.05,225.05,100,0.0,,224.95799999999994,,47.45654583791371,-0.12669402601002844,-0.10675185509427482,-0.01994217091575362
2020-07-11,225.025,225.08,225.025,225.08,300,0.0,,224.95199999999994,,47.97367873372273,-0.11605510696458055,-0.10861250546833598,-0.007442601496244566
2020-07-12,224.7,224.815,224.7,224.815,213,0.0,,224.90299999999996,,43.866653664126446,-0.12753680734817863,-0.11239736584430451,-0.015139441503874113
2020-07-13,224.74,224.75,224.74,224.75,226,0.0,,224.939,,42.896592118763,-0.14026421582710213,-0.11797073584086404,-0.022293479986238096
2020-07-14,224.86,224.86,224.86,224.86,100,0.0,,224.91099999999997,,45.10882734637909,-0.13986245077975923,-0.12234907882864308,-0.017513371951116144
2020-07-15,225.005,225.01,225.005,225.01,623,0.0,,224.90299999999996,,48.06360196778741,-0.12598799154577023,-0.12307686137206852,-0.0029111301737017037
2020-07-16,224.79,224.79,224.79,224.79,101,0.0,,224.84499999999997,,44.29729939763523,-0.1312317856895504,-0.12470784623556491,-0.0065239394539854945
2020-07-17,225.0,225.04,225.0,225.04,600,0.0,,224.88999999999996,,49.17154913530967,-0.11390163254648655,-0.12254660349774925,0.008644970951262695
2020-07-18,225.03,225.04,225.03,225.04,321,0.0,,224.94799999999995,,49.17154913530967,-0.09902585293244215,-0.11784245338468782,0.018816600452245674
2020-07-19,225.24,225.24,225.24,225.24,100,0.0,,225.02399999999997,,52.98832457092375,-0.0702881241415696,-0.10833158753606419,0.03804346339449459
2020-07-20,225.39,225.39,225.39,225.39,100,0.0,,225.09999999999997,,55.676570740151,-0.03500599333230525,-0.09366646869531241,0.058660475363007156
2020-07-21,225.52,225.52,225.52,225.52,100,0.0,,225.24599999999995,,57.92227387719622,0.0034060008155165633,-0.07425197479314662,0.07765797560866318
2020-07-22,226.33,226.33,226.33,226.33,100,0.0,,225.50399999999996,,68.59809589211585,0.09807743781661316,-0.039786092271194666,0.13786353008780783
2020-07-23,225.86,225.86,225.86,225.86,119,0.0,,225.66799999999995,,59.21066928282977,0.13363964700189968,-0.005100944416575798,0.13874059141847547
2020-07-24,225.935,225.935,225.935,225.935,275,0.0,,225.80699999999993,,60.147873180871244,0.16596172374818252,0.029111589216375865,0.13685013453180667
2020-07-25,226.17,226.17,226.17,226.17,100,0.0,,225.9629999999999,,63.01535236889288,0.2081404252018615,0.06491735641347299,0.1432230687883885
2020-07-26,225.95,225.95,225.95,225.95,245,0.0,,226.04899999999992,,58.75328393512259,0.22126458816183003,0.0961868027631444,0.12507778539868564
2020-07-27,225.835,225.835,225.835,225.835,374,0.0,,225.94999999999996,227.0801250000001,56.598332301567524,0.21985172907736228,0.12091978802598799,0.09893194105137429
