Date,Open,High,Low,Close,Volume,OpenInterest,Entry,5 day sma,200 day sma,rsi,macd,signal,histogram
2020-03-31,123.85,124.555,123.85,124.47,3425,0.0,,,,,,,
2020-04-01,124.58,124.82,124.28,124.82,12570,0.0,,,,,,,
2020-04-02,125.0,125.95,125.0,125.95,5889,0.0,,,,,,,
2020-04-03,125.64,126.2,125.64,125.985,3909,0.0,,,,,,,
2020-04-04,125.57,125.95,125.455,125.95,1445,0.0,,125.43500000000002,,,,,
2020-04-05,125.99,125.99,125.455,125.455,525,0.0,,125.63200000000002,,,,,
2020-04-06,125.34,125.34,124.81,124.98,1000,0.0,,125.66400000000003,,,,,
2020-04-07,125.37,125.66,125.26,125.66,483,0.0,,125.60600000000002,,,,,
2020-04-08,125.495,125.685,125.495,125.685,1010,0.0,,125.54600000000002,,,,,
2020-04-09,125.54,125.755,125.54,125.68,2063,0.0,,125.492,,,,,
2020-04-10,125.66,125.755,125.605,125.735,3919,0.0,,125.548,,,,,
2020-04-11,125.85,126.185,125.85,126.185,2205,0.0,,125.78899999999999,,,,,
2020-04-12,126.235,126.475,126.06,126.475,3268,0.0,,125.952,,,,,
2020-04-13,126.695,127.25,126.59,127.18,2886,0.0,,126.25100000000002,,,,,
2020-04-14,127.16,127.42,126.895,127.405,2366,0.0,,126.596,,79.6165489404643,,,
2020-04-15,127.405,127.5,127.07,127.07,3412,0.0,,126.86299999999999,,74.21315389624482,,,
2020-04-16,127.02,127.02,126.75,126.835,1121,0.0,,126.99299999999998,,70.59374751833124,,,
2020-04-17,126.91,126.91,126.8,126.8,300,0.0,,127.05799999999996,,70.04581945461962,,,
2020-04-18,126.73,126.74,126.18,126.35,1002,0.0,,126.89199999999997,,63.248514000324825,,,
2020-04-19,126.3,126.3,125.94,126.12,855,0.0,,126.63499999999996,,60.041463201396574,,,
2020-04-20,126.13,126.13,125.66,125.66,410,0.0,,126.35299999999998,,54.12983766601047,,,
2020-04-21,125.105,125.55,125.05,125.55,538,0.0,,126.09599999999996,,52.79127912092535,,,
2020-04-22,125.4,125.4,125.34,125.34,205,0.0,,125.80399999999997,,50.23718310945471,,,
2020-04-23,125.37,125.37,125.37,125.37,100,0.0,,125.60799999999998,,50.604842826750016,,,
2020-04-24,125.58,125.69,125.46,125.63,800,0.0,,125.50999999999996,,53.79125561977699,,,
2020-04-25,125.3,125.3,125.3,125.3,101,0.0,,125.43799999999996,,49.43256460447061,-0.11536718694338788,,
2020-04-26,125.73,125.85,125.73,125.82,803,0.0,,125.49199999999996,,55.545307121775366,-0.10473651299329845,,
2020-04-27,125.68,125.68,125.53,125.65,602,0.0,,125.55399999999995,,53.277834760310284,-0.10877531245698435,,
2020-04-28,125.37,125.37,125.08,125.1,904,0.0,,125.49999999999996,,46.64367612274521,-0.15457465320537267,,
2020-04-29,125.195,125.195,125.195,125.195,400,0.0,,125.41299999999994,,47.85156277727963,-0.1811174454930864,,
2020-04-30,125.085,125.18,124.91,124.91,811,0.0,,125.33499999999995,,44.59029425101132,-0.22258410673852325,,
2020-05-01,125.2,125.2,125.06,125.06,412,0.0,,125.18299999999995,,46.65114535686673,-0.24056984866311382,,
2020-05-02,125.16,125.16,124.44,124.44,1400,0.0,,124.94099999999996,,40.024787053094926,-0.3013783946306887,,
2020-05-03,124.52,124.635,124.45,124.635,2159,0.0,,124.84799999999996,,42.77777887501744,-0.33003035064936626,-0.19545931241931352,-0.13457103823005273
2020-05-04,124.85,125.17,124.85,125.135,900,0.0,,124.83599999999997,,49.21487145132613,-0.30883139481615274,-0.21813372889868138,-0.09069766591747136
2020-05-05,125.135,125.135,125.09,125.09,300,0.0,,124.87199999999999,,48.684061520798146,-0.29229282378082644,-0.2329655478751104,-0.05932727590571604
2020-05-06,125.26,125.26,125.15,125.15,670,0.0,,124.88999999999996,,49.46666906486709,-0.27121795674425186,-0.2406160296489387,-0.030601927095313175
2020-05-07,125.1,125.12,125.09,125.12,400,0.0,,125.02599999999998,,49.063759787678876,-0.2540086682484315,-0.24329455736883726,-0.01071411087959423
2020-05-08,125.05,125.06,125.05,125.06,370,0.0,,125.11099999999996,,48.21786326401842,-0.24241724656937436,-0.2431190952089447,0.000701848639570346
2020-05-09,125.065,125.385,125.065,125.385,1520,0.0,,125.16099999999997,,52.949757953951156,-0.20464713275735846,-0.23542470271862748,0.030777569961269013
2020-05-10,125.455,125.54,125.41,125.41,426,0.0,,125.22499999999995,,53.303252782185915,-0.17072870019516984,-0.22248550221393598,0.051756802018766146
2020-05-11,125.48,125.48,125.42,125.42,274,0.0,,125.27899999999995,,53.45389587162651,-0.1414110826584647,-0.20627061830284174,0.06485953564437705
2020-05-12,125.54,125.54,125.45,125.45,903,0.0,,125.34499999999996,,53.934014863219026,-0.11443675458660607,-0.18790384555959463,0.07346709097298856
2020-05-13,125.43,125.53,125.43,125.49,1200,0.0,,125.43099999999995,,54.60634735301574,-0.08880801601647192,-0.16808467965097013,0.0792766636344982
2020-05-14,125.65,125.65,125.58,125.58,480,0.0,,125.46999999999996,,56.156850601133335,-0.060536975643685764,-0.14657513884951326,0.0860381632058275
2020-05-15,125.97,126.06,125.92,126.06,2350,0.0,,125.59999999999998,,63.347450862840006,0.0005931782169881217,-0.11714147543621299,0.11773465365320111
2020-05-16,125.98,126.15,125.95,125.95,1460,0.0,,125.70599999999999,,60.88313408147443,0.039705484766329846,-0.08577208339570443,0.12547756816203426
2020-05-17,125.9,125.9,125.69,125.79,628,0.0,,125.77399999999997,,57.38620460041674,0.05713301286318995,-0.05719106414392555,0.1143240770071155
2020-05-18,125.86,125.86,125.86,125.86,105,0.0,,125.84799999999998,,58.50901483217054,0.07572001621130653,-0.03060884807287914,0.10632886428418567
2020-05-19,125.92,126.145,125.92,126.145,270,0.0,,125.96099999999997,,62.80597055923751,0.1121546197893224,-0.0020561545004388337,0.11421077428976123
2020-05-20,125.865,125.865,125.845,125.845,305,0.0,,125.91799999999998,,56.2072389813405,0.11549051011638767,0.021453178422926468,0.0940373316934612
2020-05-21,125.745,125.85,125.745,125.85,602,0.0,,125.89799999999998,,56.289667420300326,0.11718682863340746,0.04059990846502267,0.07658692016838478
2020-05-22,125.85,125.93,125.85,125.92,335,0.0,,125.92399999999998,,57.49586553112048,0.12276443626203104,0.057032814024424346,0.0657316222376067
2020-05-23,125.81,125.81,125.41,125.51,494,0.0,,125.85399999999997,,48.97172777269506,0.09302877914757346,0.06423200704905417,0.028796772098519288
2020-05-24,125.195,125.195,124.97,125.12,512,0.0,,125.64899999999997,,42.514884035997376,0.03756034375423667,0.05889767439009067,-0.021337330635854003
2020-05-25,124.885,124.89,124.885,124.89,275,0.0,,125.45799999999997,,39.22985324025952,-0.024673448576777446,0.04218344979671705,-0.0668568983734945
2020-05-26,124.99,124.99,124.99,124.99,100,0.0,,125.28599999999997,,41.35168446806787,-0.06517373090362355,0.02071201365664893,-0.08588574456027248
2020-05-27,125.195,125.195,125.11,125.11,217,0.0,,125.12399999999998,,43.883751009811775,-0.08658935117790634,-0.0007482593102621227,-0.08584109186764421
2020-05-28,125.07,125.215,125.07,125.215,24116,0.0,,125.06499999999998,,46.07747763933683,-0.09400512944203854,-0.019399633336617407,-0.07460549610542114
2020-05-29,125.165,125.165,125.08,125.08,451,0.0,,125.05699999999999,,43.711458135003824,-0.10951315937045081,-0.03742233854338409,-0.07209082082706672
2020-05-30,125.1,125.115,125.06,125.06,310,0.0,,125.09100000000001,,43.35626675817504,-0.12201075365200609,-0.05434002156510849,-0.0676707320868976
2020-05-31,124.88,124.91,124.88,124.91,300,0.0,,125.075,,40.68598031417554,-0.14237769215007745,-0.07194755568210229,-0.07043013646797516
2020-06-01,124.835,124.88,124.835,124.88,401,0.0,,125.029,,40.15332996261241,-0.15910531983774945,-0.08937910851323172,-0.06972621132451773
2020-06-02,124.88,124.97,124.88,124.945,805,0.0,,124.97499999999998,,41.927299828608454,-0.16521265982281363,-0.1045458187751481,-0.06066684104766554
2020-06-03,124.89,124.94,124.89,124.89,301,0.0,,124.93699999999997,,40.82458789794217,-0.17250231183591325,-0.11813711738730112,-0.054365194448612125
2020-06-04,124.93,125.0,124.93,125.0,447,0.0,,124.92499999999995,,43.997010732381895,-0.16747281057169516,-0.12800425602417995,-0.03946855454751522
2020-06-05,125.025,125.03,124.985,125.03,433,0.0,,124.94899999999996,,44.86514965710833,-0.15923063367725376,-0.13424953155479472,-0.024981102122459048
2020-06-06,124.83,124.83,124.8,124.8,316,0.0,,124.93299999999995,,39.77449164306034,-0.16930607190893454,-0.1412608396256227,-0.02804523228331185
2020-06-07,124.77,124.79,124.76,124.79,300,0.0,,124.90199999999996,,39.564295334784354,-0.17606824064419868,-0.1482223198293379,-0.027845920814860786
2020-06-08,124.67,124.67,124.28,124.38,901,0.0,,124.79999999999995,,32.07898787149671,-0.21206631312175261,-0.16099111848782083,-0.051075194633931786
2020-06-09,124.45,124.635,124.45,124.635,464,0.0,,124.72699999999995,,39.71796361093067,-0.21751134069680234,-0.17229516292961713,-0.0452161777671852
2020-06-10,124.825,124.825,124.825,124.825,201,0.0,,124.68599999999996,,44.70787008253231,-0.2041419310681647,-0.17866451655732665,-0.025477414510838042
2020-06-11,124.8,124.93,124.8,124.93,300,0.0,,124.71199999999999,,47.303863845601576,-0.18296485023583386,-0.1795245832930281,-0.0034402669428057753
2020-06-12,124.965,124.965,124.965,124.965,200,0.0,,124.747,,48.177285413742894,-0.16149602792860662,-0.1759188722201438,0.014422844291537174
2020-06-13,124.88,124.88,124.845,124.845,200,0.0,,124.84,,45.39892493079631,-0.15240796454911276,-0.1712166906859376,0.018808726136824827
2020-06-14,124.885,124.885,124.885,124.885,133,0.0,,124.89000000000001,,46.50634394819424,-0.14035996088087188,-0.16504534472492444,0.024685383844052555
2020-06-15,124.75,124.75,124.75,124.75,100,0.0,,124.875,,43.313398455889065,-0.14009032882306371,-0.1600543415445523,0.019964012721488594
2020-06-16,124.54,124.54,124.43,124.43,740,0.0,,124.775,,36.85434478705258,-0.1638096731786618,-0.1608054078713742,-0.0030042653072875902
2020-06-17,124.42,124.42,124.42,124.42,234,0.0,,124.66599999999998,,36.670311688279725,-0.18132414897658578,-0.16490915609241652,-0.016414992884169255
2020-06-18,124.48,124.48,124.48,124.48,252,0.0,,124.59299999999999,,38.649827461137264,-0.18819361977010374,-0.16956604882795395,-0.018627570942149785
2020-06-19,124.61,124.61,124.61,124.61,202,0.0,,124.53799999999998,,42.820165821359815,-0.18106065677619654,-0.1718649704176025,-0.009195686358594052
2020-06-20,124.92,124.95,124.865,124.95,2400,0.0,,124.578,,52.008558505028105,-0.1462862765755375,-0.1667492316491895,0.020462955073652006
2020-06-21,124.865,124.905,124.865,124.89,1600,0.0,,124.66999999999999,,50.46734043920569,-0.12216063651433728,-0.15783151262221906,0.03567087610788178
2020-06-22,124.8,124.8,124.8,124.8,998,0.0,,124.74599999999998,,48.161824406645025,-0.10904612493915522,-0.1480744350856063,0.039028310146451084
2020-06-23,124.87,124.92,124.845,124.87,3102,0.0,,124.82399999999998,,50.07229156076892,-0.09194448624134566,-0.1368484453167542,0.044903959075408534
2020-06-24,124.79,124.79,124.79,124.79,200,0.0,,124.85999999999997,,47.899598532720596,-0.08387973243262081,-0.12625470273992753,0.04237497030730672
2020-06-25,124.735,124.735,124.645,124.645,400,0.0,,124.79899999999995,,44.1594626399024,-0.08817225030404074,-0.11863821225275017,0.03046596194870943
2020-06-26,124.73,124.73,124.73,124.73,200,0.0,,124.76699999999997,,46.78273662974628,-0.08374989535651878,-0.11166054887350389,0.027910653516985115
2020-06-27,124.83,124.83,124.83,124.83,200,0.0,,124.77299999999998,,49.772269788360525,-0.07135346461009817,-0.10359913202082274,0.03224566741072457
2020-06-28,124.68,124.705,124.68,124.705,1000,0.0,,124.73999999999998,,46.27303173826178,-0.0707995263944099,-0.09703921089554018,0.02623968450113029
2020-06-29,124.69,124.69,124.69,124.69,200,0.0,,124.71999999999998,,45.85640040173261,-0.07075527820383343,-0.09178242435719884,0.021027146153365414
2020-06-30,124.88,124.9,124.88,124.88,1100,0.0,,124.76699999999998,,51.778937354143615,-0.05475758770461425,-0.08437745702668194,0.029619869322067685
2020-07-01,124.9,125.055,124.9,125.055,2876,0.0,,124.83199999999997,,56.49881629343944,-0.027639652553332894,-0.07302989613201213,0.04539024357867924
2020-07-02,125.24,125.24,125.24,125.24,504,0.0,,124.91399999999996,,60.86026100214662,0.008679409488877354,-0.05668803500783424,0.06536744449671159
2020-07-03,125.195,125.195,125.16,125.16,1600,0.0,,125.00499999999995,,58.14539998878212,0.03065383804629107,-0.03921966039700918,0.06987349844330025
2020-07-04,125.17,125.17,125.065,125.07,2020,0.0,,125.08099999999995,,55.16408792006329,0.04034145200952821,-0.0233074379157017,0.0636488899252299
2020-07-05,125.15,125.15,125.15,125.15,400,0.0,,125.13499999999995,,57.261775066682475,0.053853497684329454,-0.007875250795695466,0.06172874848002492
2020-07-06,125.22,125.22,125.22,125.22,892,0.0,,125.16799999999994,,59.06640172150777,0.06941018876648286,0.007581837116740199,0.06182835164974266
2020-07-07,125.19,125.19,125.19,125.19,400,0.0,,125.15799999999994,,57.93728988068711,0.07841431780502717,0.021748333254397595,0.05666598455062957
2020-07-08,125.77,125.77,125.68,125.68,400,0.0,,125.26199999999997,,68.52171033084562,0.12366354348701236,0.04213137530092055,0.08153216818609181
2020-07-09,125.63,125.63,125.395,125.44,800,0.0,,125.33599999999997,,60.49252651156151,0.13856064573373317,0.06141722938748308,0.07714341634625009
2020-07-10,125.49,125.49,125.49,125.49,500,0.0,,125.40399999999997,,61.504562398682175,0.15264172987878055,0.07966212948574258,0.07297960039303797
2020-07-11,125.31,125.525,125.31,125.41,3042,0.0,,125.44199999999996,,58.90458012886338,0.15555264503653632,0.09484023259590134,0.06071241244063498
2020-07-12,125.41,125.41,125.41,125.41,200,0.0,,125.48599999999996,,58.90458012886338,0.1560605968548856,0.1070843054476982,0.0489762914071874
2020-07-13,125.41,125.41,125.385,125.385,1930,0.0,,125.42699999999995,,58.01573067836878,0.15268579446920683,0.11620460325199994,0.03648119121720689
2020-07-14,125.52,125.54,125.52,125.54,3012,0.0,,125.44699999999993,,61.85857210688758,0.1606663818369043,0.12509695896898082,0.03556942286792347
2020-07-15,125.55,125.55,125.55,125.55,364,0.0,,125.45899999999992,,62.09959742955981,0.16588574365675868,0.1332547159065364,0.03263102775022228
2020-07-16,125.49,125.55,125.49,125.55,1046,0.0,,125.48699999999992,,62.09959742955981,0.16808455142265188,0.1402206830097595,0.027863868412892373
2020-07-17,125.75,125.75,125.75,125.75,624,0.0,,125.55499999999992,,66.94473128535267,0.1838461865506531,0.14894578371793823,0.034900402832714866
2020-07-18,125.76,125.76,125.76,125.76,428,0.0,,125.62999999999992,,67.17071547828782,0.19489765354211386,0.15813615768277337,0.03676149585934049
2020-07-19,125.93,125.93,125.93,125.93,220,0.0,,125.70799999999994,,70.82260394848575,0.21489640798223775,0.16948820774266626,0.04540820023957148
2020-07-20,125.97,125.97,125.94,125.95,1060,0.0,,125.78799999999997,,71.22810345996808,0.22971142746685302,0.1815328516875036,0.04817857577934942
2020-07-21,125.94,125.97,125.93,125.95,1124,0.0,,125.86799999999998,,71.22810345996808,0.23870084241957557,0.19296644983391803,0.045734392585657535
2020-07-22,125.95,125.99,125.935,125.99,696,0.0,,125.91599999999998,,72.12663348257804,0.2462144770130834,0.20361605526975113,0.04259842174333228
2020-07-23,125.98,125.98,125.98,125.98,436,0.0,,125.96,,71.52525455404464,0.24849764397934848,0.2125923730116706,0.03590527096767787
2020-07-24,125.95,125.95,125.95,125.95,626,0.0,,125.96399999999998,,69.64907736729481,0.24506140563121903,0.21908617953558032,0.02597522609563871
2020-07-25,126.04,126.04,125.94,125.95,32592,0.0,,125.96399999999998,,69.64907736729481,0.23957647352791867,0.223184238334048,0.016392235193870675
2020-07-26,125.825,125.83,125.66,125.66,1666,0.0,,125.90599999999998,,53.82144646444216,0.20941504269453048,0.2204303992061445,-0.011015356511614005
2020-07-27,125.3,125.39,125.3,125.39,632,0.0,,125.78599999999997,,43.83385700256516,0.16185933429007093,0.20871618622292978,-0.04685685193285885
2020-07-28,125.74,125.74,125.74,125.74,200,0.0,,125.73799999999997,125.3737916666667,55.39028735760131,0.15067626549125634,0.1971082020765951,-0.04643193658533876
