Date,Open,High,Low,Close,Volume,OpenInterest,Entry,5 day sma,200 day sma,rsi,macd,signal,histogram
2020-03-31,29.62,29.64,29.62,29.635,2865,0.0,,,,,,,
2020-04-01,29.63,29.65,29.63,29.65,1747,0.0,,,,,,,
2020-04-02,29.64,29.64,29.61,29.61,2065,0.0,,,,,,,
2020-04-03,29.61,29.62,29.61,29.61,2508,0.0,,,,,,,
2020-04-04,29.62,29.635,29.56,29.57,12395,0.0,,29.615,,,,,
2020-04-05,29.58,29.59,29.57,29.59,1503,0.0,,29.606,,,,,
2020-04-06,29.59,29.61,29.59,29.6,2252,0.0,,29.595999999999997,,,,,
2020-04-07,29.61,29.63,29.61,29.62,1407,0.0,,29.598000000000003,,,,,
2020-04-08,29.62,29.63,29.62,29.63,753,0.0,,29.601999999999997,,,,,
2020-04-09,29.63,29.635,29.62,29.63,6561,0.0,,29.613999999999997,,,,,
2020-04-10,29.63,29.635,29.6,29.6,1764,0.0,,29.615999999999996,,,,,
2020-04-11,29.61,29.61,29.6,29.6,3390,0.0,,29.615999999999996,,,,,
2020-04-12,29.6,29.61,29.59,29.595,2522,0.0,,29.610999999999997,,,,,
2020-04-13,29.6,29.6,29.57,29.58,5223,0.0,,29.601,,,,,
2020-04-14,29.58,29.59,29.57,29.57,3812,0.0,,29.589,,34.883720930231746,,,
2020-04-15,29.57,29.575,29.555,29.57,2394,0.0,,29.583,,34.883720930231746,,,
2020-04-16,29.555,29.56,29.535,29.535,2215,0.0,,29.57,,29.343674036345945,,,
2020-04-17,29.53,29.53,29.515,29.52,1822,0.0,,29.555,,27.339699184495387,,,
2020-04-18,29.52,29.54,29.52,29.54,3180,0.0,,29.547000000000004,,33.82860523597979,,,
2020-04-19,29.53,29.54,29.53,29.54,1640,0.0,,29.541000000000004,,33.82860523597979,,,
2020-04-20,29.54,29.54,29.53,29.53,901,0.0,,29.533000000000005,,32.1630067850583,,,
2020-04-21,29.54,29.56,29.535,29.54,7263,0.0,,29.534000000000002,,35.57886078707823,,,
2020-04-22,29.545,29.55,29.53,29.54,8032,0.0,,29.538,,35.57886078707823,,,
2020-04-23,29.55,29.56,29.55,29.56,2072,0.0,,29.542,,42.316165563544075,,,
2020-04-24,29.56,29.56,29.54,29.55,3618,0.0,,29.544000000000004,,40.060233791899954,,,
2020-04-25,29.54,29.55,29.54,29.54,643,0.0,,29.546000000000003,,37.88516252595806,-0.02683177282627014,,
2020-04-26,29.55,29.555,29.545,29.55,3206,0.0,,29.54800000000001,,41.31647962083619,-0.02502026624638276,,
2020-04-27,29.555,29.555,29.54,29.55,2502,0.0,,29.55000000000001,,41.31647962083619,-0.023315863470156017,,
2020-04-28,29.555,29.555,29.55,29.555,814,0.0,,29.549000000000014,,43.137971423333646,-0.02131593692502065,,
2020-04-29,29.55,29.555,29.53,29.545,4618,0.0,,29.548000000000012,,40.43475651785845,-0.0203038470457777,,
2020-04-30,29.55,29.555,29.54,29.545,2768,0.0,,29.549000000000017,,40.43475651785845,-0.019279516262376006,,
2020-05-01,29.545,29.545,29.53,29.54,2479,0.0,,29.547000000000015,,39.01696079022276,-0.01865612871113953,,
2020-05-02,29.54,29.54,29.51,29.51,4398,0.0,,29.53900000000001,,31.809915107982476,-0.02034827659878502,,
2020-05-03,29.51,29.52,29.495,29.5,3230,0.0,,29.52800000000001,,29.831820652111432,-0.02223986509653031,-0.021923497020270903,-0.00031636807625940594
2020-05-04,29.495,29.505,29.49,29.505,1506,0.0,,29.520000000000003,,32.10521927905644,-0.02306957272186949,-0.022152712160590622,-0.0009168605612788691
2020-05-05,29.5,29.51,29.495,29.5,1436,0.0,,29.511000000000003,,31.022786651039866,-0.023855587838909287,-0.022493287296254355,-0.0013623005426549317
2020-05-06,29.505,29.535,29.505,29.535,2961,0.0,,29.51,,45.001284509712455,-0.021407530305662448,-0.022276135898135974,0.0008686055924735266
2020-05-07,29.54,29.54,29.52,29.52,2006,0.0,,29.512000000000008,,41.152213223919674,-0.020442157249064508,-0.021909340168321682,0.0014671829192571748
2020-05-08,29.52,29.525,29.515,29.525,3451,0.0,,29.517000000000007,,42.90524851691012,-0.01905399138137298,-0.021338270410931944,0.002284279029558963
2020-05-09,29.53,29.535,29.525,29.535,1520,0.0,,29.523000000000007,,46.3476681262398,-0.016951536739941986,-0.020460923676733953,0.0035093869367919667
2020-05-10,29.53,29.54,29.53,29.54,2447,0.0,,29.531000000000006,,48.03474687489725,-0.014712274137799852,-0.019311193768947132,0.00459891963114728
2020-05-11,29.55,29.55,29.53,29.535,2583,0.0,,29.531000000000006,,46.46140264163113,-0.013189065271305367,-0.01808676806941878,0.0048977027981134125
2020-05-12,29.54,29.56,29.54,29.555,7081,0.0,,29.538000000000004,,53.08140199719837,-0.010249923677651651,-0.016519399191065355,0.006269475513413704
2020-05-13,29.56,29.58,29.56,29.58,5589,0.0,,29.549000000000007,,59.77661330907059,-0.005836067173476067,-0.014382732787547498,0.008546665614071431
2020-05-14,29.585,29.595,29.575,29.595,3010,0.0,,29.561000000000007,,63.172315608593266,-0.0011148284061199831,-0.011729151911261995,0.010614323505142012
2020-05-15,29.59,29.605,29.59,29.595,2032,0.0,,29.57200000000001,,63.172315608593266,0.00259685243333152,-0.008863951042343292,0.011460803475674812
2020-05-16,29.6,29.62,29.6,29.6,6009,0.0,,29.585000000000008,,64.33624375223249,0.005874131125970905,-0.005916334608680453,0.011790465734651357
2020-05-17,29.59,29.59,29.58,29.58,2390,0.0,,29.59000000000001,,56.62687175423815,0.006779416356657464,-0.00337718441561287,0.010156600772270334
2020-05-18,29.58,29.59,29.57,29.585,2032,0.0,,29.591000000000008,,57.98243224378503,0.00781028750484225,-0.001139690031521846,0.008949977536364097
2020-05-19,29.585,29.59,29.57,29.57,1855,0.0,,29.586000000000006,,52.664730670951336,0.007332362763335709,0.0005547205274496652,0.006777642235886044
2020-05-20,29.57,29.59,29.57,29.59,1344,0.0,,29.585000000000008,,58.17291596031875,0.0084698022078733,0.0021377368635343923,0.006332065344338908
2020-05-21,29.58,29.585,29.57,29.57,2761,0.0,,29.579000000000008,,51.69471366002373,0.007668994909909799,0.0032439884728094736,0.004425006437100325
2020-05-22,29.565,29.57,29.56,29.56,814,0.0,,29.57500000000001,,48.770268342490034,0.00615646503361944,0.0038264837849714675,0.002329981248647973
2020-05-23,29.57,29.58,29.56,29.57,4022,0.0,,29.57200000000001,,51.71211631962013,0.005698996155800273,0.004200986259137229,0.001498009896663044
2020-05-24,29.57,29.575,29.565,29.565,2726,0.0,,29.57100000000001,,50.161087815100274,0.0048767741443320745,0.004336143836176198,0.0005406303081558761
2020-05-25,29.57,29.575,29.57,29.57,3406,0.0,,29.567000000000007,,51.72054866728754,0.004575867734846639,0.004384088615910287,0.00019177911893635251
2020-05-26,29.575,29.58,29.57,29.58,6264,0.0,,29.569000000000006,,54.768852204603455,0.005085689006786964,0.004524408694085623,0.0005612803127013413
2020-05-27,29.575,29.575,29.575,29.575,1204,0.0,,29.572000000000003,,52.968055842946576,0.00502830465852,0.004625187886972498,0.0004031167715475015
2020-05-28,29.585,29.59,29.58,29.58,6046,0.0,,29.574,,54.57646514591419,0.005324903192967412,0.004765130948171482,0.0005597722447959301
2020-05-29,29.59,29.6,29.58,29.6,8364,0.0,,29.581,,60.40885307737229,0.007092039900093994,0.005230512738555984,0.0018615271615380095
2020-05-30,29.62,29.63,29.62,29.63,8528,0.0,,29.593,,67.21000877994845,0.010788890141860463,0.00634218821921688,0.004446701922643583
2020-05-31,29.64,29.64,29.62,29.63,9346,0.0,,29.602999999999998,,67.21000877994845,0.013562332466410254,0.007786217068655555,0.005776115397754699
2020-06-01,29.65,29.65,29.63,29.63,6736,0.0,,29.613999999999997,,67.21000877994845,0.015580700869222142,0.009345113828768872,0.00623558704045327
2020-06-02,29.64,29.65,29.64,29.65,3004,0.0,,29.627999999999997,,71.31326426026862,0.018579927385736994,0.011192076540162497,0.007387850845574497
2020-06-03,29.65,29.675,29.65,29.66,18960,0.0,,29.639999999999997,,73.12420119648027,0.021515732464077786,0.013256807724945554,0.008258924739132232
2020-06-04,29.66,29.66,29.64,29.65,16026,0.0,,29.644,,68.4693772962473,0.022772950317886398,0.015160036243533723,0.007612914074352675
2020-06-05,29.645,29.65,29.615,29.635,71508,0.0,,29.645,,62.08518389596521,0.02230184806297686,0.01658839860742235,0.00571344945555451
2020-06-06,29.63,29.64,29.63,29.635,24460,0.0,,29.645999999999997,,62.085183895965216,0.02167859874003497,0.017606438633944874,0.004072160106090097
2020-06-07,29.635,29.64,29.63,29.63,16792,0.0,,29.641999999999996,,59.92511960091908,0.020544388031293437,0.01819402851341459,0.0023503595178788472
2020-06-08,29.63,29.64,29.63,29.635,4492,0.0,,29.636999999999993,,61.37242709439936,0.019820497726364295,0.018519322356004533,0.0013011753703597619
2020-06-09,29.635,29.64,29.63,29.63,29852,0.0,,29.632999999999992,,59.0748204958833,0.018628612185736415,0.01854118032195091,8.743186378550385e-05
2020-06-10,29.63,29.635,29.625,29.625,18304,0.0,,29.630999999999993,,56.78540923579763,0.01708364645235605,0.01824967354803194,-0.0011660270956758909
2020-06-11,29.63,29.63,29.62,29.62,57722,0.0,,29.627999999999997,,54.5103884744532,0.015279657385438128,0.017655670315513176,-0.0023760129300750485
2020-06-12,29.615,29.625,29.61,29.625,13488,0.0,,29.627,,56.391873293788414,0.014091008887021417,0.016942738029814827,-0.00285172914279341
2020-06-13,29.625,29.63,29.62,29.625,17424,0.0,,29.625,,56.391873293788414,0.012999150275593507,0.016154020478970563,-0.0031548702033770554
2020-06-14,29.63,29.65,29.625,29.645,31654,0.0,,29.628000000000004,,63.412156893052185,0.013591008625319034,0.015641418108240258,-0.0020504094829212234
2020-06-15,29.65,29.66,29.64,29.64,17758,0.0,,29.631000000000007,,60.77790300571369,0.013500971621539293,0.015213328810900064,-0.0017123571893607713
2020-06-16,29.635,29.645,29.63,29.64,6982,0.0,,29.635,,60.77790300571369,0.013276572583009738,0.014825977565322,-0.0015494049823122618
2020-06-17,29.635,29.64,29.63,29.635,7448,0.0,,29.637,,57.98429877137464,0.01255060099916605,0.014370902252090811,-0.0018203012529247609
2020-06-18,29.635,29.64,29.63,29.635,16920,0.0,,29.639,,57.98429877137464,0.01183879305171942,0.013864480412016534,-0.0020256873602971133
2020-06-19,29.625,29.63,29.61,29.61,35658,0.0,,29.631999999999998,,45.781741636096,0.009151891747574581,0.012921962679128143,-0.003770070931553562
2020-06-20,29.605,29.625,29.6,29.625,27144,0.0,,29.628999999999998,,52.27183719839307,0.008139055777117932,0.011965381298726102,-0.00382632552160817
2020-06-21,29.625,29.63,29.62,29.625,18130,0.0,,29.625999999999998,,52.27183719839307,0.007252770549250442,0.011022859148830971,-0.003770088599580529
2020-06-22,29.625,29.635,29.62,29.62,25654,0.0,,29.623,,49.959904230589714,0.006076874481266259,0.01003366221531803,-0.0039567877340517706
2020-06-23,29.62,29.62,29.615,29.615,1202,0.0,,29.619000000000007,,47.68844314278976,0.0046874758584110054,0.008964424943936625,-0.00427694908552562
2020-06-24,29.615,29.62,29.61,29.615,13228,0.0,,29.620000000000005,,47.68844314278975,0.0035454971555068937,0.007880639386250679,-0.004335142230743785
2020-06-25,29.61,29.615,29.61,29.615,4210,0.0,,29.618000000000006,,47.68844314278975,0.0026103799705516906,0.006826587503110881,-0.004216207532559191
2020-06-26,29.615,29.63,29.615,29.63,10892,0.0,,29.619000000000007,,55.30289138842728,0.003044571578119104,0.006070184318112526,-0.003025612739993422
2020-06-27,29.63,29.65,29.62,29.645,4202,0.0,,29.624000000000006,,61.35996664745991,0.004546635412214783,0.005765474536932978,-0.0012188391247181943
2020-06-28,29.645,29.665,29.645,29.66,22036,0.0,,29.633000000000003,,66.28086751015101,0.006868233739073304,0.005986026377361044,0.0008822073617122603
2020-06-29,29.66,29.66,29.645,29.645,7500,0.0,,29.639000000000003,,58.28689375861136,0.0074122981405828625,0.006271280730005408,0.0011410174105774542
2020-06-30,29.645,29.66,29.645,29.645,4624,0.0,,29.645000000000003,,58.28689375861136,0.007754088789738489,0.006567842341952025,0.0011862464477864643
2020-07-01,29.645,29.665,29.645,29.665,22224,0.0,,29.652000000000005,,64.8436166416399,0.009528949397594744,0.007160063753080569,0.002368885644514175
2020-07-02,29.66,29.66,29.645,29.65,5868,0.0,,29.653000000000002,,57.538625000277186,0.009614336490386677,0.007650918300541791,0.001963418189844886
2020-07-03,29.635,29.64,29.625,29.625,11924,0.0,,29.646000000000004,,47.86102028416941,0.0075773681273041404,0.007636208265894261,-5.884013859012039e-05
2020-07-04,29.63,29.64,29.625,29.635,22328,0.0,,29.644,,51.383411240584586,0.006692821767309454,0.0074475309661773004,-0.0007547091988678468
2020-07-05,29.64,29.64,29.63,29.635,30456,0.0,,29.641999999999996,,51.383411240584586,0.0059235296417625705,0.007142730701294355,-0.0012192010595317845
2020-07-06,29.635,29.645,29.635,29.64,3836,0.0,,29.636999999999993,,53.21618977347561,0.005652163678533384,0.006844617296742161,-0.0011924536182087771
2020-07-07,29.645,29.65,29.645,29.645,18556,0.0,,29.635999999999996,,55.04144069263762,0.005774003295051955,0.00663049449640412,-0.000856491201352165
2020-07-08,29.64,29.65,29.635,29.64,14836,0.0,,29.639,,52.82208353784184,0.005404800677855093,0.006385355732694315,-0.0009805550548392218
2020-07-09,29.635,29.645,29.635,29.645,12500,0.0,,29.641000000000002,,54.785445376037906,0.005452806596821347,0.006198845905519721,-0.0007460393086983746
2020-07-10,29.64,29.65,29.64,29.65,1988,0.0,,29.644000000000005,,56.724920211250726,0.0058271382245393966,0.006124504369323656,-0.00029736614478425953
2020-07-11,29.65,29.66,29.64,29.65,8354,0.0,,29.646000000000004,,56.72492021125073,0.006054011856235775,0.00611040586670608,-5.639401047030559e-05
2020-07-12,29.65,29.66,29.65,29.655,23530,0.0,,29.648000000000003,,58.77574282324326,0.006561630663334483,0.0062006508260317615,0.00036097983730272194
2020-07-13,29.65,29.66,29.64,29.645,18178,0.0,,29.649,,53.33205493900458,0.006086840490393541,0.006177888758904118,-9.104826851057644e-05
2020-07-14,29.645,29.655,29.635,29.65,22870,0.0,,29.65,,55.5488851708341,0.0060443485829289045,0.006151180723709075,-0.00010683214078017079
2020-07-15,29.65,29.65,29.64,29.64,1012,0.0,,29.647999999999996,,50.3930493935798,0.005144454939383536,0.005949835566843968,-0.0008053806274604322
2020-07-16,29.64,29.65,29.64,29.65,3008,0.0,,29.647999999999996,,54.9009639065653,0.005178504592567634,0.0057955693719887015,-0.0006170647794210673
2020-07-17,29.65,29.66,29.645,29.66,7004,0.0,,29.648999999999994,,58.92106521021286,0.0059438881716396,0.005825233131918882,0.00011865503972071766
2020-07-18,29.66,29.67,29.66,29.67,7134,0.0,,29.65399999999999,,62.519092994176525,0.007273531851300419,0.00611489287579519,0.0011586389755052287
2020-07-19,29.67,29.67,29.665,29.665,3200,0.0,,29.65699999999999,,59.70331461502131,0.007833525824231913,0.006458619465482535,0.0013749063587493778
2020-07-20,29.67,29.67,29.66,29.66,6892,0.0,,29.66099999999999,,56.94147049607637,0.007784136192491076,0.006723722810884244,0.0010604133816068317
2020-07-21,29.67,29.67,29.67,29.67,8038,0.0,,29.664999999999992,,60.842917607112305,0.008454453305031251,0.0070698689097136455,0.0013845843953176054
2020-07-22,29.665,29.68,29.665,29.68,10242,0.0,,29.668999999999993,,64.32409541944727,0.00968100428146812,0.00759209598406454,0.0020889082974035796
2020-07-23,29.67,29.67,29.66,29.66,1818,0.0,,29.666999999999994,,53.98657586876686,0.008936210838147218,0.007860918954881075,0.0010752918832661433
2020-07-24,29.67,29.67,29.66,29.67,6040,0.0,,29.668,,57.65127001706414,0.009048566848782968,0.008098448533661455,0.0009501183151215137
2020-07-25,29.67,29.67,29.665,29.665,2602,0.0,,29.669,,55.280550219038815,0.008634617092461383,0.00820568224542144,0.00042893484703994227
2020-07-26,29.66,29.67,29.66,29.67,10316,0.0,,29.668999999999993,,57.17696559871005,0.00861075768687769,0.008286697333712692,0.00032406035316499826
2020-07-27,29.67,29.68,29.67,29.67,3534,0.0,,29.666999999999994,,57.17696559871005,0.008493936127667467,0.008328145092503647,0.00016579103516381997
2020-07-28,29.665,29.67,29.665,29.67,2022,0.0,,29.669,29.60458333333333,57.17696559871005,0.008305612272131668,0.008323638528429253,-1.8026256297584697e-05
