Date,Open,High,Low,Close,Volume,OpenInterest,Entry,5 day sma,200 day sma,rsi,macd,signal,histogram
2020-03-30,125.98,125.98,125.98,125.98,100,0.0,,,,,,,
2020-03-31,125.97,125.97,125.97,125.97,100,0.0,,,,,,,
2020-04-01,125.92,125.92,125.92,125.92,100,0.0,,,,,,,
2020-04-02,125.97,125.97,125.97,125.97,101,0.0,,,,,,,
2020-04-03,126.01,126.01,126.01,126.01,200,0.0,,125.97,,,,,
2020-04-04,126.19,126.19,126.19,126.19,100,0.0,,126.01199999999999,,,,,
2020-04-05,126.15,126.21,126.15,126.21,200,0.0,,126.05999999999999,,,,,
2020-04-06,126.38,126.38,126.38,126.38,100,0.0,,126.152,,,,,
2020-04-07,126.28,126.28,126.28,126.28,100,0.0,,126.21399999999998,,,,,
2020-04-08,126.29,126.29,126.29,126.29,102,0.0,,126.26999999999998,,,,,
2020-04-09,126.26,126.26,126.26,126.26,305,0.0,,126.28399999999996,,,,,
2020-04-10,126.25,126.25,126.25,126.25,100,0.0,,126.29199999999996,,,,,
2020-04-11,126.57,126.57,126.57,126.57,200,0.0,,126.32999999999996,,,,,
2020-04-12,126.56,126.56,126.56,126.56,100,0.0,,126.38599999999997,,,,,
2020-04-13,126.805,126.805,126.805,126.805,100,0.0,,126.48899999999999,,83.1325301204823,,,
2020-04-14,126.56,126.56,126.56,126.56,100,0.0,,126.54899999999998,,68.59546265613051,,,
2020-04-15,126.865,126.865,126.865,126.865,100,0.0,,126.67199999999998,,74.55960606782611,,,
2020-04-16,126.74,126.74,126.74,126.74,100,0.0,,126.70599999999999,,68.7933124017067,,,
2020-04-17,126.81,126.81,126.81,126.81,100,0.0,,126.756,,70.18395612766872,,,
2020-04-18,126.71,126.71,126.71,126.71,100,0.0,,126.737,,65.68103016284238,,,
2020-04-19,126.69,126.69,126.69,126.69,100,0.0,,126.763,,64.78576592153067,,,
2020-04-20,126.75,126.75,126.75,126.75,100,0.0,,126.74000000000001,,66.2710844496392,,,
2020-04-21,126.785,126.785,126.785,126.785,100,0.0,,126.749,,67.1417419879919,,,
2020-04-22,126.64,126.64,126.64,126.64,200,0.0,,126.715,,60.207768755580894,,,
2020-04-23,126.54,126.54,126.54,126.54,200,0.0,,126.681,,55.91869729163882,,,
2020-04-24,126.03,126.03,126.03,126.03,100,0.0,,126.54899999999998,,40.19284070308964,0.11929605579639713,,
2020-04-25,125.845,125.845,125.845,125.845,200,0.0,,126.36799999999998,,36.21430172841325,0.05554943489588027,,
2020-04-26,125.94,125.94,125.94,125.94,100,0.0,,126.199,,39.52476692266901,0.012550806727148256,,
2020-04-27,125.74,125.74,125.74,125.74,100,0.0,,126.019,,35.36361613641665,-0.03723502225663822,,
2020-04-28,125.77,125.77,125.77,125.77,300,0.0,,125.86500000000001,,36.4444857688199,-0.07342352049458611,,
2020-04-29,125.89,125.89,125.89,125.89,100,0.0,,125.83700000000002,,40.715051267615465,-0.09136694765543041,,
2020-04-30,125.855,125.855,125.855,125.855,100,0.0,,125.83900000000001,,39.873485934178525,-0.10717599232381758,,
2020-05-01,125.82,125.82,125.82,125.82,100,0.0,,125.81500000000001,,39.005244437642894,-0.12113263994351087,,
2020-05-02,125.81,125.81,125.81,125.81,100,0.0,,125.829,,38.74564967899874,-0.13148462722453758,-0.041602494719899456,-0.08988213250463811
2020-05-03,125.97,125.97,125.97,125.97,100,0.0,,125.869,,45.0474603337154,-0.12533322549630554,-0.05834864087518068,-0.06698458462112486
2020-05-04,126.0,126.0,126.0,126.0,111,0.0,,125.891,,46.16579723037036,-0.11669228994857406,-0.07001737068985936,-0.0466749192587147
2020-05-05,126.01,126.01,126.01,126.01,100,0.0,,125.922,,46.55622923118589,-0.10779477873656163,-0.07757285229919982,-0.03022192643736181
2020-05-06,125.7,125.7,125.7,125.7,200,0.0,,125.898,,37.481217633367244,-0.12432470837116227,-0.0869232235135923,-0.03740148485756997
2020-05-07,125.81,125.81,125.81,125.81,200,0.0,,125.898,,41.815269391575875,-0.12708377337411036,-0.09495533348569592,-0.03212843988841445
2020-05-08,125.795,125.795,125.795,125.795,100,0.0,,125.86299999999999,,41.393861386930794,-0.1289937670559027,-0.10176302019973728,-0.02723074685616543
2020-05-09,125.82,125.82,125.82,125.82,101,0.0,,125.827,,42.4351207337435,-0.1270258844184866,-0.10681559304348716,-0.020210291374999453
2020-05-10,125.53,125.53,125.515,125.515,300,0.0,,125.728,,34.40410340073093,-0.14836699193142522,-0.11512587282107478,-0.03324111911035044
2020-05-11,125.37,125.37,125.37,125.37,112,0.0,,125.66199999999999,,31.365014145560124,-0.17496339249646553,-0.12709337675615295,-0.04787001574031258
2020-05-12,125.44,125.44,125.44,125.44,100,0.0,,125.58800000000001,,34.37866538186195,-0.18822309786798996,-0.13931932097852034,-0.04890377688946962
2020-05-13,125.51,125.51,125.51,125.51,100,0.0,,125.53100000000002,,37.341530677530514,-0.19088271777025057,-0.1496320003368664,-0.041250717433384154
2020-05-14,125.405,125.405,125.405,125.405,200,0.0,,125.44800000000001,,34.80312499190873,-0.19916723230598166,-0.15953904673068947,-0.039628185575292185
2020-05-15,125.82,125.82,125.82,125.82,100,0.0,,125.50899999999999,,49.43401820586451,-0.17028282366808867,-0.16168780211816933,-0.00859502154991934
2020-05-16,125.81,125.81,125.81,125.81,100,0.0,,125.59700000000001,,49.14780820680425,-0.14650976477894062,-0.1586521946503236,0.012142429871382976
2020-05-17,126.14,126.14,126.14,126.14,100,0.0,,125.737,,57.82555358634463,-0.09988973556630754,-0.14689970283352038,0.04700996726721285
2020-05-18,125.78,125.78,125.78,125.78,100,0.0,,125.79099999999998,,48.16870463701191,-0.09094367580637197,-0.1357084974280907,0.04476482162171874
2020-05-19,125.79,125.79,125.79,125.79,100,0.0,,125.86799999999998,,48.42635198331627,-0.08210053866334022,-0.12498690567514062,0.0428863670118004
2020-05-20,125.76,125.76,125.76,125.76,103,0.0,,125.856,,47.660928039636495,-0.07662969858074575,-0.11531546425626166,0.038685765675515904
2020-05-21,125.64,125.64,125.64,125.64,100,0.0,,125.82199999999997,,44.62269711073121,-0.08104280451513546,-0.10846093230803643,0.027418127792900968
2020-05-22,125.62,125.62,125.62,125.62,101,0.0,,125.71799999999999,,44.1179118475482,-0.08517224301625959,-0.10380319444968106,0.018630951433421472
2020-05-23,125.63,125.63,125.63,125.63,100,0.0,,125.68799999999999,,44.45624207297379,-0.08663921343148218,-0.10037039824604128,0.013731184814559108
2020-05-24,125.5,125.5,125.5,125.5,100,0.0,,125.63,,40.98252148266669,-0.09717157813363997,-0.09973063422356103,0.0025590560899210607
2020-05-25,125.32,125.32,125.32,125.32,131,0.0,,125.542,,36.7058026791657,-0.11867503676771207,-0.10351951473239125,-0.01515552203532082
2020-05-26,125.38,125.38,125.38,125.38,111,0.0,,125.49000000000001,,38.99123154208349,-0.12938372901074047,-0.1086923575880611,-0.020691371422679364
2020-05-27,125.27,125.27,125.27,125.27,100,0.0,,125.42,,36.39651605801398,-0.1450742003805061,-0.11596872614655011,-0.029105474233956
2020-05-28,125.32,125.32,125.32,125.32,100,0.0,,125.35800000000002,,38.403038774904175,-0.15172543350062995,-0.12312006761736609,-0.02860536588326386
2020-05-29,125.3,125.3,125.3,125.3,201,0.0,,125.31800000000001,,37.88815254206639,-0.15680289040669493,-0.12985663217523186,-0.02694625823146307
2020-05-30,125.35,125.35,125.35,125.35,102,0.0,,125.32400000000003,,40.05208866755481,-0.15500542341962387,-0.13488639042411027,-0.020119032995513597
2020-05-31,125.19,125.27,125.09,125.27,800,0.0,,125.30200000000002,,37.783888850178,-0.15821247437369834,-0.1395516072140279,-0.01866086715967044
2020-06-01,125.26,125.26,125.26,125.26,100,0.0,,125.30000000000003,,37.498025003840134,-0.15971985076936335,-0.143585255925095,-0.016134594844268352
2020-06-02,125.15,125.15,125.15,125.15,100,0.0,,125.26600000000003,,34.41369230717231,-0.16785560320734305,-0.1484393253815446,-0.01941627782579844
2020-06-03,125.28,125.28,125.28,125.28,100,0.0,,125.26200000000003,,40.628998761090244,-0.16194651348544653,-0.151140763002325,-0.010805750483121518
2020-06-04,125.14,125.14,125.14,125.14,100,0.0,,125.22000000000003,,36.60582382688595,-0.1666394316408173,-0.1542404967300235,-0.012398934910793802
2020-06-05,125.16,125.16,125.16,125.16,100,0.0,,125.19800000000002,,37.55709112353468,-0.16682175291194312,-0.15675674796640743,-0.010065004945535694
2020-06-06,125.13,125.13,125.13,125.13,100,0.0,,125.17200000000003,,36.66825961025052,-0.16745665700855739,-0.15889672977483743,-0.008559927233719955
2020-06-07,125.13,125.13,125.13,125.13,100,0.0,,125.16800000000003,,36.66825961025052,-0.16604575102147123,-0.1603265340241642,-0.005719216997307042
2020-06-08,125.15,125.2,125.15,125.2,200,0.0,,125.15200000000004,,40.480109350676436,-0.15746403549289312,-0.15975403431791,0.0022899988250168757
2020-06-09,125.25,125.25,125.25,125.25,100,0.0,,125.17400000000005,,43.113876274153306,-0.14495740326401574,-0.15679470810713117,0.011837304843115432
2020-06-10,125.22,125.22,125.22,125.22,100,0.0,,125.18600000000006,,41.915412549228876,-0.1358999859535004,-0.15261576367640503,0.01671577772290464
2020-06-11,125.23,125.245,125.23,125.245,200,0.0,,125.20900000000006,,43.32915706142272,-0.12526069904691894,-0.1471447507505078,0.02188405170358887
2020-06-12,125.22,125.22,125.22,125.22,100,0.0,,125.22700000000006,,42.22243645293438,-0.11749190504266949,-0.14121418160894017,0.023722276566270684
2020-06-13,125.15,125.15,125.15,125.15,100,0.0,,125.21700000000006,,39.20303950435409,-0.11565034956875309,-0.13610141520090274,0.020451065632149656
2020-06-14,125.22,125.22,125.22,125.22,100,0.0,,125.21100000000006,,43.55037043183798,-0.1073055371653453,-0.13034223959379126,0.023036702428445965
2020-06-15,125.26,125.26,125.26,125.26,100,0.0,,125.21900000000005,,45.92965615852762,-0.09635384041435202,-0.12354455975790343,0.02719071934355141
2020-06-16,125.27,125.27,125.27,125.27,100,0.0,,125.22400000000005,,46.53634891364147,-0.08587768096084858,-0.11601118399849247,0.030133503037643894
2020-06-17,125.22,125.22,125.22,125.22,100,0.0,,125.22400000000005,,43.88492179480822,-0.08067980468290159,-0.1089449081353743,0.028265103452472712
2020-06-18,125.24,125.24,125.24,125.24,100,0.0,,125.24200000000005,,45.22917579645417,-0.07409252492458052,-0.10197443149321556,0.02788190656863504
2020-06-19,125.22,125.22,125.22,125.22,100,0.0,,125.24200000000005,,44.09169711922043,-0.06968263309201461,-0.09551607181297536,0.02583343872096075
2020-06-20,125.24,125.24,125.24,125.24,100,0.0,,125.23800000000006,,45.56597623164492,-0.06383804395716197,-0.08918046624181268,0.02534242228465071
2020-06-21,125.25,125.25,125.25,125.25,100,0.0,,125.23400000000007,,46.32806462418415,-0.05773373003148663,-0.08289111899974747,0.025157388968260835
2020-06-22,125.18,125.18,125.18,125.18,100,0.0,,125.22600000000007,,41.90536670435631,-0.05787725923465814,-0.07788834704672962,0.020011087812071476
2020-06-23,125.27,125.27,125.27,125.27,100,0.0,,125.23200000000006,,48.68790174798499,-0.05015065380429462,-0.07234080839824263,0.022190154593948005
2020-06-24,125.26,125.26,125.26,125.26,100,0.0,,125.24000000000005,,48.01710008048396,-0.04432324893657835,-0.06673729650590977,0.02241404756933142
2020-06-25,125.28,125.28,125.28,125.28,100,0.0,,125.24800000000005,,49.51522550566931,-0.03765706849678452,-0.06092125090408473,0.02326418240730021
2020-06-26,125.29,125.29,125.29,125.29,200,0.0,,125.25600000000004,,50.28668841892601,-0.031207416374456898,-0.05497848399815916,0.023771067623702263
2020-06-27,125.25,125.25,125.25,125.25,100,0.0,,125.27000000000002,,47.18094252705996,-0.028989513243018905,-0.04978068984713111,0.020791176604112206
2020-06-28,125.24,125.24,125.24,125.24,100,0.0,,125.26400000000004,,46.40925379216654,-0.027719195823877385,-0.045368391042480374,0.01764919521860299
2020-06-29,125.19,125.195,125.19,125.195,200,0.0,,125.25100000000002,,43.00085912097109,-0.02999778820689869,-0.042294270475364035,0.012296482268465345
2020-06-30,125.2,125.2,125.2,125.2,100,0.0,,125.23500000000004,,43.49740100860616,-0.031042294624299416,-0.04004387530515111,0.009001580680851697
2020-07-01,125.1,125.1,125.1,125.1,100,0.0,,125.19700000000005,,36.62538105334639,-0.03948408974191864,-0.03993191819250462,0.00044782845058598253
2020-07-02,125.22,125.22,125.22,125.22,100,0.0,,125.19100000000006,,47.37060375279354,-0.036075421076333214,-0.039160618769270336,0.003085197692937122
2020-07-03,125.2,125.2,125.2,125.2,100,0.0,,125.18300000000006,,45.971586768177986,-0.03458913740870173,-0.03824632249715662,0.0036571850884548895
2020-07-04,125.23,125.23,125.23,125.23,100,0.0,,125.19000000000005,,48.43179584779849,-0.030637329550472714,-0.03672452390781984,0.006087194357347128
2020-07-05,125.215,125.215,125.215,125.215,100,0.0,,125.19300000000005,,47.27271159327531,-0.028388621632473132,-0.0350573434527505,0.006668721820277369
2020-07-06,125.21,125.21,125.21,125.21,100,0.0,,125.21500000000006,,46.87004717683224,-0.026702156777844266,-0.03338630611776926,0.006684149339924991
2020-07-07,125.21,125.22,125.21,125.22,200,0.0,,125.21500000000006,,47.827222243092486,-0.02427883352390836,-0.03156481159899708,0.0072859780750887185
2020-07-08,125.22,125.22,125.22,125.22,100,0.0,,125.21900000000005,,47.827222243092486,-0.02210353657538633,-0.02967255659427493,0.007569020018888602
2020-07-09,125.17,125.17,125.17,125.17,100,0.0,,125.20700000000004,,43.30332659762951,-0.024135955928230146,-0.028565236461065978,0.004429280532835832
2020-07-10,125.16,125.16,125.16,125.16,100,0.0,,125.19600000000003,,42.43872813493154,-0.02625097444197877,-0.02810238405724854,0.001851409615269771
2020-07-11,125.21,125.21,125.21,125.21,100,0.0,,125.19600000000003,,48.02639757844516,-0.023620279836606528,-0.02720596321312014,0.003585683376513611
2020-07-12,125.23,125.23,125.23,125.23,100,0.0,,125.19800000000002,,50.11250513130846,-0.019694575745930365,-0.025703685719682186,0.006009109973751821
2020-07-13,125.24,125.24,125.24,125.24,100,0.0,,125.20200000000003,,51.16789758856461,-0.01559672125043221,-0.023682292825832195,0.008085571575399984
2020-07-14,127.29,127.375,127.29,127.375,200,0.0,,125.64300000000003,,91.6727404854132,0.15810497923749267,0.012675161586832778,0.1454298176506599
2020-07-15,127.58,127.58,127.58,127.58,100,0.0,,126.12700000000004,,92.33055873837974,0.3087475653264846,0.07188964233476315,0.23685792299172148
2020-07-16,127.46,127.545,127.45,127.545,402,0.0,,126.59400000000002,,91.0086983448895,0.42046186992239143,0.1416040878522888,0.2788577820701026
2020-07-17,127.54,127.54,127.54,127.54,198,0.0,,127.05600000000001,,90.808687213227,0.5027968735810333,0.21384264499803773,0.2889542285829956
2020-07-18,127.63,127.63,127.63,127.63,100,0.0,,127.53400000000002,,91.1842542844473,0.5687539633582617,0.28482490867008253,0.28392905468817914
2020-07-19,127.7,127.7,127.7,127.7,100,0.0,,127.59900000000002,,91.47599293946922,0.6195322648833326,0.3517663799127326,0.2677658849706
2020-07-20,127.845,127.845,127.845,127.845,100,0.0,,127.65200000000002,,92.06199725212377,0.6638225892704099,0.4141776217842681,0.24964496748614184
2020-07-21,127.84,127.84,127.84,127.84,100,0.0,,127.71100000000004,,91.8275653201414,0.6905591956788584,0.4694539365631862,0.2211052591156722
2020-07-22,127.89,127.89,127.89,127.89,100,0.0,,127.78100000000003,,92.04569917247152,0.7076256628572253,0.517088281821994,0.19053738103523132
2020-07-23,127.88,127.88,127.88,127.88,100,0.0,,127.83100000000005,,91.51956051035029,0.7121349956852043,0.5560976245946361,0.15603737109056826
2020-07-24,128.03,128.03,128.02,128.02,200,0.0,,127.89500000000002,,92.19242213287373,0.7187205413973317,0.5886222079551753,0.13009833344215638
2020-07-25,127.86,127.86,127.86,127.86,100,0.0,,127.89800000000002,,83.99052488029386,0.7029260767398995,0.6114829817121201,0.09144309502777936
2020-07-26,127.9,127.9,127.9,127.9,158,0.0,,127.91000000000001,,84.36501575471937,0.6857318257776512,0.6263327505252263,0.05939907525242494
2020-07-27,127.825,127.825,127.825,127.825,100,0.0,,127.89700000000002,125.90962499999998,80.5598904058792,0.6584630328496388,0.6327588069901088,0.025704225859530028
