Date,Open,High,Low,Close,Volume,OpenInterest,Entry,5 day sma,200 day sma,rsi,macd,signal,histogram
2020-03-31,1499.91,1499.91,1496.76,1496.76,684,0.0,,,,,,,
2020-04-01,1499.99,1502.45,1499.99,1502.45,998,0.0,,,,,,,
2020-04-02,1503.95,1505.81,1503.205,1505.08,1269,0.0,,,,,,,
2020-04-03,1502.06,1504.13,1502.06,1503.11,748,0.0,,,,,,,
2020-04-04,1502.16,1502.16,1502.13,1502.13,293,0.0,,1501.906,,,,,
2020-04-05,1500.58,1500.58,1500.58,1500.58,263,0.0,,1502.67,,,,,
2020-04-06,1503.42,1503.42,1502.01,1502.01,566,0.0,,1502.582,,,,,
2020-04-07,1508.93,1508.93,1508.045,1508.045,671,0.0,,1503.1750000000004,,,,,
2020-04-08,1508.525,1509.445,1507.505,1508.655,1300,0.0,,1504.2840000000006,,,,,
2020-04-09,1508.46,1508.46,1506.5,1506.5,1108,0.0,,1505.1580000000004,,,,,
2020-04-10,1508.57,1509.45,1506.44,1506.44,792,0.0,,1506.3300000000004,,,,,
2020-04-11,1507.14,1507.14,1502.82,1503.17,1342,0.0,,1506.5620000000004,,,,,
2020-04-12,1503.0,1503.35,1503.0,1503.35,632,0.0,,1505.6230000000003,,,,,
2020-04-13,1505.99,1511.0,1505.99,1509.43,1535,0.0,,1505.7780000000005,,,,,
2020-04-14,1508.785,1514.36,1508.335,1514.36,861,0.0,,1507.3500000000004,,73.4229438381688,,,
2020-04-15,1515.7,1516.15,1512.65,1516.15,1140,0.0,,1509.2920000000001,,74.7200420667227,,,
2020-04-16,1513.3,1513.725,1513.3,1513.725,492,0.0,,1511.4030000000002,,69.75327288924674,,,
2020-04-17,1512.66,1512.97,1512.66,1512.97,502,0.0,,1513.327,,68.23255588803406,,,
2020-04-18,1511.25,1514.1,1511.25,1514.1,406,0.0,,1514.261,,69.31096420910247,,,
2020-04-19,1524.59,1524.995,1521.52,1523.35,2485,0.0,,1516.0590000000002,,76.37960715149815,,,
2020-04-20,1524.44,1527.32,1524.44,1526.51,1257,0.0,,1518.131,,78.22481262851795,,,
2020-04-21,1524.87,1524.87,1521.3,1521.3,707,0.0,,1519.646,,68.696277355643,,,
2020-04-22,1527.34,1527.34,1525.79,1525.79,448,0.0,,1522.21,,71.87575508137961,,,
2020-04-23,1526.42,1528.35,1526.42,1528.35,593,0.0,,1525.06,,73.52674868251776,,,
2020-04-24,1530.45,1531.98,1529.05,1529.05,930,0.0,,1526.1999999999996,,73.9766023595136,,,
2020-04-25,1530.0,1530.0,1528.96,1528.96,231,0.0,,1526.6899999999998,,73.80295551377687,9.620386312616802,,
2020-04-26,1528.73,1528.73,1519.86,1519.86,458,0.0,,1526.4019999999998,,58.7791656287108,8.76633827591786,,
2020-04-27,1523.01,1523.2,1521.98,1521.98,919,0.0,,1525.6399999999999,,60.78211103402349,8.166427839462358,,
2020-04-28,1524.0,1525.0,1524.0,1525.0,335,0.0,,1524.97,,63.50273441909936,7.8442595164337945,,
2020-04-29,1525.74,1525.74,1525.74,1525.74,517,0.0,,1524.308,,64.15884296641184,7.561486505326457,,
2020-04-30,1521.75,1522.09,1521.625,1522.09,504,0.0,,1522.9339999999997,,58.566304065168815,6.9626018213498355,,
2020-05-01,1516.42,1516.42,1515.53,1516.04,897,0.0,,1522.1699999999998,,50.68058496464981,5.9314232020365125,,
2020-05-02,1517.57,1518.17,1517.57,1517.92,481,0.0,,1521.3580000000002,,52.80704776236831,5.205896668933065,,
2020-05-03,1518.465,1518.465,1514.6,1514.6,520,0.0,,1519.2780000000002,,48.80511207995057,4.3132944373685405,7.152457175493914,-2.8391627381253732
2020-05-04,1512.0,1513.35,1510.05,1513.27,1044,0.0,,1516.7840000000003,,47.25996490730004,3.458710986001506,6.413707937595432,-2.954996951593926
2020-05-05,1514.595,1514.92,1514.595,1514.92,419,0.0,,1515.3500000000004,,49.400241811838775,2.8813739687084308,5.707241143818032,-2.825867175109601
2020-05-06,1513.0,1513.0,1513.0,1513.0,549,0.0,,1514.7420000000004,,47.00958133388425,2.2430458330090914,5.014402081656244,-2.7713562486471526
2020-05-07,1512.82,1512.82,1512.82,1512.82,662,0.0,,1513.7220000000004,,46.781013866184026,1.703010446543658,4.352123754633727,-2.649113308090069
2020-05-08,1515.75,1520.01,1515.75,1520.01,647,0.0,,1514.8040000000005,,55.98664513798385,1.83405952613316,3.848510908933614,-2.0144513828004538
2020-05-09,1521.06,1521.75,1521.06,1521.75,291,0.0,,1516.5000000000005,,57.885215106190145,2.0546357619807623,3.4897358795430438,-1.4351001175622815
2020-05-10,1520.55,1520.56,1520.55,1520.56,287,0.0,,1517.6280000000002,,56.102799154689414,2.1091084736906396,3.213610398372563,-1.1045019246819234
2020-05-11,1523.13,1523.13,1523.13,1523.13,325,0.0,,1519.654,,59.03645892887613,2.3327653449882746,3.0374413876957056,-0.704676042707431
2020-05-12,1518.925,1518.925,1518.0,1518.0,354,0.0,,1520.69,,51.62054876205535,2.0721800977717066,2.844389129710906,-0.7722090319391994
2020-05-13,1514.97,1516.35,1514.55,1516.35,483,0.0,,1519.958,,49.46815779825938,1.7127793474132886,2.618067173251383,-0.9052878258380943
2020-05-14,1516.63,1516.63,1516.63,1516.63,458,0.0,,1518.9340000000004,,49.85030056885357,1.434014892318828,2.3812567170648724,-0.9472418247460443
2020-05-15,1516.01,1516.01,1514.63,1514.63,689,0.0,,1517.7480000000007,,47.1098087760436,1.0397234828592445,2.112950070223747,-1.0732265873645024
2020-05-16,1516.03,1516.99,1516.03,1516.99,260,0.0,,1516.5200000000007,,50.563437742681685,0.9072191195180039,1.8718038800825982,-0.9645847605645943
2020-05-17,1513.02,1513.02,1511.5,1511.5,783,0.0,,1515.2200000000005,,43.45484307011032,0.3551177622616706,1.5684666565184129,-1.2133488942567423
2020-05-18,1506.63,1507.27,1506.63,1507.27,863,0.0,,1513.4040000000005,,38.91522411659703,-0.4189231046741497,1.1709887042799005,-1.5899118089540503
2020-05-19,1511.93,1511.93,1511.85,1511.85,1093,0.0,,1512.4480000000005,,45.548129628509585,-0.6552352015078213,0.8057439231223562,-1.4609791246301775
2020-05-20,1513.09,1515.99,1513.09,1515.99,382,0.0,,1512.7200000000007,,50.75365291913607,-0.5026565286395908,0.5440638327699668,-1.0467203614095575
2020-05-21,1517.55,1519.11,1517.55,1518.81,389,0.0,,1513.0840000000007,,53.98083713471255,-0.1524292888866512,0.4047652084386432,-0.5571944973252945
2020-05-22,1520.0,1520.0,1520.0,1520.0,310,0.0,,1514.7840000000008,,55.31167856895218,0.2186311330153785,0.3675383933539903,-0.1489072603386118
2020-05-23,1519.4,1519.4,1519.4,1519.4,352,0.0,,1517.2100000000005,,54.45655915039356,0.4589932170351858,0.38582935809022945,0.07316385894495636
2020-05-24,1521.84,1521.84,1519.205,1519.205,306,0.0,,1518.6810000000005,,54.16348026124639,0.6265248416432314,0.43396845480082985,0.19255638684240156
2020-05-25,1517.73,1517.73,1517.73,1517.73,145,0.0,,1519.0290000000005,,51.88865096834444,0.6329781105907841,0.47377038595882076,0.15920772463196337
2020-05-26,1517.49,1519.35,1517.49,1519.35,735,0.0,,1519.1370000000006,,54.16554090711676,0.760051434004481,0.5310265955679528,0.2290248384365282
2020-05-27,1517.99,1520.49,1517.99,1519.18,365,0.0,,1518.9730000000006,,53.87739023005129,0.8373874972603517,0.5922987759064327,0.24508872135391901
2020-05-28,1519.01,1519.01,1518.02,1518.02,609,0.0,,1518.6970000000008,,51.85044147246334,0.7958999400134417,0.6330190087278345,0.1628809312856072
2020-05-29,1514.27,1514.27,1514.27,1514.27,282,0.0,,1517.710000000001,,45.845718645051505,0.4551800596632347,0.5974512189149146,-0.14227115925167988
2020-05-30,1514.53,1516.29,1514.53,1516.29,417,0.0,,1517.422000000001,,49.254821296259166,0.34418664845225067,0.5467983048223818,-0.20261165637013112
2020-05-31,1516.69,1516.69,1516.69,1516.69,103,0.0,,1516.8900000000008,,49.927029705172664,0.28521247558387586,0.4944811389746806,-0.20926866339080474
2020-06-01,1515.0,1515.0,1515.0,1515.0,218,0.0,,1516.0540000000008,,47.0888577331677,0.10094253985425894,0.4157734191505963,-0.31483087929633735
2020-06-02,1517.99,1517.99,1517.3,1517.3,566,0.0,,1515.9100000000005,,51.15816742521335,0.1388969487286431,0.36039812506620567,-0.22150117633756256
2020-06-03,1515.1,1515.1,1513.725,1513.725,458,0.0,,1515.8010000000006,,45.32333535720532,-0.11813474743803454,0.26469155056535765,-0.3828262980033922
2020-06-04,1514.02,1514.02,1512.0,1512.0,571,0.0,,1514.9430000000007,,42.78746153432762,-0.45577342964907075,0.12059855452247198,-0.5763719841715427
2020-06-05,1515.0,1516.65,1515.0,1516.65,693,0.0,,1514.9350000000006,,50.78176057607887,-0.34417099058782696,0.027644645500412193,-0.37181563608823914
2020-06-06,1518.99,1521.39,1518.99,1521.36,768,0.0,,1516.2070000000008,,57.29140275988099,0.12291549005090019,0.0466988144105098,0.07621667564039039
2020-06-07,1521.76,1525.36,1521.76,1524.83,1230,0.0,,1517.7130000000006,,61.34744526567693,0.7642748069042682,0.1902140129092615,0.5740607939950066
2020-06-08,1525.0,1525.0,1523.85,1523.85,585,0.0,,1519.7380000000005,,59.62518718914788,1.1798779775795083,0.38814680584331085,0.7917311717361974
2020-06-09,1522.16,1523.36,1522.16,1523.36,493,0.0,,1522.0100000000007,,58.737274572223406,1.4529587753727355,0.6011091997491957,0.8518495756235398
2020-06-10,1526.0,1526.0,1526.0,1526.0,794,0.0,,1523.8800000000006,,62.01898021099467,1.860951323212248,0.8530776244418062,1.007873698770442
2020-06-11,1522.8,1523.31,1522.8,1523.31,546,0.0,,1524.2700000000007,,57.040908128156154,1.944809287209182,1.0714239569952815,0.8733853302139005
2020-06-12,1524.43,1524.43,1524.43,1524.43,359,0.0,,1524.1900000000005,,58.53331189441834,2.077691631797279,1.2726774919556811,0.805014139841598
2020-06-13,1525.48,1525.5,1522.38,1522.38,555,0.0,,1523.8960000000002,,54.78194765058005,1.994591569787417,1.4170603075220285,0.5775312622653885
2020-06-14,1525.0,1525.0,1525.0,1525.0,336,0.0,,1524.2240000000004,,58.44731372263665,2.1157571443402503,1.556799674885673,0.5589574694545774
2020-06-15,1524.79,1533.88,1524.79,1533.88,896,0.0,,1525.8000000000004,,67.93454129238498,2.8949523136413973,1.824430202636818,1.0705221110045793
2020-06-16,1533.35,1537.21,1533.02,1536.82,938,0.0,,1528.5020000000004,,70.34837711969465,3.7069718643631404,2.2009385349820825,1.506033329381058
2020-06-17,1536.59,1536.59,1536.59,1536.59,565,0.0,,1530.9340000000004,,69.90503000399202,4.282577246103756,2.6172662772064172,1.6653109688973387
2020-06-18,1535.2,1539.6,1535.08,1539.6,851,0.0,,1534.3780000000004,,72.36002594456886,4.924859784548971,3.0787849786749284,1.8460748058740428
2020-06-19,1536.05,1536.52,1536.05,1536.52,397,0.0,,1536.6820000000002,,66.39186361173284,5.126250835643759,3.488278150068695,1.6379726855750643
2020-06-20,1537.77,1537.77,1532.31,1532.31,1247,0.0,,1536.3680000000002,,59.20386424366319,4.889776578402916,3.7685778357355395,1.1211987426673766
2020-06-21,1534.28,1535.64,1534.28,1535.64,243,0.0,,1536.1320000000003,,62.648534376741324,4.9144218004687446,3.997746628682181,0.9166751717865638
2020-06-22,1540.69,1543.81,1540.69,1543.81,448,0.0,,1537.5760000000002,,69.46153362288717,5.529463820030742,4.304090066951893,1.2253737530788484
2020-06-23,1548.61,1548.61,1548.48,1548.48,480,0.0,,1539.352,,72.54431345174558,6.320856128006426,4.7074432791628,1.613412848843626
2020-06-24,1547.78,1552.01,1547.78,1552.01,828,0.0,,1542.45,,74.62915354607718,7.1504557296625535,5.196045769262751,1.9544099603998024
2020-06-25,1552.72,1555.0,1552.72,1555.0,1288,0.0,,1546.988,,76.27265734021793,7.957458771077654,5.748328369625732,2.2091304014519224
2020-06-26,1550.685,1553.31,1550.685,1553.2,812,0.0,,1550.5000000000002,,73.19851464538382,8.355453076789672,6.26975331105852,2.0856997657311522
2020-06-27,1553.27,1553.27,1551.2,1551.2,580,0.0,,1551.9780000000003,,69.83073304320354,8.412508979250106,6.698304444696838,1.714204534553268
2020-06-28,1550.705,1550.705,1548.24,1548.24,982,0.0,,1551.9300000000003,,65.05982607034674,8.125216492810296,6.98368685431953,1.1415296384907654
2020-06-29,1548.68,1548.99,1547.8,1548.99,2482,0.0,,1551.3260000000002,,65.69928369863902,7.867363786991973,7.160422240854019,0.706941546137954
2020-06-30,1552.29,1552.29,1552.29,1552.29,307,0.0,,1550.7840000000003,,68.4365006217685,7.838933732154601,7.296124539114136,0.5428091930404646
2020-07-01,1561.56,1561.71,1561.0,1561.575,1403,0.0,,1552.4590000000005,,74.58248858927097,8.468010655206172,7.530501762332544,0.9375088928736277
2020-07-02,1561.64,1561.64,1559.79,1561.4,753,0.0,,1554.4990000000007,,74.28887835849537,8.850415530471992,7.794484515960434,1.0559310145115575
2020-07-03,1561.79,1564.325,1558.38,1559.805,3495,0.0,,1556.8120000000006,,71.52511900620632,8.921924586244586,8.019972530017265,0.9019520562273211
2020-07-04,1559.055,1559.055,1553.62,1553.62,804,0.0,,1557.7380000000007,,61.907196738689514,8.382885532092132,8.092555130432238,0.29033040165989377
2020-07-05,1552.88,1553.73,1552.6,1552.6,617,0.0,,1557.8000000000009,,60.46322357289865,7.783662506393512,8.030776605624492,-0.2471140992309806
2020-07-06,1552.01,1553.2,1548.32,1548.32,1165,0.0,,1555.149000000001,,54.6979812958165,6.884058568807404,7.801432998261075,-0.9173744294536705
2020-07-07,1548.51,1548.74,1545.77,1545.77,548,0.0,,1552.023000000001,,51.544503889668825,5.897371055669282,7.420620609742716,-1.523249554073434
2020-07-08,1545.01,1547.48,1545.01,1547.48,396,0.0,,1549.558000000001,,53.48131157675543,5.193529031921344,6.975202294178442,-1.7816732622570983
2020-07-09,1544.8,1544.8,1541.56,1541.6,601,0.0,,1547.154000000001,,46.58584950333404,4.113840505828875,6.402929936508529,-2.2890894306796534
2020-07-10,1541.26,1544.68,1541.26,1544.68,445,0.0,,1545.5700000000008,,50.207319604239785,3.4667473243509903,5.815693414077021,-2.348946089726031
2020-07-11,1546.93,1548.32,1546.56,1547.83,1328,0.0,,1545.472000000001,,53.66720414675156,3.171540446277504,5.2868628205171175,-2.1153223742396134
2020-07-12,1549.88,1549.88,1549.88,1549.88,326,0.0,,1546.294000000001,,55.818804254464936,3.06764285865529,4.843018828144752,-1.7753759694894615
2020-07-13,1549.57,1549.57,1546.6,1546.6,512,0.0,,1546.118000000001,,51.68330458811158,2.689630300163344,4.4123411225484706,-1.7227108223851264
2020-07-14,1547.33,1547.33,1545.135,1545.135,433,0.0,,1546.8250000000012,,49.90486621181333,2.2459494603174335,3.9790627901022635,-1.73311332978483
2020-07-15,1548.92,1548.92,1548.92,1548.92,211,0.0,,1547.6730000000011,,54.28198980535205,2.174678722998351,3.618185976681481,-1.44350725368313
2020-07-16,1551.53,1551.53,1551.35,1551.35,475,0.0,,1548.377000000001,,56.88653145037439,2.287903316574784,3.3521294446601417,-1.0642261280853575
2020-07-17,1553.0,1553.0,1550.04,1550.04,335,0.0,,1548.4090000000012,,55.06527337322868,2.2460376469657604,3.130911085121266,-0.8848734381555055
2020-07-18,1549.67,1549.81,1549.67,1549.81,405,0.0,,1549.0510000000013,,54.73394395081227,2.169293459699702,2.9385875600369533,-0.7692941003372513
2020-07-19,1547.31,1547.31,1547.31,1547.31,194,0.0,,1549.4860000000012,,51.13250444221164,1.8850147550360816,2.727872999036779,-0.8428582440006975
2020-07-20,1545.71,1545.71,1539.38,1539.38,943,0.0,,1547.5780000000009,,41.748677919782764,1.0082150319517496,2.3839414056197734,-1.3757263736680239
2020-07-21,1539.23,1539.23,1538.4,1538.4,413,0.0,,1544.9880000000007,,40.75331061307991,0.2315974137864032,1.9534726072530995,-1.7218751934666963
2020-07-22,1541.1,1541.1,1538.71,1538.71,722,0.0,,1542.7220000000011,,41.23063316991855,-0.3547736251043716,1.4918233607816052,-1.8465969858859768
2020-07-23,1538.18,1538.18,1536.2,1537.04,685,0.0,,1540.168000000001,,39.38957048179722,-0.9433575031514465,1.004787187994995,-1.9481446911464415
2020-07-24,1533.49,1535.71,1532.67,1535.71,905,0.0,,1537.8480000000013,,37.93669653498775,-1.499845071386062,0.5038607361187837,-2.0037058075048457
2020-07-25,1535.94,1535.94,1528.16,1528.16,1020,0.0,,1535.6040000000014,,30.95635721729994,-2.52102655565659,-0.10111672223629109,-2.419909833420299
2020-07-26,1530.54,1530.54,1530.0,1530.0,445,0.0,,1533.9240000000016,,34.136994346829965,-3.1455872449778326,-0.7100108267845995,-2.435576418193233
2020-07-27,1527.0,1527.99,1526.44,1527.99,881,0.0,,1531.7800000000016,,32.382071712041196,-3.759410152622877,-1.319890691952255,-2.439519460670622
2020-07-28,1532.74,1534.345,1532.74,1534.345,454,0.0,,1531.2410000000016,1526.6700416666672,42.45477751622192,-3.6905316882123316,-1.7940188912042705,-1.896512797008061
