Date,Open,High,Low,Close,Volume,OpenInterest,Entry,5 day sma,200 day sma,rsi,macd,signal,histogram
2020-03-31,253.01,253.01,252.92,252.92,304,0.0,,,,,,,
2020-04-01,252.905,252.905,252.905,252.905,100,0.0,,,,,,,
2020-04-02,252.71,252.71,252.71,252.71,105,0.0,,,,,,,
2020-04-03,253.22,253.22,253.155,253.155,245,0.0,,,,,,,
2020-04-04,253.16,253.16,253.16,253.16,101,0.0,,252.96999999999997,,,,,
2020-04-05,253.315,253.315,253.315,253.315,250,0.0,,253.04899999999998,,,,,
2020-04-06,253.285,253.285,253.2,253.2,416,0.0,,253.108,,,,,
2020-04-07,253.405,253.405,253.4,253.4,1200,0.0,,253.246,,,,,
2020-04-08,253.43,253.55,253.43,253.55,303,0.0,,253.325,,,,,
2020-04-09,253.5,253.5,253.41,253.41,512,0.0,,253.375,,,,,
2020-04-10,253.185,253.185,253.12,253.12,305,0.0,,253.33599999999996,,,,,
2020-04-11,253.14,253.14,253.14,253.14,101,0.0,,253.32399999999993,,,,,
2020-04-12,253.26,253.26,253.26,253.26,100,0.0,,253.2959999999999,,,,,
2020-04-13,253.315,253.34,253.25,253.34,464,0.0,,253.2539999999999,,,,,
2020-04-14,253.245,253.245,253.245,253.245,201,0.0,,253.22099999999986,,58.02469135802509,,,
2020-04-15,253.37,253.37,253.27,253.27,927,0.0,,253.25099999999983,,58.575445173383834,,,
2020-04-16,253.29,253.29,253.29,253.29,216,0.0,,253.28099999999986,,59.03848073111972,,,
2020-04-17,253.23,253.23,253.23,253.23,132,0.0,,253.27499999999986,,56.980740630970594,,,
2020-04-18,253.33,253.33,253.26,253.33,628,0.0,,253.27299999999985,,59.51352790735598,,,
2020-04-19,253.21,253.21,252.91,252.91,541,0.0,,253.20599999999985,,46.99800081080673,,,
2020-04-20,252.43,252.43,252.43,252.43,104,0.0,,253.03799999999987,,37.334748669481414,,,
2020-04-21,252.56,252.805,252.56,252.77,401,0.0,,252.93399999999988,,45.83082679293892,,,
2020-04-22,252.84,252.84,252.84,252.84,111,0.0,,252.85599999999985,,47.41165621774042,,,
2020-04-23,252.94,252.94,252.94,252.94,142,0.0,,252.77799999999988,,49.67127599519333,,,
2020-04-24,252.89,252.89,252.89,252.89,102,0.0,,252.77399999999983,,48.54803683936747,,,
2020-04-25,252.665,252.795,252.665,252.69,473,0.0,,252.82599999999985,,44.23866829247462,-0.16150724920470338,,
2020-04-26,252.64,252.88,252.64,252.88,651,0.0,,252.84799999999987,,48.88096505589016,-0.15365756940158803,,
2020-04-27,252.71,252.98,252.71,252.98,289,0.0,,252.8759999999999,,51.18446850651455,-0.1377792439785992,,
2020-04-28,252.99,252.99,252.99,252.99,100,0.0,,252.88599999999988,,51.420215675724286,-0.12297110589531712,,
2020-04-29,253.71,253.71,251.72,251.72,506,0.0,,252.65199999999987,,30.966591442625344,-0.2112784494950688,,
2020-04-30,251.6,251.61,250.975,251.61,1203,0.0,,252.43599999999986,,29.85874005855075,-0.2868323118653109,,
2020-05-01,251.43,252.07,251.43,252.07,1546,0.0,,252.2739999999999,,39.59149943078337,-0.30606303239054,,
2020-05-02,252.325,252.48,251.2,252.28,2100,0.0,,252.13399999999987,,43.44935639804119,-0.3008898016636863,,
2020-05-03,252.15,252.97,252.15,252.475,2894,0.0,,252.03099999999986,,46.84404535795145,-0.27785220150261125,-0.21764788504415833,-0.06020431645845292
2020-05-04,252.0,252.0,252.0,252.0,100,0.0,,252.08699999999985,,40.470961411352704,-0.29452813070398065,-0.23302393417612283,-0.061504196527857824
2020-05-05,252.7,252.835,251.925,251.925,900,0.0,,252.1499999999998,,39.5558822637815,-0.31021977744919127,-0.24846310283073653,-0.06175667461845474
2020-05-06,251.17,251.84,251.17,251.84,200,0.0,,252.10399999999981,,38.49358552312163,-0.3257591613384534,-0.26392231453227993,-0.06183684680617346
2020-05-07,251.11,251.68,251.11,251.14,500,0.0,,251.8759999999998,,31.08893706581881,-0.39006199303133826,-0.2891502502320916,-0.10091174279924664
2020-05-08,252.095,252.78,252.095,252.78,873,0.0,,251.9369999999998,,53.605882958186974,-0.3051703427276493,-0.2923542687312032,-0.012816073996446131
2020-05-09,252.52,252.52,252.52,252.52,200,0.0,,252.0409999999998,,50.77337739270107,-0.25592280653273747,-0.28506797629151004,0.02914516975877257
2020-05-10,252.52,252.67,252.495,252.67,1100,0.0,,252.18999999999983,,52.338082231316925,-0.20245624334262402,-0.26854562970173285,0.06608938635910883
2020-05-11,252.67,253.28,252.67,253.28,600,0.0,,252.47799999999984,,58.16213332401062,-0.10959832354018317,-0.23675616846942293,0.12715784492923976
2020-05-12,252.795,252.795,252.2,252.72,600,0.0,,252.79399999999987,,51.89302819058314,-0.08026977299934401,-0.20545888937540716,0.12518911637606314
2020-05-13,253.795,254.33,253.795,254.225,1255,0.0,,253.08299999999986,,63.33197218903707,0.06368017141866744,-0.15163107721659225,0.2153112486352597
2020-05-14,253.83,253.865,253.83,253.85,330,0.0,,253.34899999999985,,59.53341918435206,0.1458212370291676,-0.09214061436744028,0.2379618513966079
2020-05-15,254.01,254.51,254.01,254.51,345,0.0,,253.7169999999998,,63.66415819196469,0.26116456493448936,-0.021479578507054356,0.2826441434415437
2020-05-16,254.41,254.41,254.41,254.41,149,0.0,,253.94299999999984,,62.62113745048197,0.34057982679840393,0.0509323025540373,0.2896475242443666
2020-05-17,253.0,253.12,252.99,252.99,410,0.0,,253.99699999999984,,50.07541838407111,0.2856421564433447,0.09787427333189877,0.1877678831114459
2020-05-18,252.33,252.33,252.33,252.33,100,0.0,,253.61799999999985,,45.511517563954335,0.18669506819998105,0.11563843230551524,0.07105663589446581
2020-05-19,251.485,251.5,251.0,251.1,1034,0.0,,253.06799999999984,,38.47392712712811,0.008925183471433229,0.09429578253869884,-0.08537059906726562
2020-05-20,251.4,251.65,251.285,251.49,2010,0.0,,252.46399999999986,,41.55966848625127,-0.09934381662611713,0.055567862705735646,-0.1549116793318528
2020-05-21,251.41,251.41,250.85,251.28,2205,0.0,,251.83799999999982,,40.38514595116747,-0.19978996978946384,0.004496296206695748,-0.2042862659961596
2020-05-22,251.11,251.82,251.11,251.81,1314,0.0,,251.6019999999998,,44.63765289419183,-0.23393108728447487,-0.04318918049153838,-0.19074190679293648
2020-05-23,252.04,252.27,252.005,252.1,1900,0.0,,251.5559999999998,,46.87086564031625,-0.2348800415921346,-0.08152735271165762,-0.15335268888047698
2020-05-24,252.72,252.72,252.72,252.72,225,0.0,,251.87999999999982,,51.38585404729421,-0.18348813922244744,-0.10191951001381559,-0.08156862920863185
2020-05-25,252.905,252.905,252.905,252.905,268,0.0,,252.16299999999984,,52.678116262527006,-0.12637496056561304,-0.10681060012417508,-0.01956436044143796
2020-05-26,251.97,251.97,251.97,251.97,407,0.0,,252.30099999999985,,46.01989564934306,-0.1547748922667722,-0.11640345855269452,-0.038371433714077696
2020-05-27,252.79,252.79,252.79,252.79,218,0.0,,252.49699999999984,,51.77658544322765,-0.10984862915779559,-0.11509249267371474,0.005243863515919156
2020-05-28,252.91,252.91,252.91,252.91,100,0.0,,252.65899999999988,,52.573681387631275,-0.06382550416745403,-0.1048390949724626,0.041013590805008576
2020-05-29,252.14,252.14,252.14,252.14,100,0.0,,252.5429999999999,,47.184239835219046,-0.08846464550930477,-0.10156420507983105,0.013099559570526276
2020-05-30,252.035,252.035,251.595,251.595,300,0.0,,252.2809999999999,,43.764538403090185,-0.15023645544368947,-0.11129865515260275,-0.03893780029108672
2020-05-31,252.24,252.24,252.24,252.24,100,0.0,,252.3349999999999,,48.519849469872895,-0.14546808481742346,-0.1181325410855669,-0.027335543731856565
2020-06-01,251.605,252.24,251.605,251.99,994,0.0,,252.1749999999999,,46.86564848415353,-0.1600174458958179,-0.12650952204761712,-0.03350792384820078
2020-06-02,252.17,252.17,251.8,251.8,855,0.0,,251.9529999999999,,45.59340814019565,-0.18474965248549324,-0.13815754813519235,-0.046592104350300895
2020-06-03,251.54,251.54,251.0,251.0,1017,0.0,,251.7249999999999,,40.596266116261226,-0.26583899209293804,-0.1636938369267415,-0.10214515516619654
2020-06-04,251.54,251.54,251.34,251.4,500,0.0,,251.68599999999992,,43.90670284448413,-0.29443218988120634,-0.18984150751763448,-0.10459068236357186
2020-06-05,251.345,251.78,250.75,251.78,1662,0.0,,251.5939999999999,,46.932293400043626,-0.2831655250158178,-0.20850631101727116,-0.07465921399854666
2020-06-06,252.16,252.16,252.16,252.16,100,0.0,,251.62799999999993,,49.84564258689967,-0.24079801806979617,-0.21496465242777618,-0.02583336564201999
2020-06-07,252.79,252.79,252.57,252.57,368,0.0,,251.78199999999993,,52.85310534697815,-0.17215341270676277,-0.20640240448357353,0.03424899177681076
2020-06-08,253.81,253.81,253.52,253.52,279,0.0,,252.28599999999992,,58.98947297574186,-0.040626688702019464,-0.17324726132726273,0.13262057262524327
2020-06-09,254.06,254.06,254.06,254.06,314,0.0,,252.8179999999999,,62.01580156887582,0.10596121971994421,-0.11740556511782134,0.22336678483776556
2020-06-10,255.59,255.59,255.36,255.36,411,0.0,,253.53399999999988,,68.11580952549542,0.3233054645552045,-0.02926335918321618,0.3525688237384207
2020-06-11,255.03,255.03,255.03,255.03,104,0.0,,254.10799999999986,,65.25116349324836,0.4635802379781637,0.0693053602490598,0.3942748777291039
2020-06-12,254.46,254.46,254.04,254.04,303,0.0,,254.40199999999987,,57.44589286062514,0.48922480133828117,0.1532892484669041,0.3359355528713771
2020-06-13,254.75,254.75,254.75,254.75,105,0.0,,254.64799999999985,,61.04481775843221,0.560379660935638,0.23470733096065088,0.3256723299749871
2020-06-14,254.4,254.4,254.38,254.4,448,0.0,,254.7159999999999,,58.42180356638992,0.5818214493844778,0.30413015464541626,0.2776912947390615
2020-06-15,254.73,254.73,254.73,254.73,100,0.0,,254.58999999999986,,60.16001109468532,0.618314913845694,0.3669671064854718,0.2513478073602222
2020-06-16,254.875,254.875,254.875,254.875,100,0.0,,254.55899999999988,,60.93284560069984,0.6514272872686604,0.42385914264210955,0.22756814462655084
2020-06-17,254.47,254.47,254.47,254.47,116,0.0,,254.6449999999999,,57.573449228513034,0.6376386648818766,0.46661504709006296,0.17102361779181363
2020-06-18,254.36,254.36,254.36,254.36,100,0.0,,254.56699999999992,,56.65974269215925,0.6107941468878835,0.4954508670496271,0.11534327983825637
2020-06-19,254.41,254.41,254.41,254.41,116,0.0,,254.5689999999999,,56.99384318753541,0.5867901040505217,0.5137187144498061,0.07307138960071557
2020-06-20,254.05,254.05,254.05,254.05,104,0.0,,254.4329999999999,,53.779309120168364,0.532578502351214,0.5174906720300877,0.015087830321126261
2020-06-21,254.47,254.49,254.47,254.49,318,0.0,,254.3559999999999,,56.97350070582393,0.5191354696539747,0.5178196315548651,0.001315838099109623
2020-06-22,254.39,254.39,254.38,254.38,400,0.0,,254.33799999999988,,55.93282368465703,0.49391217657606035,0.5130381405591042,-0.019125963983043892
2020-06-23,254.6,254.65,254.39,254.39,1453,0.0,,254.34399999999988,,56.01148737844369,0.46931942927480463,0.5042943983022443,-0.034974969027439684
2020-06-24,254.6,255.125,254.6,254.87,700,0.0,,254.43599999999984,,59.727628809418846,0.48299383604137347,0.5000342858500701,-0.017040449808696678
2020-06-25,254.45,254.45,254.45,254.45,9905,0.0,,254.51599999999985,,55.32354388149606,0.4546989258323606,0.49096721384652825,-0.03626828801416765
2020-06-26,254.56,254.56,254.55,254.55,291,0.0,,254.52799999999985,,56.1525545155907,0.4353260027246506,0.4798389716221527,-0.044512968897502114
2020-06-27,254.08,254.08,254.08,254.08,400,0.0,,254.46799999999985,,51.33144074142078,0.37769392903371113,0.4594099631044644,-0.08171603407075329
2020-06-28,254.235,254.355,254.235,254.26,932,0.0,,254.44199999999984,,52.99589913102404,0.34259536498487364,0.4360470434805463,-0.09345167849567265
2020-06-29,254.38,254.38,254.38,254.38,200,0.0,,254.34399999999988,,54.12236718041259,0.3207649189069173,0.41299061856582053,-0.09222569965890326
2020-06-30,254.15,254.17,253.925,253.925,2000,0.0,,254.23899999999986,,49.29813246087503,0.2637095560947671,0.38313440607160987,-0.11942484997684277
2020-07-01,253.375,253.375,253.375,253.375,220,0.0,,254.00399999999985,,44.172583111060035,0.1721281800328427,0.3409331608638565,-0.1688049808310138
2020-07-02,253.505,253.505,253.415,253.415,608,0.0,,253.87099999999987,,44.62352156476826,0.10160569816059706,0.29306766832320463,-0.19146197016260758
2020-07-03,254.13,254.13,253.8,253.8,10858,0.0,,253.77899999999985,,48.90172469364905,0.07590739244119504,0.24963561314680272,-0.17372822070560767
2020-07-04,253.8,253.8,253.8,253.8,2000,0.0,,253.66299999999984,,48.90172469364905,0.054908350724389265,0.21069016066232005,-0.15578180993793078
2020-07-05,253.95,253.95,253.84,253.93,800,0.0,,253.66399999999985,,50.40227249428933,0.04820074424284826,0.1781922773784257,-0.12999153313557743
2020-07-06,253.93,253.93,253.6,253.6,6800,0.0,,253.70899999999983,,46.65674251429009,0.0160714144440135,0.14576810479154326,-0.12969669034752976
2020-07-07,254.115,254.115,254.01,254.01,13594,0.0,,253.82799999999983,,51.480991125937386,0.023422265291713984,0.1212989368915774,-0.09787667159986342
2020-07-08,253.95,253.95,253.95,253.95,422,0.0,,253.85799999999986,,50.757550522410796,0.024128233730323245,0.10186479625932657,-0.07773656252900332
2020-07-09,254.62,254.62,254.62,254.62,426,0.0,,254.02199999999988,,57.87611796880019,0.0778536707265971,0.09706257115278069,-0.01920890042618359
2020-07-10,254.855,255.12,254.855,255.12,500,0.0,,254.2599999999999,,62.26068626954386,0.1589450681370579,0.10943907054963614,0.049505997587421746
2020-07-11,254.99,254.99,254.99,254.99,202,0.0,,254.53799999999993,,60.49751689905721,0.21029650407814415,0.12961055725533777,0.08068594682280639
2020-07-12,255.61,255.64,255.61,255.64,556,0.0,,254.8639999999999,,65.724160818966,0.29998442107955725,0.16368533002018168,0.13629909105937557
2020-07-13,255.8,255.87,255.8,255.87,506,0.0,,255.2479999999999,,67.36937726592521,0.38518168458682567,0.20798460093351048,0.17719708365331518
2020-07-14,255.87,255.87,255.87,255.87,300,0.0,,255.49799999999996,,67.36937726592521,0.447542142496161,0.2558961092460406,0.19164603325012036
2020-07-15,256.31,256.31,256.31,256.31,202,0.0,,255.73599999999996,,70.50992259140766,0.5263995708581888,0.30999680156847026,0.21640276928971852
2020-07-16,255.7,255.7,255.7,255.7,226,0.0,,255.878,,61.65098637353131,0.5335226321576556,0.35470196768630735,0.17882066447134826
2020-07-17,254.98,255.0,254.89,254.89,1206,0.0,,255.72799999999998,,52.261294020272516,0.4684079635785281,0.37744316686475154,0.09096479671377655
2020-07-18,255.17,255.17,255.17,255.17,440,0.0,,255.58800000000002,,54.822760740128786,0.43439039744299635,0.3888326129804005,0.04555778446259584
2020-07-19,254.67,254.67,254.67,254.67,410,0.0,,255.34800000000004,,49.69500349660449,0.36290210035741666,0.3836465104558038,-0.020744410098387123
2020-07-20,254.72,254.72,254.72,254.72,200,0.0,,255.03000000000006,,50.19666372903691,0.30674571830624586,0.3682663520258922,-0.061520633719646334
2020-07-21,254.865,254.865,254.865,254.865,600,0.0,,254.86300000000006,,51.700914158250136,0.27081982674695837,0.3487770469701054,-0.07795722022314705
2020-07-22,254.53,254.53,254.53,254.53,200,0.0,,254.79100000000008,,48.087208604066184,0.21286284815494128,0.3215942072070726,-0.10873135905213133
2020-07-23,253.25,253.25,253.25,253.25,274,0.0,,254.40700000000007,,37.34608972430353,0.06292090939311379,0.26985954764428083,-0.20693863825116704
2020-07-24,253.32,253.32,253.32,253.32,422,0.0,,254.13700000000003,,38.15960361715528,-0.04968797037065542,0.20595004404129358,-0.255638014411949
2020-07-25,253.02,253.02,253.02,253.02,404,0.0,,253.79700000000003,,36.0020953473619,-0.16127967992491676,0.1325040992480515,-0.2937837791729683
2020-07-26,252.675,252.675,252.675,252.675,2808,0.0,,253.359,,33.646143393412714,-0.2743925044483717,0.05112477850876687,-0.32551728295713855
2020-07-27,252.955,252.955,252.955,252.955,200,0.0,,253.044,,37.23596703325933,-0.3375505008191908,-0.02661027735682467,-0.31094022346236616
2020-07-28,253.55,253.55,253.55,253.55,404,0.0,,253.10399999999998,253.38174999999998,44.150599155072854,-0.3357221446901235,-0.08843265082348445,-0.24728949386663907
