Date,Open,High,Low,Close,Volume,OpenInterest,Entry,5 day sma,200 day sma,rsi,macd,signal,histogram
2020-03-31,6.86,6.86,6.86,6.86,510,0.0,,,,,,,
2020-04-01,6.86,6.86,6.86,6.86,100,0.0,,,,,,,
2020-04-02,6.87,6.87,6.87,6.87,600,0.0,,,,,,,
2020-04-03,6.86,6.86,6.86,6.86,219,0.0,,,,,,,
2020-04-04,6.87,6.87,6.87,6.87,100,0.0,,6.864,,,,,
2020-04-05,6.88,6.88,6.88,6.88,209,0.0,,6.868,,,,,
2020-04-06,6.88,6.88,6.88,6.88,100,0.0,,6.872000000000002,,,,,
2020-04-07,6.88,6.88,6.88,6.88,100,0.0,,6.874000000000002,,,,,
2020-04-08,6.9,6.9,6.9,6.9,100,0.0,,6.882000000000002,,,,,
2020-04-09,6.88,6.88,6.88,6.88,100,0.0,,6.884000000000003,,,,,
2020-04-10,6.88,6.88,6.88,6.88,108,0.0,,6.884000000000003,,,,,
2020-04-11,6.895,6.895,6.895,6.895,102,0.0,,6.887000000000002,,,,,
2020-04-12,6.9,6.9,6.9,6.9,100,0.0,,6.891000000000001,,,,,
2020-04-13,6.9,6.9,6.895,6.9,800,0.0,,6.891000000000001,,,,,
2020-04-14,6.885,6.885,6.88,6.88,200,0.0,,6.891000000000001,,58.33333333333309,,,
2020-04-15,6.86,6.86,6.86,6.86,165,0.0,,6.8870000000000005,,49.456521739130444,,,
2020-04-16,6.88,6.88,6.88,6.88,100,0.0,,6.884,,56.573275862068826,,,
2020-04-17,6.88,6.88,6.88,6.88,139,0.0,,6.880000000000001,,56.57327586206881,,,
2020-04-18,6.88,6.88,6.88,6.88,101,0.0,,6.876000000000002,,56.57327586206881,,,
2020-04-19,6.88,6.885,6.88,6.885,298,0.0,,6.877000000000001,,58.40214177430855,,,
2020-04-20,6.86,6.86,6.86,6.86,100,0.0,,6.877000000000001,,47.6065552874928,,,
2020-04-21,6.88,6.88,6.88,6.88,104,0.0,,6.877000000000001,,54.804197282773906,,,
2020-04-22,6.88,6.88,6.88,6.88,100,0.0,,6.877000000000001,,54.804197282773906,,,
2020-04-23,6.89,6.89,6.89,6.89,200,0.0,,6.8790000000000004,,58.138943897767525,,,
2020-04-24,6.9,6.91,6.9,6.91,400,0.0,,6.884000000000002,,63.87926280401723,,,
2020-04-25,6.91,6.91,6.91,6.91,100,0.0,,6.894000000000003,,63.87926280401723,0.007240671998674841,,
2020-04-26,6.895,6.895,6.895,6.895,400,0.0,,6.897000000000001,,57.07190135100153,0.00723125894956933,,
2020-04-27,6.91,6.91,6.91,6.91,100,0.0,,6.903000000000001,,61.49129340981404,0.008338057740730598,,
2020-04-28,6.91,6.91,6.91,6.91,100,0.0,,6.907000000000002,,61.49129340981404,0.009110187189751429,,
2020-04-29,6.91,6.92,6.91,6.92,200,0.0,,6.909000000000003,,64.33049402041797,0.010409032915454475,,
2020-04-30,6.9,6.9,6.9,6.9,100,0.0,,6.907000000000002,,55.51472821003055,0.00971258403484665,,
2020-05-01,6.92,6.92,6.92,6.92,201,0.0,,6.9120000000000035,,61.235584995924846,0.010651690079557241,,
2020-05-02,6.925,6.925,6.925,6.925,500,0.0,,6.915000000000004,,62.53282539135374,0.011664930541030571,,
2020-05-03,6.93,6.93,6.93,6.93,100,0.0,,6.919000000000002,,63.83613255282125,0.012724706622914361,0.009675902230281055,0.0030488043926333065
2020-05-04,6.92,6.92,6.915,6.915,300,0.0,,6.918000000000002,,57.38681318515894,0.012213423420710079,0.01018340646836686,0.002030016952343219
2020-05-05,6.93,6.93,6.93,6.93,400,0.0,,6.924000000000002,,61.56822065995605,0.012870242297378987,0.010720773634169286,0.0021494686632097006
2020-05-06,6.94,6.94,6.94,6.94,200,0.0,,6.928000000000002,,64.09749888939766,0.014035895351208971,0.011383797977577223,0.002652097373631748
2020-05-07,6.94,6.94,6.94,6.94,337,0.0,,6.931000000000002,,64.09749888939766,0.014789203067445023,0.012064878995550784,0.002724324071894239
2020-05-08,6.94,6.94,6.94,6.94,500,0.0,,6.933000000000002,,64.09749888939766,0.015210863493926752,0.012694075895225978,0.0025167875987007742
2020-05-09,6.945,6.945,6.945,6.945,254,0.0,,6.939000000000002,,65.51480247564027,0.015766741452065247,0.013308609006593832,0.002458132445471415
2020-05-10,6.945,6.945,6.93,6.94,301,0.0,,6.941000000000001,,62.84314500906851,0.015623720006709085,0.013771631206616885,0.0018520888000922008
2020-05-11,6.95,6.95,6.945,6.945,400,0.0,,6.942000000000002,,64.40629006298674,0.015732478475369405,0.01416380066036739,0.0015686778150020148
2020-05-12,6.955,6.955,6.955,6.955,200,0.0,,6.945000000000002,,67.36347773182615,0.016436121395541292,0.014618264807402172,0.0018178565881391204
2020-05-13,6.95,6.95,6.95,6.95,200,0.0,,6.947000000000003,,64.47892739684676,0.016401241958119428,0.014974860237545623,0.0014263817205738046
2020-05-14,6.915,6.915,6.915,6.915,106,0.0,,6.9410000000000025,,48.74419811381814,0.013394983231272306,0.01465888483629096,-0.0012639016050186545
2020-05-15,6.925,6.96,6.925,6.96,1529,0.0,,6.945000000000003,,61.68897111894259,0.014476746528115036,0.014622457174655778,-0.00014571064654074137
2020-05-16,6.95,6.95,6.95,6.95,500,0.0,,6.946000000000003,,58.17300199628162,0.014361583908511832,0.014570282521426989,-0.00020869861291515635
2020-05-17,6.945,6.96,6.94,6.95,1722,0.0,,6.945000000000005,,58.17300199628162,0.014107692011004147,0.014477764419342423,-0.00037007240833827545
2020-05-18,6.95,6.95,6.95,6.95,100,0.0,,6.945000000000005,,58.17300199628162,0.01374800243875729,0.014331812023225397,-0.000583809584468107
2020-05-19,6.96,6.96,6.96,6.96,300,0.0,,6.954000000000005,,60.952610192591905,0.014107242774590745,0.014286898173498467,-0.00017965539890772188
2020-05-20,6.96,6.96,6.96,6.96,202,0.0,,6.954000000000005,,60.952610192591905,0.014227932578737779,0.01427510505454633,-4.717247580855212e-05
2020-05-21,6.94,6.95,6.94,6.95,658,0.0,,6.954000000000005,,56.59103008059662,0.013362627638069391,0.014092609571250943,-0.0007299819331815522
2020-05-22,6.94,6.94,6.94,6.94,100,0.0,,6.9520000000000035,,52.542070756278285,0.011734680717169432,0.013621023800434642,-0.0018863430832652094
2020-05-23,6.94,6.94,6.935,6.935,400,0.0,,6.949000000000003,,50.59294239686874,0.00992663477381761,0.012882145995111236,-0.002955511221293625
2020-05-24,6.93,6.94,6.93,6.94,418,0.0,,6.945000000000003,,52.490934607868574,0.008795810917644253,0.01206487897961784,-0.003269068061973586
2020-05-25,6.94,6.94,6.94,6.94,388,0.0,,6.9410000000000025,,52.490934607868574,0.007809600649500759,0.011213823313594422,-0.003404222664093664
2020-05-26,6.94,6.94,6.935,6.935,702,0.0,,6.938000000000002,,50.25206542499601,0.006549070090135167,0.010280872668902572,-0.003731802578767405
2020-05-27,6.935,6.935,6.93,6.93,304,0.0,,6.936000000000003,,48.04518420395196,0.005087981246299833,0.009242294384382024,-0.004154313138082191
2020-05-28,6.93,6.94,6.93,6.94,654,0.0,,6.937000000000002,,52.534855339538844,0.004682991625103661,0.008330433832526352,-0.003647442207422691
2020-05-29,6.95,6.95,6.94,6.94,700,0.0,,6.937000000000002,,52.53485533953883,0.0043123246384100256,0.007526811993703087,-0.0032144873552930617
2020-05-30,6.945,6.95,6.945,6.95,651,0.0,,6.939000000000003,,56.858530175812255,0.0047704935275998395,0.006975548300482437,-0.002205054772882598
2020-05-31,6.94,6.94,6.94,6.94,394,0.0,,6.940000000000002,,51.77907441053183,0.004277372360696141,0.006435913112525178,-0.002158540751829037
2020-06-01,6.94,6.945,6.935,6.945,1048,0.0,,6.943000000000002,,53.99220801486623,0.004241139282800788,0.005996958346580301,-0.0017558190637795134
2020-06-02,6.945,6.95,6.94,6.94,2198,0.0,,6.943000000000002,,51.449268792043654,0.0037655590732503796,0.0055506784919143164,-0.0017851194186639368
2020-06-03,6.86,6.86,6.86,6.86,100,0.0,,6.927000000000002,,28.400857037500856,-0.0030317252399107986,0.003834197745549294,-0.006865922985460092
2020-06-04,6.91,6.91,6.91,6.91,113,0.0,,6.919000000000002,,44.98836224812806,-0.004334079328685014,0.0022005423307024322,-0.0065346216593874466
2020-06-05,6.89,6.89,6.89,6.89,287,0.0,,6.909000000000003,,40.906056427218594,-0.006900492596770391,0.0003803353452078676,-0.0072808279419782585
2020-06-06,6.84,6.84,6.84,6.84,256,0.0,,6.8880000000000035,,32.87465625959031,-0.012821181139040405,-0.002259967951641787,-0.010561213187398617
2020-06-07,6.84,6.84,6.83,6.83,1204,0.0,,6.866000000000004,,31.540853025971586,-0.01811150770476022,-0.005430275902265474,-0.012681231802494747
2020-06-08,6.86,6.86,6.86,6.86,200,0.0,,6.866000000000004,,39.474532265562516,-0.019656789114316453,-0.00827557854467567,-0.011381210569640783
2020-06-09,6.87,6.87,6.87,6.87,120,0.0,,6.858000000000004,,41.89190287123634,-0.019845749886881592,-0.010589612813116855,-0.009256137073764737
2020-06-10,6.82,6.82,6.82,6.82,100,0.0,,6.844000000000004,,34.477228014206986,-0.023756237672944103,-0.013222937785082305,-0.010533299887861797
2020-06-11,6.84,6.84,6.84,6.84,100,0.0,,6.844000000000003,,39.11904640116199,-0.024953842204213927,-0.01556911866890863,-0.009384723535305298
2020-06-12,6.81,6.81,6.81,6.81,300,0.0,,6.840000000000003,,35.102026241941985,-0.028000924475673372,-0.01805547983026158,-0.009945444645411791
2020-06-13,6.78,6.78,6.75,6.76,1183,0.0,,6.820000000000003,,29.639218321072008,-0.03405774477979939,-0.021255932820169143,-0.01280181195963025
2020-06-14,6.78,6.78,6.77,6.77,331,0.0,,6.800000000000004,,31.921190653467164,-0.03761727356759348,-0.02452820096965401,-0.013089072597939469
2020-06-15,6.73,6.73,6.73,6.73,300,0.0,,6.782000000000004,,28.00819381777771,-0.04316827448603533,-0.028256215672930275,-0.014912058813105054
2020-06-16,6.73,6.73,6.73,6.73,200,0.0,,6.7600000000000025,,28.00819381777771,-0.047025403131696564,-0.032010053164683534,-0.01501534996701303
2020-06-17,6.72,6.74,6.72,6.73,570,0.0,,6.744000000000002,,28.00819381777771,-0.04951146798933248,-0.035510336129613324,-0.014001131859719157
2020-06-18,6.71,6.71,6.71,6.71,500,0.0,,6.7340000000000035,,26.016581941192257,-0.05249044794344293,-0.03890635849237925,-0.01358408945106368
2020-06-19,6.76,6.76,6.75,6.75,633,0.0,,6.730000000000004,,35.84266830058297,-0.05103534166311974,-0.04133215512652735,-0.009703186536592384
2020-06-20,6.74,6.74,6.74,6.74,100,0.0,,6.732000000000005,,34.6052600869094,-0.05011142259263046,-0.04308800861974797,-0.007023413972882489
2020-06-21,6.7,6.71,6.7,6.71,204,0.0,,6.728000000000006,,31.13280346345296,-0.05120964642523784,-0.044712336180845955,-0.006497310244391888
2020-06-22,6.72,6.72,6.72,6.72,100,0.0,,6.726000000000004,,33.52723212937357,-0.05068877169095298,-0.04590762328286736,-0.00478114840808562
2020-06-23,6.73,6.73,6.73,6.73,400,0.0,,6.730000000000006,,35.92636097682089,-0.04890530833285567,-0.04650716029286502,-0.0023981480399906455
2020-06-24,6.72,6.72,6.71,6.71,200,0.0,,6.722000000000006,,33.33501642099323,-0.04854612412542458,-0.046914953059376936,-0.0016311710660476472
2020-06-25,6.72,6.72,6.72,6.72,108,0.0,,6.718000000000005,,35.82740759617015,-0.04691375901560857,-0.04691471425062327,9.55235014699074e-07
2020-06-26,6.735,6.735,6.735,6.735,182,0.0,,6.723000000000004,,39.48231736999586,-0.043903629553325274,-0.04631249731116367,0.0024088677578383982
2020-06-27,6.71,6.71,6.69,6.69,308,0.0,,6.717000000000004,,33.34637055881137,-0.04463468334152676,-0.04597693451723629,0.001342251175709533
2020-06-28,6.71,6.71,6.71,6.71,239,0.0,,6.713000000000005,,37.96108972953845,-0.043103347325541996,-0.04540221707889744,0.0022988697533554425
2020-06-29,6.73,6.73,6.73,6.73,150,0.0,,6.717000000000006,,42.26575741804703,-0.03981693480788362,-0.044285160624694675,0.004468225816811056
2020-06-30,6.73,6.73,6.73,6.73,100,0.0,,6.719000000000006,,42.26575741804703,-0.036788355942961815,-0.0427857996883481,0.0059974437453862856
2020-07-01,6.74,6.74,6.74,6.74,100,0.0,,6.720000000000006,,44.4988998944237,-0.03319857642266211,-0.040868355035210906,0.0076697786125487985
2020-07-02,6.75,6.76,6.75,6.75,501,0.0,,6.732000000000006,,46.718349617873,-0.029210018947525285,-0.03853668781767378,0.009326668870148498
2020-07-03,6.73,6.73,6.73,6.73,200,0.0,,6.736000000000006,,43.0135581435389,-0.02734764464139161,-0.03629887918241735,0.00895123454102574
2020-07-04,6.73,6.73,6.73,6.73,100,0.0,,6.736000000000004,,43.0135581435389,-0.02557686540278148,-0.03415447642649018,0.0085776110237087
2020-07-05,6.72,6.72,6.72,6.72,139,0.0,,6.7340000000000035,,41.12254048613592,-0.024695749299564085,-0.03226273100110496,0.007566981701540874
2020-07-06,6.7,6.7,6.7,6.7,100,0.0,,6.7260000000000035,,37.56546065237464,-0.025319424725253725,-0.030874069745934714,0.005554645020680989
2020-07-07,6.67,6.67,6.67,6.67,100,0.0,,6.7100000000000035,,32.959965156284554,-0.027912681258484007,-0.030281792048444573,0.0023691107899605664
2020-07-08,6.67,6.68,6.67,6.68,367,0.0,,6.700000000000003,,35.78602046430957,-0.028828620921174775,-0.029991157822990618,0.001162536901815843
2020-07-09,6.67,6.67,6.67,6.67,100,0.0,,6.688000000000002,,34.231977241115686,-0.03001542697118964,-0.029996011652630425,-1.9415318559215522e-05
2020-07-10,6.66,6.66,6.66,6.66,100,0.0,,6.676000000000002,,32.70259316900135,-0.03140092542095907,-0.030276994406296154,-0.0011239310146629149
2020-07-11,6.66,6.66,6.66,6.66,150,0.0,,6.668000000000001,,32.70259316900135,-0.032128584600454424,-0.030647312445127813,-0.0014812721553266114
2020-07-12,6.65,6.65,6.65,6.65,201,0.0,,6.664,,31.091588299177573,-0.03313027102768995,-0.031143904161640243,-0.0019863668660497075
2020-07-13,6.64,6.64,6.64,6.64,782,0.0,,6.656000000000001,,29.525224787474883,-0.03433523593760146,-0.03178217051683249,-0.0025530654207689685
2020-07-14,6.635,6.66,6.635,6.66,1701,0.0,,6.653999999999999,,36.423792706893444,-0.03329257042898437,-0.03208425049926287,-0.0012083199297215005
2020-07-15,6.67,6.67,6.67,6.67,100,0.0,,6.656000000000001,,39.607011246504435,-0.03129854394298448,-0.031927109188007195,0.000628565245022715
2020-07-16,6.665,6.665,6.665,6.665,100,0.0,,6.656999999999999,,38.56722301812586,-0.02977845431500281,-0.03149737821340632,0.0017189238984035085
2020-07-17,6.645,6.645,6.645,6.645,210,0.0,,6.655999999999999,,34.648845565627965,-0.029843586893478324,-0.031166619949420722,0.0013230330559423978
2020-07-18,6.63,6.64,6.63,6.64,525,0.0,,6.655999999999999,,33.72631351282082,-0.029953379233954358,-0.03092397180632745,0.0009705925723730927
2020-07-19,6.635,6.635,6.635,6.635,300,0.0,,6.650999999999999,,32.7862249001643,-0.03009691022168859,-0.03075855948939968,0.0006616492677110897
2020-07-20,6.635,6.635,6.635,6.635,100,0.0,,6.643999999999998,,32.7862249001643,-0.029866378542886096,-0.030580123300096962,0.0007137447572108657
2020-07-21,6.635,6.64,6.635,6.64,500,0.0,,6.6389999999999985,,34.89102166072148,-0.028946544566127663,-0.030253407553303104,0.001306862987175441
2020-07-22,6.655,6.685,6.655,6.685,200,0.0,,6.647,,50.05119517187294,-0.0243062581790241,-0.029063977678447303,0.004757719499423205
2020-07-23,6.68,6.68,6.68,6.68,100,0.0,,6.654999999999999,,48.694490588854755,-0.020792572169994195,-0.02740969657675668,0.006617124406762487
2020-07-24,6.7,6.7,6.7,6.7,200,0.0,,6.668000000000001,,54.05884456686346,-0.016207290286338605,-0.02516921531867307,0.008961925032334464
2020-07-25,6.7,6.7,6.7,6.7,100,0.0,,6.681000000000002,,54.05884456686346,-0.012430134505281742,-0.022621399155994808,0.010191264650713065
2020-07-26,6.7,6.7,6.7,6.7,100,0.0,,6.693000000000002,,54.05884456686346,-0.00932917046593218,-0.019962953417982283,0.010633782952050103
2020-07-27,6.7,6.7,6.7,6.7,286,0.0,,6.696000000000002,,54.05884456686347,-0.006793324902727882,-0.017329027714931406,0.010535702812203524
2020-07-28,6.69,6.69,6.69,6.69,101,0.0,,6.698000000000002,6.826416666666668,50.50730729159703,-0.005526855303034317,-0.01496859323255199,0.009441737929517673
