Date,Open,High,Low,Close,Volume,OpenInterest,rsi,stoc k,stoc d,macd,signal,histogram
2020-04-01,148.965,149.17,148.765,149.17,6367,0.0,,,,,,
2020-04-02,149.14,149.5,149.06,149.43,4993,0.0,,,,,,
2020-04-03,149.72,149.72,149.72,149.72,100,0.0,,,,,,
2020-04-04,149.24,149.3,149.24,149.3,200,0.0,,,,,,
2020-04-05,149.515,149.515,149.155,149.155,300,0.0,,,,,,
2020-04-06,149.415,149.425,149.415,149.425,205,0.0,,,,,,
2020-04-07,149.94,150.24,149.94,150.24,2200,0.0,,,,,,
2020-04-08,150.13,150.13,149.94,149.94,214,0.0,,,,,,
2020-04-09,150.48,150.48,150.175,150.185,495,0.0,,,,,,
2020-04-10,150.52,150.8,150.08,150.8,4762,0.0,,,,,,
2020-04-11,150.74,150.74,150.74,150.74,5002,0.0,,,,,,
2020-04-12,150.3,150.3,150.015,150.015,400,0.0,,,,,,
2020-04-13,149.855,149.855,148.905,149.01,3243,0.0,,,,,,
2020-04-14,148.71,148.82,148.59,148.59,910,0.0,,,,,,
2020-04-15,148.31,148.54,148.215,148.54,1547,0.0,44.395017793594405,,,,,
2020-04-16,149.02,149.02,148.79,148.84,704,0.0,47.41780999223419,12.250161186331214,,,,
2020-04-17,148.73,149.27,148.73,149.095,300,0.0,49.91037216889877,23.597678916827576,,,,
2020-04-18,149.02,149.02,148.55,148.615,629,0.0,45.53478480810469,24.564796905222376,20.13754566946039,,,
2020-04-19,148.51,148.51,147.96,147.96,520,0.0,40.337894791843965,16.50548033526753,21.555985385772498,,,
2020-04-20,148.21,148.21,147.79,147.79,310,0.0,39.09089006112377,5.157962604771171,15.409413281753695,,,
2020-04-21,148.07,148.07,147.58,147.58,616,0.0,37.546765062458384,0.0,7.22114764667957,,,
2020-04-22,147.24,147.66,147.24,147.66,411,0.0,38.54271078558815,3.9325842696628004,3.0301822914779932,,,
2020-04-23,148.1,148.1,147.82,147.86,347,0.0,41.072718416304404,9.737827715355722,4.556803995006177,,,
2020-04-24,147.775,148.21,147.775,148.21,600,0.0,45.31536159465116,18.97592295345095,10.882111646156494,,,
2020-04-25,148.33,148.355,148.23,148.34,650,0.0,46.846148816236116,27.025909489888296,18.579886719564993,,,
2020-04-26,148.37,148.79,148.37,148.69,1221,0.0,50.836419548851154,39.703776305508306,28.56853624961585,-0.6351440526834438,,
2020-04-27,148.31,149.03,148.31,148.72,2589,0.0,51.1747568920929,54.767815714375125,40.49916716992391,-0.5625271065989068,,
2020-04-28,148.71,148.71,148.09,148.43,7300,0.0,47.753592769563376,62.3254747933324,52.26568893773861,-0.5223568256882345,,
2020-04-29,148.46,148.46,148.46,148.46,100,0.0,48.13983517550541,63.87520525451533,60.322831920740946,-0.4825384366478147,,
2020-04-30,149.29,149.355,148.88,149.07,1022,0.0,55.365351767001115,68.41467817256512,64.87178607347094,-0.3971817109136282,,
2020-05-01,149.145,149.3,149.135,149.135,856,0.0,56.06775517498574,78.74048453652266,70.3434559878677,-0.3205953108550261,,
2020-05-02,149.235,149.235,148.705,148.84,710,0.0,52.063333461816754,83.92434988179683,77.02650419696153,-0.28047097678231125,,
2020-05-03,149.03,149.03,148.65,148.8,10088,0.0,51.525961010208356,79.6690307328609,80.77795505039346,-0.2490291654514465,,
2020-05-04,148.965,149.31,148.615,148.89,5290,0.0,52.70870788445324,75.80772261623353,79.80036774363042,-0.21437784129818738,-0.407135714102111,0.19275787280392365
2020-05-05,148.73,149.1,148.73,149.1,727,0.0,55.44071770982996,79.90543735224604,78.46073023378015,-0.16803417888414174,-0.35931540705851717,0.19128122817437543
2020-05-06,148.99,149.03,148.99,148.99,402,0.0,53.691028654942144,80.95206032857551,78.88840676568502,-0.13858505102257368,-0.31516933585132845,0.17658428482875477
2020-05-07,148.315,148.315,148.205,148.3,788,0.0,44.25596319707025,66.02328156327677,75.62692641469943,-0.16897579072050917,-0.2859306268251646,0.11695483610465546
2020-05-08,148.54,148.54,148.45,148.51,910,0.0,47.2917857494034,47.776054435383344,64.91713210907852,-0.1741084125269481,-0.26356618396552134,0.08945777143857325
2020-05-09,148.5,148.53,148.5,148.53,200,0.0,47.58455980512054,33.73734594152874,49.178893980062924,-0.17455011436931045,-0.24576297004627917,0.07121285567696872
2020-05-10,148.33,148.695,148.33,148.695,487,0.0,50.04964264164738,38.60342555994705,40.03894197895302,-0.15974460881139407,-0.22855929779930217,0.0688146889879081
2020-05-11,148.595,148.595,148.43,148.43,600,0.0,46.28471617425357,36.49538866930186,36.27872005692586,-0.16746400350174895,-0.21634023893979154,0.04887623543804259
2020-05-12,148.42,148.42,147.87,148.01,601,0.0,41.018234461000375,28.043722246620604,34.380845491956485,-0.2051078141167011,-0.21409375397517347,0.008985939858472375
2020-05-13,148.01,148.01,147.745,147.8,520,0.0,38.65019285484558,13.240409617221268,25.926506844381226,-0.24901555389629948,-0.22107811395939866,-0.027937439936900815
2020-05-14,147.51,147.66,147.51,147.66,450,0.0,37.111968168998025,7.059030609755205,16.11438749119901,-0.2917465117988627,-0.2352117935272915,-0.056534718271571194
2020-05-15,147.38,147.57,147.38,147.57,210,0.0,36.116844473488534,7.198013995716363,9.165818074230932,-0.32907992312652823,-0.25398541944713887,-0.07509450367938936
2020-05-16,147.66,147.715,147.54,147.55,504,0.0,35.886558723573984,8.995394358088953,7.750812987853493,-0.35617498985760676,-0.2744233335292324,-0.08175165632837433
2020-05-17,147.72,147.73,147.72,147.73,291,0.0,39.618124139565126,12.262521588946546,9.485309980917274,-0.3589853698906893,-0.2913357408015238,-0.0676496290891655
2020-05-18,147.66,147.66,147.55,147.625,604,0.0,38.22065702435281,13.72906374261982,11.662326563218427,-0.3654723015987713,-0.3061630529609733,-0.05930924863779802
2020-05-19,148.02,148.1,147.84,148.07,685,0.0,46.78743102417666,24.732360963533264,16.907982098366528,-0.33089115348857945,-0.31110867306649453,-0.019782480422084914
2020-05-20,147.92,147.92,147.72,147.72,400,0.0,41.86968156465741,27.305960390892835,21.92246169901529,-0.3279470499437025,-0.31447634844193617,-0.013470701501766325
2020-05-21,147.895,147.965,147.895,147.965,367,0.0,46.13750450604572,37.38679571379213,29.808372356072727,-0.30235896824964925,-0.3120528724034788,0.009693904153829536
2020-05-22,147.83,147.83,147.26,147.325,1079,0.0,38.23954382467443,24.9572740159778,29.88334337355424,-0.3299197707030146,-0.31562625206338596,-0.014293518639628633
2020-05-23,147.31,147.555,147.23,147.28,2407,0.0,37.750218648331916,17.47642600774184,26.606831912503907,-0.3513429661214218,-0.3227695948749931,-0.02857337124642867
2020-05-24,147.24,147.515,147.1,147.325,9803,0.0,38.596399857377634,7.664251077365186,16.69931703369492,-0.3605338689008306,-0.3303224496801606,-0.03021141922067
2020-05-25,147.35,147.35,147.17,147.31,1000,0.0,38.40897736048946,11.457409138816216,12.199362074641064,-0.3648226517747162,-0.3372224900990718,-0.027600161675644386
2020-05-26,147.33,147.37,147.17,147.32,500,0.0,38.62295791150249,17.653086044390438,12.25824875352393,-0.3632275654021555,-0.34242350515968856,-0.02080406024246695
2020-05-27,147.33,147.34,147.18,147.18,1200,0.0,36.70056416165714,15.303030303030907,14.804508495412504,-0.3690065995501186,-0.34774012403777455,-0.021266475512344063
2020-05-28,147.27,147.29,147.27,147.29,200,0.0,39.258737465526565,16.333333333333634,16.42981656025164,-0.3605542006683322,-0.3503029393638861,-0.010251261304446091
2020-05-29,147.28,147.29,147.26,147.26,800,0.0,38.79821049344315,14.333333333333561,15.323232323232682,-0.35221623344563113,-0.35068559818023515,-0.0015306352653959854
2020-05-30,147.28,147.3,147.21,147.28,1000,0.0,39.3093435877904,17.666666666666703,16.11111111111128,-0.34007433623756356,-0.34856334579170084,0.008489009554137283
2020-05-31,147.27,147.27,147.19,147.26,400,0.0,38.95894547638071,16.666666666666668,16.222222222222292,-0.3282814043937776,-0.3445069575121162,0.016225553118338565
2020-06-01,147.25,147.25,147.25,147.25,200,0.0,38.77284464311548,16.333333333333638,16.88888888888898,-0.31609855005015675,-0.3388252760197243,0.02272672596956754
2020-06-02,147.545,147.545,147.51,147.51,300,0.0,45.995972548516555,26.132947976878388,19.710982658959548,-0.28221057527898097,-0.3275023358715757,0.04529176059259471
2020-06-03,147.01,147.05,146.59,146.74,4627,0.0,33.42109092417647,24.43597827990894,22.300753196706967,-0.3138685941872268,-0.3247755875347059,0.010906993347479133
2020-06-04,146.74,146.99,146.08,146.99,4033,0.0,39.23015534108998,36.769311613242024,29.11274595667643,-0.3151520153354568,-0.3228508730948561,0.007698857759399325
2020-06-05,147.025,147.225,146.545,146.78,2679,0.0,36.36029425015059,36.78890600924487,32.66473196746526,-0.3293182055189732,-0.3241443395796796,-0.005173865939293587
2020-06-06,147.4,147.44,147.01,147.36,2546,0.0,47.73295701433448,62.27654692350732,45.278254848664716,-0.2903963521810624,-0.31739474209995616,0.02699838991889375
2020-06-07,147.32,147.72,147.24,147.435,1328,0.0,49.00208200968199,72.48386399667814,57.18310564314342,-0.2506097565210723,-0.3040377449841794,0.05342798846310709
2020-06-08,147.62,147.62,147.22,147.22,459,0.0,45.58496410416382,79.8353866644473,71.5319325282109,-0.23373296782426678,-0.28997678955219686,0.05624382172793008
2020-06-09,147.03,147.03,146.18,146.18,806,0.0,33.438050482469734,52.743902439024225,68.35438436671653,-0.30080975197549265,-0.292143382036856,-0.00866636993863662
2020-06-10,146.28,146.28,146.045,146.21,600,0.0,33.98451596724105,28.486834122072764,53.68870774184808,-0.34754159423670217,-0.30322302447682525,-0.044318569759876913
2020-06-11,146.43,146.805,146.43,146.805,228,0.0,43.83355838812419,20.440480524208798,33.89040569510191,-0.3327298855326717,-0.3091243966879945,-0.02360548884467717
2020-06-12,146.835,147.06,146.835,146.94,368,0.0,45.80905551568127,36.218905472637566,28.382073372973025,-0.3065642461146183,-0.3086123665733193,0.0020481204587010082
2020-06-13,146.88,147.255,146.76,147.09,700,0.0,47.99764678773222,53.731343283582625,36.796909760142974,-0.27060467966327906,-0.3010108291913113,0.030406149528032222
2020-06-14,147.2,147.59,147.2,147.435,910,0.0,52.72662260477196,66.26865671641826,52.07296849087947,-0.21182604862974586,-0.2831738730789982,0.07134782444925236
2020-06-15,147.42,147.42,146.92,146.94,1611,0.0,46.23064083924468,66.26865671641826,62.08955223880636,-0.2028476220521327,-0.26710862287362513,0.06426100082149244
2020-06-16,147.1,147.1,146.78,146.9,1300,0.0,45.74023826424164,62.48756218905515,65.00829187396387,-0.1966924716331846,-0.253025392625537,0.05633292099235243
2020-06-17,147.21,147.21,147.14,147.14,200,0.0,49.22076456333744,56.61691542288571,61.79104477611969,-0.17048325154271993,-0.23651696440897363,0.0660337128662537
2020-06-18,146.885,146.98,146.885,146.98,230,0.0,47.053783999053174,57.41293532338306,58.83913764510796,-0.16076966598419062,-0.22136750472401703,0.06059783873982641
2020-06-19,146.68,146.94,146.68,146.83,1104,0.0,45.05129605586471,56.01990049751256,56.683250414593765,-0.1632929859484875,-0.20975260096891113,0.04645961502042362
2020-06-20,146.75,146.87,146.675,146.87,511,0.0,45.714749747984825,50.64676616915475,54.693200663350105,-0.16021817411484562,-0.19984571559809805,0.039627541483252426
2020-06-21,147.04,147.07,146.65,147.07,902,0.0,49.02861097986553,53.732922688147056,53.4665297849381,-0.14002886941193537,-0.18788234636086554,0.04785347694893016
2020-06-22,147.04,147.04,146.11,146.11,1602,0.0,37.26831705079473,39.51340538791697,47.96436474840624,-0.19919646408163771,-0.19014516990502,-0.009051294176617708
2020-06-23,146.19,146.83,146.185,146.83,2146,0.0,47.44936537323363,40.031848769713626,44.426058948592534,-0.18584689906120389,-0.1892855157362568,0.003438616675052908
2020-06-24,146.95,147.13,146.89,147.07,802,0.0,50.34240681508738,39.96034869821336,39.83520095194797,-0.1541246256228419,-0.18225333771357383,0.028128712090731922
2020-06-25,147.16,147.205,146.84,146.84,1631,0.0,47.63588102811478,54.999416892620694,44.99720478684921,-0.1458621649447025,-0.17497510315979958,0.029112938215097084
2020-06-26,147.1,147.1,146.7,146.8,7052,0.0,47.16100734086604,53.60360360360321,49.5211230648124,-0.14091736338838246,-0.16816355520551615,0.027246191817133697
2020-06-27,147.03,147.075,146.38,146.47,2246,0.0,43.323850228187474,40.09009009008974,49.56437019543787,-0.16176212156059933,-0.16688326847653281,0.005121146915933489
2020-06-28,146.39,146.79,146.22,146.79,3005,0.0,47.76229969974056,40.9514476308365,44.88171377484313,-0.1507229762931388,-0.163651210039854,0.012928233746715201
2020-06-29,146.94,147.14,146.94,147.075,3206,0.0,51.41186184738918,54.65333133271954,45.23162301788191,-0.11762138981529802,-0.15444524599494283,0.036823856179644815
2020-06-30,147.07,147.14,146.92,146.97,7094,0.0,50.02518725075216,72.60582928521745,56.07020274959115,-0.09872275209261261,-0.14330074721447678,0.04457799512186417
2020-07-01,147.075,147.235,146.96,147.105,5418,0.0,51.824340067128574,84.78451178451014,70.68122413414902,-0.07202185071909639,-0.1290449679154007,0.05702311719630432
2020-07-02,147.185,147.185,146.305,146.685,9128,0.0,46.246157355928915,72.57912457912322,76.65648854961691,-0.08378585276864214,-0.119993144886049,0.03620729211740685
2020-07-03,146.55,146.81,146.55,146.66,1990,0.0,45.92925623952917,62.81481481481325,73.39281705948218,-0.0940421409525527,-0.11480294409934974,0.02076080314679704
2020-07-04,146.76,146.76,146.325,146.39,2616,0.0,42.53891824167564,41.62962962962797,59.00785634118813,-0.122544450601481,-0.11635124539977601,-0.006193205201704993
2020-07-05,146.34,146.34,146.19,146.24,1400,0.0,40.73970101695706,28.44444444444299,44.29629629629471,-0.15544461399477427,-0.12416991911877566,-0.03127469487599861
2020-07-06,146.2,146.27,146.055,146.19,1000,0.0,40.13039699730655,15.96170747018082,28.678593848083903,-0.18343825068188835,-0.1360235854313982,-0.04741466525049015
2020-07-07,146.085,147.56,146.085,147.23,3390,0.0,55.15435857347899,33.689774407550594,26.03197544072478,-0.1203171597594519,-0.13288230029700893,0.012565140537557029
2020-07-08,147.275,147.51,147.145,147.38,2000,0.0,56.83677900876798,59.184544925576894,36.27867560110274,-0.057526365905602006,-0.11781111341872755,0.06028474751312554
2020-07-09,147.46,147.54,147.39,147.41,2728,0.0,57.18275636826246,85.38205980066385,59.418793044597095,-0.005282565981303833,-0.09530540393124282,0.09002283794993898
2020-07-10,147.935,148.02,147.81,147.82,1658,0.0,61.70098984525276,89.29832421754963,77.95497631459676,0.06841593898482756,-0.06256113534802873,0.1309770743328563
2020-07-11,147.51,147.64,147.36,147.415,1650,0.0,55.473779073913015,83.02210049058905,85.9008281696008,0.09306957177611253,-0.03143499392320048,0.12450456569931301
2020-07-12,147.515,147.58,147.445,147.54,1018,0.0,56.918976308203796,78.20186598812467,83.50743023208774,0.12129598411374332,-0.0008887983158117237,0.12218478242955504
2020-07-13,147.58,147.58,147.155,147.37,1740,0.0,54.335987973585524,70.56827820186533,77.26408156019296,0.12846715065614944,0.02498239147858051,0.10348475917756893
2020-07-14,147.31,147.31,146.96,147.09,2320,0.0,50.288135367637146,65.05513146734474,71.2750918857782,0.11028539053236841,0.0420429912893381,0.06824239924303031
2020-07-15,147.02,147.09,146.8,146.8,1642,0.0,46.43013948026242,52.50212044105162,62.70851003675384,0.07164970507315616,0.04796433404610171,0.023685371027054446
2020-07-16,146.86,147.025,146.73,146.73,3880,0.0,45.52230802549373,41.645462256148924,53.06757138818171,0.03497901469833664,0.045367270176548694,-0.010388255478212052
2020-07-17,146.7,146.71,146.16,146.16,12622,0.0,38.85941297492709,25.869380831212453,40.00565450947095,-0.03962028989388955,0.028369758162461046,-0.06799004805635059
2020-07-18,147.47,147.47,146.96,146.96,800,0.0,49.935124896843035,28.583545377438003,32.032796154933074,-0.03379786141326235,0.01593623424731637,-0.04973409566057872
2020-07-19,146.97,147.09,146.97,147.09,472,0.0,51.4734890879332,34.69041560644586,29.71444727169872,-0.018480598513463065,0.009052867695160482,-0.02753346620862355
2020-07-20,147.08,147.21,146.97,147.11,2726,0.0,51.71928296675776,50.566437198782275,37.94679939422199,-0.004673847255617147,0.0063075247050049564,-0.010981371960622103
2020-07-21,147.11,147.11,146.31,146.31,2324,0.0,42.455810629398876,37.90261602720449,41.05315627747749,-0.05762099259771958,-0.00647817875553995,-0.05114281384217963
2020-07-22,146.18,147.14,146.18,147.08,7016,0.0,51.46633076157589,36.83281931594041,41.767290847309006,-0.03702264786463161,-0.012587072577358282,-0.024435575287273324
2020-07-23,146.99,147.52,146.82,147.425,4972,0.0,54.8756845092625,41.845878136201044,38.860437826448596,0.007058934451805499,-0.008657871171525527,0.015716805623331026
2020-07-24,147.24,148.28,147.12,147.88,22124,0.0,58.96936687726241,66.20173125042284,48.29347623418804,0.07781163929283252,0.008636030921346082,0.06917560837148644
2020-07-25,147.85,148.305,147.33,148.305,45860,0.0,62.40057408951895,83.04760938662339,63.698406257749035,0.16626106172620325,0.04016103708231752,0.12610002464388573
2020-07-26,148.19,148.19,147.91,147.91,1404,0.0,57.580978303942146,87.57238568559302,78.9405754408797,0.2021543578010494,0.0725597012260639,0.1295946565749855
2020-07-27,147.975,148.05,147.6,147.94,2982,0.0,57.84726936396087,88.18958818958794,86.26986108726807,0.230365295092696,0.10412081999939032,0.12624447509330566
2020-07-28,147.8,148.09,147.775,148.09,980,0.0,59.225553324415834,84.84848484848457,86.87015290788848,0.2618084477275886,0.13565834554502998,0.12615010218255862
2020-07-29,148.08,148.08,147.735,147.735,606,0.0,54.669586477467476,82.12898212898214,85.05568505568486,0.25514073600018605,0.1595548236360612,0.09558591236412486
