Date,Open,High,Low,Close,Volume,OpenInterest,rsi,stoc k,stoc d,macd,signal,histogram
2020-04-01,67.465,68.01,67.11,68.0,136349,0.0,,,,,,
2020-04-02,67.97,68.94,67.97,68.88,215776,0.0,,,,,,
2020-04-03,68.9,69.24,68.27,69.21,144419,0.0,,,,,,
2020-04-04,69.25,69.45,68.86,68.9,232956,0.0,,,,,,
2020-04-05,68.88,69.37,68.78,69.15,123784,0.0,,,,,,
2020-04-06,69.14,69.2,68.21,68.475,147630,0.0,,,,,,
2020-04-07,68.465,68.57,67.71,68.1,235956,0.0,,,,,,
2020-04-08,68.095,68.93,67.67,67.67,211328,0.0,,,,,,
2020-04-09,67.8,68.1,67.66,68.07,85999,0.0,,,,,,
2020-04-10,68.07,68.63,67.92,68.45,108950,0.0,,,,,,
2020-04-11,68.495,68.88,68.32,68.84,110035,0.0,,,,,,
2020-04-12,68.85,68.85,68.38,68.54,94321,0.0,,,,,,
2020-04-13,68.54,69.11,68.38,69.11,149471,0.0,,,,,,
2020-04-14,69.11,69.65,69.05,69.335,204580,0.0,,,,,,
2020-04-15,69.35,69.52,69.16,69.5,108899,0.0,63.20422535211272,,,,,
2020-04-16,69.49,69.92,69.32,69.83,134520,0.0,65.37088962528682,92.02614528989425,,,,
2020-04-17,69.82,69.87,69.39,69.44,146301,0.0,60.81337443680343,89.08035753991176,,,,
2020-04-18,69.41,69.68,69.1,69.435,159501,0.0,60.754893398695536,84.43952802359874,88.51534361780159,,,
2020-04-19,69.435,69.57,69.28,69.42,372997,0.0,60.56672097835433,78.39233038348081,83.97073864899711,,,
2020-04-20,69.27,69.42,69.27,69.355,600,0.0,59.703775643257146,77.13864306784667,79.99016715830875,,,
2020-04-21,69.39,69.44,69.39,69.44,400,0.0,60.49641563252385,77.21238938053098,77.58112094395283,,,
2020-04-22,69.47,69.47,69.28,69.28,200,0.0,58.1766399169202,75.14749262536874,76.49950835791547,,,
2020-04-23,69.38,69.43,69.38,69.43,300,0.0,59.73545676289418,75.31415929203543,75.89134709931174,,,
2020-04-24,69.39,69.44,69.37,69.41,800,0.0,59.41746657451191,71.76880530973453,74.07681907571293,,,
2020-04-25,69.35,69.48,69.34,69.48,300,0.0,60.21572895685808,71.6845238095239,72.922496137098,,,
2020-04-26,69.44,69.47,69.43,69.43,400,0.0,59.318194602075785,69.24512987013001,70.8994863297962,0.3303587605346223,,
2020-04-27,69.41,69.49,69.41,69.49,600,0.0,60.087008702020896,63.39503408468929,68.10822925478112,0.3180703866807306,,
2020-04-28,69.41,69.43,69.41,69.41,500,0.0,58.49956910626863,52.18713629142555,61.60910008208166,0.29843624321479467,,
2020-04-29,69.405,69.44,69.4,69.44,900,0.0,58.937672021661335,43.2810017755348,52.9543907172166,0.2820455468444578,,
2020-04-30,69.38,69.49,69.38,69.4,600,0.0,58.057624310014404,39.409777214655556,44.95930509387202,0.2627987557070668,,
2020-05-01,69.41,69.41,69.37,69.37,500,0.0,57.36577414979146,42.32539257770601,41.67205718929884,0.24233134093326214,,
2020-05-02,69.37,69.42,69.31,69.31,1000,0.0,55.93023800604488,32.948698810769066,38.22795620104359,0.2187476815984013,,
2020-05-03,69.31,69.42,69.29,69.42,700,0.0,58.00507599323477,42.688958551029465,39.32101664650156,0.206552533326402,,
2020-05-04,69.35,69.39,69.35,69.35,400,0.0,56.192032328522494,38.28282828282923,37.97349521487597,0.18906000937167278,0.26093347313460113,-0.07187346376292836
2020-05-05,69.35,69.36,69.29,69.29,700,0.0,54.61622951291457,35.425685425686495,38.79915741984845,0.1684141856536172,0.24242961563840437,-0.07401542998478716
2020-05-06,69.3,69.35,69.29,69.35,700,0.0,55.94665544578422,22.698412698411374,32.13564213564242,0.15510575754798595,0.22496484402032071,-0.06985908647233477
2020-05-07,69.32,69.38,69.32,69.38,200,0.0,56.63123181234995,26.58730158730007,28.2371332371327,0.14530450182364518,0.2090327755809856,-0.06372827375734041
2020-05-08,69.3,69.3,69.3,69.3,376,0.0,54.21192333464002,26.666666666662866,25.317460317458156,0.1295877971755175,0.193143779899892,-0.06355598272437452
2020-05-09,68.711,68.969,68.711,68.969,300,0.0,45.54275849049877,27.70646127513655,26.986809843033214,0.08939279726970994,0.1723935833738556,-0.08300078610414566
2020-05-10,68.90100000000001,68.999,68.90100000000001,68.999,200,0.0,46.379689604559566,25.029952931106607,26.467693624302058,0.05927542928345986,0.14976995255577646,-0.09049452327231661
2020-05-11,69.101,69.161,69.101,69.161,200,0.0,50.77879865095878,42.61874197689343,31.78505206104558,0.04792677425966474,0.12940131689655412,-0.08147454263688939
2020-05-12,69.109,69.109,68.911,68.911,200,0.0,44.68600325534522,40.1369276850666,35.9285408643556,0.01854618386484219,0.10723029029021175,-0.08868410642536956
2020-05-13,69.76100000000001,70.251,69.7,70.251,1601,0.0,67.3201368381547,61.14676936243084,47.967479674797005,0.10221043715819178,0.10622631966380777,-0.004015882505615992
2020-05-14,70.26,70.51,70.26,70.51,1400,0.0,69.88514777045394,75.2246469833121,58.83611467693655,0.18725553091043423,0.12243216191313308,0.06482336899730115
2020-05-15,70.38,70.51,69.38,69.39,18499,0.0,51.17838905952772,79.24773022049287,71.87304885541198,0.16240760685978728,0.13042725090246393,0.03198035595732335
2020-05-16,69.31,71.61,69.31,70.96,470385,0.0,65.22904475732489,71.77388866593377,75.41542195657964,0.26633122640006945,0.15760804600198502,0.10872318039808443
2020-05-17,70.96,71.05,68.9,69.735,327030,0.0,52.52665696596912,50.214730335475,67.07878307396726,0.24699695422906132,0.17548582764740028,0.07151112658166103
2020-05-18,69.73,70.3,69.45,69.66,143519,0.0,51.86078112166748,48.54547545130499,56.84469815090463,0.22305133410385736,0.1849989289386917,0.03805240516516567
2020-05-19,69.685,70.01,68.74,69.175,99225,0.0,47.65374986479127,28.021156720708277,42.2604541691628,0.16305916638064843,0.18061097642708304,-0.017551810046434607
2020-05-20,69.23,69.79,69.18,69.55,75961,0.0,50.9658935083059,25.893986432102988,34.15353953470546,0.14411306156753767,0.173311393455174,-0.02919833188763632
2020-05-21,69.56,69.88,69.11,69.3,69181,0.0,48.75125517296708,21.75462803265491,25.223257061822096,0.10768391322031334,0.16018589740820185,-0.05250198418788851
2020-05-22,69.305,69.42,68.61,68.61,83138,0.0,43.17492445675221,16.419454984477397,21.356023149745138,0.02287265553265172,0.13272324903309182,-0.1098505935004401
2020-05-23,68.68,68.98,68.125,68.135,79065,0.0,39.799921636177665,6.868098285511858,15.01406043421476,-0.08172730596660926,0.08983313803315161,-0.1715604439997609
2020-05-24,68.14,68.44,67.82,68.21,61429,0.0,40.58961279140073,3.5257271709765803,8.93776014698865,-0.15676457146071243,0.04051359613437881,-0.19727816759509126
2020-05-25,68.21,68.5,68.04,68.35,51692,0.0,42.11601879911714,8.187116792788368,6.193647416425641,-0.20259986982262035,-0.008109097057021022,-0.19449077276559934
2020-05-26,68.29,69.02,68.29,69.02,62187,0.0,48.8845071630069,18.64555848724718,10.119467483670748,-0.1827545922449474,-0.043038196094606296,-0.1397163961503411
2020-05-27,68.975,68.975,68.54,68.63,53632,0.0,45.545959103905936,22.339489885664076,16.39072172189991,-0.1962347355416938,-0.0736775039840238,-0.12255723155767
2020-05-28,68.63,69.18,68.5,68.92,40518,0.0,48.369603031909456,27.352682497801336,22.779243623570903,-0.1814259049560576,-0.09522718417843057,-0.08619872077762702
2020-05-29,68.96,69.3,68.84,69.23,44524,0.0,51.277997598668335,29.199648197009846,26.297273526825126,-0.1430266684008501,-0.10478708102291448,-0.03823958737793562
2020-05-30,69.25,69.49,69.175,69.23,46038,0.0,51.277997598668335,36.62672123425149,31.059683976354265,-0.11131186291285644,-0.10609203740090288,-0.00521982551195356
2020-05-31,69.19,69.465,69.07,69.36,39470,0.0,52.57722697375013,47.651063731485294,37.82581105424891,-0.07482519920674235,-0.09983866976207079,0.025013470555328432
2020-06-01,69.37,69.4,69.03,69.07,40329,0.0,49.41181090881827,54.275883512772886,46.18455615950325,-0.0685199760842039,-0.09357493102649742,0.02505495494229351
2020-06-02,69.09,69.195,68.83,69.185,43477,0.0,50.67987675156929,61.81217856221834,54.57970860215888,-0.05362534285617926,-0.0855850133924338,0.031959670536254536
2020-06-03,69.14,69.3,69.07,69.15,25114,0.0,50.266896173170686,62.63428942974118,59.57411716824418,-0.04413666619200285,-0.0772953439523476,0.03315867776034476
2020-06-04,69.18,69.24,68.83,68.945,51911,0.0,47.80948061283566,66.06350405984179,63.50332401726715,-0.05255281221074881,-0.07234683760402785,0.01979402539327904
2020-06-05,68.92,69.01,68.73,68.88,61533,0.0,47.0244893885145,65.13381004980351,64.61053451312887,-0.06373295154496361,-0.070624060392215,0.006891108847251387
2020-06-06,68.82,69.07,68.67,68.73,86950,0.0,45.18088352312658,61.776447105788655,64.32458707181137,-0.08373183049292265,-0.07324561441235654,-0.010486216080566116
2020-06-07,68.69,69.145,68.69,69.05,41429,0.0,49.71053139452628,62.53974809002707,63.150001748539786,-0.07291919342374342,-0.07318033021463392,0.000261136790890501
2020-06-08,69.07,69.09,68.915,69.07,32255,0.0,49.98867270193365,63.04873012595504,62.45497510725696,-0.062021324569840885,-0.07094852908567531,0.008927204515834425
2020-06-09,69.055,69.09,68.86,68.895,45218,0.0,47.512455927347276,58.18472077092745,61.25773299563656,-0.0667364264698449,-0.07010610856250923,0.0033696820926643334
2020-06-10,68.89,69.06,68.82,68.98,132040,0.0,48.838106981233814,51.12794612794615,57.453799008276256,-0.06288943876789688,-0.06866277460358677,0.005773335835689897
2020-06-11,69.29,69.42,68.97,69.18,66997,0.0,51.91543914820458,50.19298677835318,53.1685512257423,-0.04320431234879152,-0.06357108215262773,0.020366769803836213
2020-06-12,69.18,69.44,68.78,69.4,64170,0.0,55.1137348220283,66.56812022665784,55.96301771098576,-0.009739278119013761,-0.052804721345904936,0.043065443226891174
2020-06-13,69.375,69.62,69.13,69.62,53120,0.0,58.11404439710643,83.7398373983748,66.83364813446198,0.03414061226749254,-0.03541565462322544,0.06955626689071798
2020-06-14,69.575,69.8,69.235,69.25,62937,0.0,51.83827644425817,80.11727462407414,76.8084107497023,0.03861470744475071,-0.020609582209630214,0.059224289654380924
2020-06-15,69.3,69.34,69.04,69.07,38046,0.0,49.0624611102704,62.241887905604585,75.36633330935122,0.027321024664018978,-0.011023460834900377,0.038344485498919355
2020-06-16,69.11,69.25,68.89,69.04,41563,0.0,48.59540542823764,39.82300884955757,60.72739045974547,0.01576818459749063,-0.005665131748422175,0.021433316345912806
2020-06-17,69.0,69.16,68.73,68.97,36712,0.0,47.46010833994924,31.56342182890854,44.542772861356944,0.00095307417959134,-0.004341490562819472,0.005294564742410812
2020-06-18,68.97,69.29,68.83,69.24,65667,0.0,52.10772392225598,36.57817109144548,35.988200589970575,0.010873394231879274,-0.001298513603879723,0.012171907835758998
2020-06-19,69.24,69.33,68.95,68.96,39280,0.0,47.4227545787917,34.2182890855454,34.11996066863318,-0.003814370903583608,-0.0018016850638205002,-0.002012685839763108
2020-06-20,68.97,69.02,68.6,68.66,31647,0.0,42.96545362778763,27.03539823008828,32.610619469026425,-0.0392100345179216,-0.009283354954640721,-0.029926679563280878
2020-06-21,68.63,68.82,68.53,68.69,41550,0.0,43.53697699445375,14.420714003669737,25.224800439767847,-0.0641016794064484,-0.020247019845002257,-0.043854659561446144
2020-06-22,68.71,68.87,68.65,68.74,29533,0.0,44.534566437492096,11.377952755905406,17.611354996554518,-0.07888457292986573,-0.03197453046197495,-0.046910042467890774
2020-06-23,68.76,69.13,68.76,69.08,34007,0.0,50.88878297863116,24.146981627296395,16.648549462290557,-0.06244513540057994,-0.038068651449695956,-0.024376483950883987
2020-06-24,69.1,69.1,68.77,68.91,40631,0.0,47.93199751470421,29.921259842519476,21.815398075240466,-0.06241486228901749,-0.042937893617560265,-0.019476968671457227
2020-06-25,68.905,69.09,68.745,68.76,48106,0.0,45.4240927925673,30.446194225721843,28.171478565179275,-0.0736456755231103,-0.04907944999867027,-0.02456622552444003
2020-06-26,68.755,68.8,68.55,68.57,38620,0.0,42.3980282277883,17.060367454068125,25.80927384076985,-0.09676217391992736,-0.05861599478292169,-0.03814617913700567
2020-06-27,68.57,68.92,68.46,68.78,50175,0.0,46.62997061526271,15.046813178203607,20.851124952664563,-0.09701855102376555,-0.06629650603109047,-0.030722044992675085
2020-06-28,68.74,68.77,68.14,68.17,61786,0.0,37.91593402428619,9.843401104712699,13.983527245661515,-0.14477476042392823,-0.08199215690965803,-0.0627826035142702
2020-06-29,68.11,68.45,68.01,68.31,64135,0.0,40.65692235982649,16.369289914066247,13.753168065660887,-0.16937264801181584,-0.09946825513008958,-0.06990439288172626
2020-06-30,68.29,68.38,67.89,67.95,62676,0.0,36.227704879025346,9.797979797979902,12.003556938919653,-0.21543227335263282,-0.12266105877459824,-0.09277121457803458
2020-07-01,67.96,68.07,67.455,67.75,222411,0.0,34.010922335844484,14.209090909091012,13.458786873712425,-0.2650182217153514,-0.15113249136274887,-0.11388573035260252
2020-07-02,68.47,68.47,68.27,68.27,287,0.0,43.66325068382815,21.12222222222232,15.04309764309778,-0.2593659793019185,-0.1727791889505828,-0.08658679035133571
2020-07-03,68.74,73.51,68.38,72.86,42053,0.0,76.4325340046695,49.488356729975244,28.273223287096226,0.11417199956105151,-0.11538895124825595,0.22956095080930744
2020-07-04,73.27,74.5,73.27,74.5,13093,0.0,80.74263840767254,77.57724561886411,49.39594152368726,0.5363550656267932,0.014959852126753895,0.5213952135000394
2020-07-05,74.38,74.63,74.11,74.21,5133,0.0,78.02526702239965,94.47047055111346,73.84535763331765,0.8378790625087618,0.17954369420315547,0.6583353683056063
2020-07-06,74.7,74.74,74.08,74.33,5130,0.0,78.34995985261827,96.17277957268254,89.40683191422009,1.0741399824304239,0.35846295184860916,0.7156770305818148
2020-07-07,74.4,74.4,74.15,74.15,1200,0.0,76.52346003476336,93.47316849970157,94.70547287449922,1.232644805931102,0.5332993226651077,0.6993454832659942
2020-07-08,74.881,75.289,74.84899999999999,74.84899999999999,750,0.0,78.60892465472871,93.55220692092568,94.39938499776997,1.3985429462130412,0.7063480473746945,0.6921948988383467
2020-07-09,74.889,75.439,74.789,75.439,625,0.0,80.20714514993357,95.42820783604806,94.1511944188918,1.5596478373602878,0.8770080053718132,0.6826398319884746
2020-07-10,75.111,75.309,75.061,75.309,400,0.0,78.80993708730465,97.58506673802037,95.52182716499807,1.6577254832749588,1.0331515009524423,0.6245739823225165
2020-07-11,75.449,75.709,75.449,75.649,950,0.0,79.80099329456077,99.21494106863277,97.40940521423376,1.7427979923730703,1.175080799236568,0.5677171931365024
2020-07-12,75.581,75.581,75.49,75.49,330,0.0,77.96459716078591,98.3305213933238,98.37684306665902,1.776905536625165,1.2954457467142875,0.48145978991087746
2020-07-13,75.309,75.309,75.06,75.06,770,0.0,73.06750407064628,96.25232210645349,97.93259485613673,1.7490763415334953,1.386171865678129,0.36290447585536634
2020-07-14,74.88,75.001,74.88,75.001,1100,0.0,72.39557844801678,93.63540909458048,96.07275086478597,1.7026337944783876,1.4494642514381808,0.2531695430402068
2020-07-15,74.88,75.16,74.88,74.94,865,0.0,71.66182977349519,91.07402512244578,93.6539187744933,1.6419778525465603,1.4879669716598567,0.15401088088670356
2020-07-16,74.66,74.79899999999999,74.34100000000001,74.5,1866,0.0,66.43163621687452,88.1962728008187,90.96856900594837,1.5406436774997303,1.4985023128278314,0.042141364671898884
2020-07-17,74.5,75.48,74.5,75.48,19401,0.0,71.43264858003643,87.92579460940406,89.06536417755622,1.5218702505827082,1.503175900378807,0.0186943502039012
2020-07-18,75.46,76.77,74.4,75.875,631404,0.0,73.1678088595626,80.28113976861977,85.46773572628088,1.5213284460114522,1.506806409505336,0.014522036506116276
2020-07-19,75.845,76.54,75.14,75.35,270772,0.0,67.31544608205132,68.18380885171938,78.79691440991445,1.4616865370623202,1.4977824350167328,-0.03609589795441259
2020-07-20,75.34,75.47,73.9,74.72,340422,0.0,61.00917978830659,47.5039830058418,65.32297720872702,1.348044739030243,1.467834895819435,-0.11979015678919192
2020-07-21,74.71,75.59,74.47,75.36,221572,0.0,64.63385735360598,42.2181348738607,52.635308910474,1.2947009401272709,1.4332081046810023,-0.13850716455373147
2020-07-22,75.37,76.31,75.145,76.23,218829,0.0,68.87033928059387,53.54239256678293,47.754836815495175,1.3075546482217817,1.4080774133891583,-0.10052276516737657
2020-07-23,76.24,76.49,75.865,76.325,205166,0.0,69.30275954292155,72.18350754936144,55.98134499666838,1.3103026571480143,1.3885224621409296,-0.07821980499291525
2020-07-24,76.3,76.81,75.71,76.79,198726,0.0,71.39713803708048,88.33071909511465,71.35220640375304,1.3346174486754308,1.3777414594478299,-0.043124010772399135
2020-07-25,76.81,77.18,76.65,76.98,145058,0.0,72.23082711031086,92.5699757733956,84.36140080595727,1.3536148785196929,1.3729161432622026,-0.019301264742509705
2020-07-26,76.985,77.18,76.76,76.95,135768,0.0,71.8746037306733,95.40098622635719,92.10056036495585,1.3506799317763694,1.368468900965036,-0.01778896918866657
2020-07-27,76.96,76.97,76.41,76.62,111616,0.0,67.90731542511864,89.93902439024392,92.63666212999892,1.3066633218574992,1.3561077851435288,-0.04944446328602958
2020-07-28,76.58,76.59,76.04,76.13,83298,0.0,62.3996531951312,81.30081300813002,88.88027454157708,1.2181983047204028,1.3285258890589036,-0.11032758433850076
2020-07-29,76.12,76.185,76.08,76.12,10934,0.0,62.28862122204037,72.86585365853654,81.36856368563686,1.134207783547808,1.2896622679566845,-0.15545448440887655
