Date,Open,High,Low,Close,Volume,OpenInterest,rsi,stoc k,stoc d,macd,signal,histogram
2020-04-01,51.15,51.3,51.15,51.3,2473,0.0,,,,,,
2020-04-02,51.27,51.43,51.27,51.43,1262,0.0,,,,,,
2020-04-03,51.5,51.5,51.36,51.385,973,0.0,,,,,,
2020-04-04,51.41,51.41,51.33,51.35,1127,0.0,,,,,,
2020-04-05,51.335,51.48,51.335,51.48,1204,0.0,,,,,,
2020-04-06,51.45,51.59,51.45,51.45,2431,0.0,,,,,,
2020-04-07,51.48,51.76,51.48,51.76,1857,0.0,,,,,,
2020-04-08,51.74,51.9,51.72,51.9,1552,0.0,,,,,,
2020-04-09,51.86,51.97,51.86,51.9,2201,0.0,,,,,,
2020-04-10,51.85,51.88,51.82,51.85,799,0.0,,,,,,
2020-04-11,51.86,51.88,51.71,51.71,1833,0.0,,,,,,
2020-04-12,51.66,51.68,51.58,51.615,1360,0.0,,,,,,
2020-04-13,51.59,51.82,51.57,51.82,978,0.0,,,,,,
2020-04-14,51.715,51.73,51.615,51.615,830,0.0,,,,,,
2020-04-15,51.655,51.67,51.63,51.67,837,0.0,61.78343949044616,,,,,
2020-04-16,51.67,51.67,51.59,51.615,1556,0.0,59.537299338999325,52.793808072009654,,,,
2020-04-17,51.475,51.495,51.385,51.385,1177,0.0,51.16097621871296,36.75595238095259,,,,
2020-04-18,51.39,51.4,51.3,51.38,1836,0.0,50.99301776903619,21.688432835821317,37.079397762927854,,,
2020-04-19,51.35,51.35,51.11,51.12,1854,0.0,43.074077817079264,7.232279735045864,21.89222165060659,,,
2020-04-20,51.095,51.155,51.04,51.155,1724,0.0,44.32744090441459,8.489560200995776,12.470090923954317,,,
2020-04-21,51.13,51.23,50.95,51.14,2856,0.0,43.88152146992473,10.718611025305291,8.813483653782308,,,
2020-04-22,51.115,51.28,51.11,51.26,2777,0.0,48.35728826747459,20.46173308032881,13.223301435543291,,,
2020-04-23,51.26,51.26,51.09,51.17,3094,0.0,45.43072968992803,24.22517394054375,18.468506015392617,,,
2020-04-24,51.2,51.23,51.185,51.225,2120,0.0,47.52092244685739,27.872654438119127,24.186520486330565,,,
2020-04-25,51.23,51.28,51.09,51.24,2823,0.0,48.10474264353978,28.853046594981993,26.983624991214956,,,
2020-04-26,51.24,51.24,51.06,51.24,6303,0.0,48.10474264353978,32.078853046594936,29.601518026565355,-0.16758281820346355,,
2020-04-27,50.96,51.08,50.92,50.92,966,0.0,37.721931953991835,22.22222222222223,27.718040621266386,-0.18550674141651768,,
2020-04-28,50.91,51.11,50.91,51.065,504,0.0,43.65630782294269,17.909356725146207,24.070143997987795,-0.1858687126926526,,
2020-04-29,51.23,51.26,51.185,51.205,1393,0.0,48.73557146413113,19.736842105263154,19.9561403508772,-0.1728660552857164,,
2020-04-30,51.22,51.28,51.165,51.275,4132,0.0,51.10880664896635,40.53456290298403,26.06025391113113,-0.15512475896649391,,
2020-05-01,51.265,51.415,51.265,51.415,2219,0.0,55.54174553721751,67.06965062228227,42.44701854350982,-0.12828898824383828,,
2020-05-02,51.485,51.565,51.46,51.52,4261,0.0,58.57539521079943,85.17431112850996,64.25950821792541,-0.09742576060364883,,
2020-05-03,51.57,51.61,51.5,51.55,1376,0.0,59.427247184147326,94.85278080697945,82.36558085259055,-0.06974174167638836,,
2020-05-04,51.47,51.5,51.425,51.425,2101,0.0,54.40690602095269,86.04325699745557,88.69011631098165,-0.057228715546187914,-0.1355149214038786,0.0782862058576907
2020-05-05,51.42,51.46,51.41,51.43,1410,0.0,54.57222160328317,79.76190476190465,86.88598085544656,-0.04637402310177663,-0.11768674174345821,0.07131271864168158
2020-05-06,51.405,51.46,51.4,51.46,1245,0.0,55.61217651543675,75.47619047619055,80.42711741185025,-0.034947993145586054,-0.1011389920238838,0.06619099887829774
2020-05-07,51.43,51.475,51.39,51.475,1562,0.0,56.1526704790361,77.85714285714313,77.69841269841277,-0.024401126448907462,-0.08579141890888853,0.061390292459981066
2020-05-08,51.45,51.455,51.44,51.45,926,0.0,54.95167501918495,78.80952380952421,77.38095238095262,-0.017854138279723486,-0.07220396278305552,0.054349824503332034
2020-05-09,51.45,51.52,51.45,51.5,3572,0.0,56.935507354247584,80.71428571428608,79.12698412698445,-0.008532661642561834,-0.05946970255495679,0.050937040912394954
2020-05-10,51.42,51.48,51.42,51.48,2129,0.0,55.87553943561698,80.95238095238109,80.15873015873045,-0.002727713717234792,-0.048121304787412396,0.045393591070177604
2020-05-11,51.485,51.5,51.47,51.47,1406,0.0,55.32097244033318,81.90476190476186,81.19047619047633,0.0010536866654788923,-0.03828630649683414,0.039339993162313035
2020-05-12,51.5,51.5,51.49,51.5,400,0.0,56.70911692935453,78.90315676832525,80.58676654182273,0.006397476860882989,-0.029349549825290717,0.0357470266861737
2020-05-13,51.5,51.5,51.32,51.32,1903,0.0,47.227873698950084,63.370786516854054,74.72623506331372,-0.0038476730072360965,-0.024249174461679797,0.0204015014544437
2020-05-14,51.365,51.38,51.27,51.28,1086,0.0,45.410915923963856,38.15339521250629,60.142446165895194,-0.015021534892426303,-0.022403646547829097,0.007382111655402795
2020-05-15,51.31,51.32,51.29,51.32,1250,0.0,47.58264779216968,17.961723038018246,39.82863492245953,-0.020413916313678726,-0.022005700500999023,0.001591784187320297
2020-05-16,51.335,51.39,51.335,51.39,5519,0.0,51.23859048709577,18.11594202898522,24.74368675983659,-0.018822033765495405,-0.0213689671538983,0.0025469333884028944
2020-05-17,51.41,51.41,51.36,51.4,975,0.0,51.75625920180139,33.99999999999904,23.359221689000833,-0.016562615429855043,-0.02040769680908965,0.0038450813792346057
2020-05-18,51.375,51.375,51.34,51.37,1229,0.0,50.03993875709777,42.431372549018114,31.515771526000787,-0.016996830518110073,-0.019725523550893735,0.002728693032783662
2020-05-19,51.36,51.425,51.36,51.415,2903,0.0,52.580159887708774,49.9999999999981,42.143790849671745,-0.013553587860556604,-0.01849113641282631,0.004937548552269706
2020-05-20,51.4,51.42,51.32,51.33,5357,0.0,47.651629753314225,40.66666666666473,44.36601307189364,-0.017482060560645607,-0.01828932124239017,0.0008072606817445642
2020-05-21,51.3,51.41,51.28,51.405,5963,0.0,51.93288020563489,45.33333333333189,45.333333333331574,-0.014377792042928661,-0.01750701540249787,0.003129223359569208
2020-05-22,51.41,51.42,51.31,51.33,18435,0.0,47.729140948289775,33.999999999998444,39.99999999999835,-0.017764729334828644,-0.017558558188964027,-0.00020617114586461704
2020-05-23,51.25,51.25,51.25,51.25,100,0.0,43.66866721499456,25.99999999999909,35.11111111110981,-0.02659763200699672,-0.019366372952570564,-0.007231259054426155
2020-05-24,51.21,51.3,51.2,51.26,600,0.0,44.30647888349223,14.666666666665549,24.888888888887692,-0.03241716963326269,-0.021976532288708987,-0.0104406373445537
2020-05-25,51.22,51.32,51.21,51.32,800,0.0,48.103283494601854,19.999999999999364,20.22222222222133,-0.031820885213576844,-0.023945402873682558,-0.007875482339894286
2020-05-26,51.33,51.35,51.21,51.33,1400,0.0,48.73062643640353,34.44444444444344,23.037037037036114,-0.03019335884243901,-0.025194994067433852,-0.004998364775005159
2020-05-27,51.33,51.34,51.2,51.26,900,0.0,44.66081315535011,36.66666666666564,30.370370370369482,-0.034158193066275544,-0.02698763386720219,-0.007170559199073355
2020-05-28,51.31,51.36,51.23,51.23,700,0.0,43.0032074324203,27.77777777777614,32.96296296296174,-0.03926843990186768,-0.02944379507413529,-0.00982464482773239
2020-05-29,51.36,51.36,51.21,51.33,900,0.0,49.70434465487783,32.59259259259113,32.345679012344306,-0.03484748297930196,-0.030524532655168624,-0.004322950324133334
2020-05-30,51.36,51.36,51.31,51.32,400,0.0,49.082885112980584,41.48148148148058,33.95061728394929,-0.031784368775248595,-0.03077649987918462,-0.001007868896063975
2020-05-31,51.24,51.36,51.21,51.36,1000,0.0,51.68510631731808,60.74074074074071,44.938271604937476,-0.025831394754682435,-0.029787478854284184,0.003956084099601749
2020-06-01,51.38,51.41,51.14,51.41,653,0.0,54.795107547821225,73.06042884990262,58.427550357374635,-0.01688440491231802,-0.02720686406589095,0.010322459153572931
2020-06-02,51.51,51.77,51.51,51.77,1353,0.0,69.845523567237,88.61598440545811,74.13905133203382,0.01903570855293424,-0.017958349542125912,0.03699405809506015
2020-06-03,51.685,51.89,51.675,51.89,2023,0.0,73.0647233753404,98.24561403508763,86.6406757634828,0.05653396601370275,-0.0030598864309601802,0.059593852444662934
2020-06-04,51.94,52.11,51.89,52.11,2705,0.0,77.75371766373667,100.0,95.62053281351525,0.10281853848566413,0.018115798552364684,0.08470273993329945
2020-06-05,52.11,52.11,51.99,52.09,1955,0.0,76.45075479550366,99.31271477663245,99.1861096039067,0.1363142173342311,0.04175548230873797,0.09455873502549314
2020-06-06,52.07,52.11,52.0,52.11,2435,0.0,76.86820520411268,99.31271477663245,99.54180985108832,0.16259927378442995,0.06592424060387636,0.0966750331805536
2020-06-07,52.185,52.355,52.185,52.335,3564,0.0,80.95781509495916,98.76401793163943,99.12981582830146,0.1992887137521393,0.09259713523352894,0.10669157851861036
2020-06-08,52.32,52.45,52.1,52.1,11615,0.0,67.52912370735808,90.54545073770414,96.20739448199203,0.20701646627667003,0.11548100144215717,0.09153546483451286
2020-06-09,52.24,52.31,52.19,52.3,1974,0.0,71.81414465910166,86.72865684457425,92.01270850463929,0.226666227185909,0.13771804659090756,0.08894818059500145
2020-06-10,52.35,52.54,52.35,52.505,2354,0.0,75.3979094763994,86.44402035623402,87.90604264617082,0.2558315244545497,0.161340742163636,0.0944907822909137
2020-06-11,52.52,52.55,52.45,52.52,3102,0.0,75.6419560830883,94.64065291538095,89.27111003872976,0.2769629508108409,0.184465183893077,0.09249776691776387
2020-06-12,52.52,52.585,52.4,52.575,2635,0.0,76.56010380125673,98.2267663010138,93.10381319087628,0.294750103075053,0.20652216772947224,0.08822793534558077
2020-06-13,52.61,52.67,52.57,52.67,1804,0.0,78.09592503057421,99.06009963434705,97.30917295024729,0.3129052781757764,0.22779878981873308,0.08510648835704332
2020-06-14,52.64,52.67,52.595,52.62,1382,0.0,75.29946910433432,98.67999487376646,98.65562026970913,0.3195749421074012,0.2461540202764667,0.07342092183093452
2020-06-15,52.64,52.66,52.605,52.66,800,0.0,76.03867447771476,98.6233190594243,98.78780452251264,0.3243494657904975,0.26179310937927286,0.06255635641122465
2020-06-16,52.65,52.77,52.65,52.72,990,0.0,77.14362327958237,97.10124904420348,98.13485432579812,0.32918022405171854,0.27527053231376203,0.05390969173795651
2020-06-17,52.78,52.995,52.78,52.96,1855,0.0,80.9314758848476,97.13476672478019,97.61977827613602,0.3483589637258717,0.28988821859618397,0.05847074512968775
2020-06-18,52.92,52.99,52.74,52.74,1064,0.0,69.5526941857969,88.96441160383345,94.40014245760574,0.34186528154778273,0.30028363118650375,0.04158165036127898
2020-06-19,52.65,52.68,52.6,52.68,744,0.0,66.7944547274157,79.93371779995884,88.67763204285752,0.3280954133849221,0.3058459876261874,0.022249425758734676
2020-06-20,52.69,52.76,52.67,52.71,700,0.0,67.48869076850417,70.37499959845388,79.75770966741543,0.3159612384609076,0.30786903779313146,0.008092200667776162
2020-06-21,52.77,52.855,52.74,52.85,1156,0.0,70.57992413566178,73.43233860176139,74.58035200005806,0.314021799549387,0.3090995901443826,0.00492220940500443
2020-06-22,52.9,52.9,52.79,52.83,1776,0.0,69.56236809866282,77.15280428421089,73.65338082814208,0.3073282585269723,0.30874532382090053,-0.0014170652939282102
2020-06-23,52.84,52.84,52.84,52.84,136,0.0,69.79683647163252,79.7569935065632,76.78071213084519,0.299379435691435,0.3068721461950074,-0.0074927105035724195
2020-06-24,52.99,53.13,52.99,53.03,2115,0.0,73.9092620882431,80.59115590037952,79.1669845637179,0.30489668918847457,0.30647705479370085,-0.001580365605226286
2020-06-25,53.03,53.07,52.88,52.88,2852,0.0,66.24103330564597,76.00792892287025,78.78535944327102,0.293778905584297,0.3039374249518201,-0.0101585193675231
2020-06-26,52.9,52.955,52.84,52.855,14734,0.0,65.03003477944264,67.64921722113476,74.74943401479487,0.2797261816142509,0.29909517628430626,-0.019368994670055373
2020-06-27,52.64,52.72,52.64,52.72,3471,0.0,58.78075303704306,46.67025592723299,63.44246735707935,0.25475921916918054,0.2902279848612811,-0.03546876569210056
2020-06-28,52.7,52.71,52.54,52.69,7935,0.0,57.45930926323481,33.22702397924116,49.18216570920299,0.22990180734846888,0.27816274935871865,-0.048260942010249774
2020-06-29,52.7,52.705,52.64,52.705,15716,0.0,57.96810932700543,25.584772163260695,35.160684023244976,0.2090032447271284,0.2643308484324006,-0.05532760370527223
2020-06-30,52.72,52.73,52.67,52.69,9774,0.0,57.23095520620134,26.271186440677592,28.360994194393168,0.1890513424485576,0.24927494723563204,-0.06022360478707445
2020-07-01,52.71,52.75,52.545,52.56,4802,0.0,51.15900717064867,18.926553672316306,23.594170758751545,0.16089470855568067,0.23159889949964177,-0.0707041909439611
2020-07-02,52.57,52.6,52.49,52.49,1622,0.0,48.19397653753558,9.604519774011324,18.267419962335087,0.1314170642401109,0.21156253244773562,-0.08014546820762472
2020-07-03,52.51,52.51,52.44,52.45,4896,0.0,46.5342872973534,1.6130352902648706,10.048036245530847,0.1036335302123561,0.18997673200065973,-0.08634320178830363
2020-07-04,52.5,52.5,52.41,52.42,1630,0.0,45.27496163256052,0.9460547504030375,4.05453660489309,0.07829163283776097,0.16763971216808,-0.08934807933031902
2020-07-05,52.395,52.42,52.3,52.31,2224,0.0,40.90391010123812,1.3476611761060517,1.302250405591332,0.04876972882248509,0.14386571549896102,-0.09509598667647592
2020-07-06,52.34,52.34,52.32,52.32,738,0.0,41.457251220158916,1.667782240071937,1.3204993888603542,0.025881972356692984,0.12026896687050741,-0.09438699451381442
2020-07-07,52.32,52.445,52.305,52.445,3444,0.0,48.010337577114456,7.028112449799591,3.3478519553258717,0.01762652814723964,0.09974047912585386,-0.08211395097861422
2020-07-08,52.62,52.64,52.55,52.64,2492,0.0,56.23963882127408,21.345120742711384,10.013671810860982,0.026513270967214453,0.08509503749412599,-0.058581766526911536
2020-07-09,52.655,52.735,52.655,52.73,6090,0.0,59.43138757981737,42.4248595452496,23.599364245920203,0.040353160402034405,0.07614666207570768,-0.035793501673673275
2020-07-10,52.73,52.795,52.69,52.72,10536,0.0,58.91718768604183,64.88439465538688,42.884791647782635,0.04993879274667279,0.07090508820990071,-0.020966295463227924
2020-07-11,52.7,52.72,52.61,52.62,9214,0.0,53.895461899848236,71.71460148559345,59.67461856207666,0.04890259252955076,0.06650458907383072,-0.017601996544279963
2020-07-12,52.64,52.725,52.64,52.725,9944,0.0,57.948378908297116,78.45117845117812,71.6833915307195,0.05590952862690557,0.06438557698444569,-0.008476048357540122
2020-07-13,52.715,52.745,52.68,52.68,10148,0.0,55.688938591212285,75.75757575757551,75.30778523144905,0.05717240416043268,0.0629429424196431,-0.005770538259210423
2020-07-14,52.675,52.68,52.6,52.64,3086,0.0,53.68517662025699,77.10437710437706,77.10437710437692,0.054319415998257625,0.061218237135366005,-0.00689882113710838
2020-07-15,52.6,52.63,52.52,52.555,11172,0.0,49.600941570816694,65.6565656565656,72.83950617283942,0.04468451739828794,0.05791149318795039,-0.013226975789662455
2020-07-16,52.57,52.62,52.48,52.48,8584,0.0,46.25698459334511,52.18855218855208,64.98316498316494,0.03064367641655963,0.05245792983367224,-0.021814253417112614
2020-07-17,52.51,52.515,52.22,52.24,19642,0.0,37.536197274225266,30.452349582784407,49.43248914263404,0.00014850269678845507,0.04199604440629549,-0.04184754170950703
2020-07-18,52.75,52.94,52.66,52.88,1624,0.0,59.47637299491356,43.836187966622994,42.15902991265317,0.02730871129016066,0.039058577783068524,-0.011749866492907865
2020-07-19,53.1,53.24,53.005,53.06,2800,0.0,63.37301142166293,59.16595623756789,44.48483126232511,0.06263584097111874,0.04377403042067857,0.018861810550440172
2020-07-20,53.16,53.335,53.16,53.31,3168,0.0,67.97849952737755,90.5924851255901,64.531543109927,0.10954301276137812,0.056927826888818485,0.05261518587255964
2020-07-21,53.37,53.49,53.37,53.49,3446,0.0,70.82315670222911,93.37026290336767,81.04290142217523,0.15940426686757547,0.07742311488456988,0.0819811519830056
2020-07-22,53.55,53.55,53.38,53.49,8090,0.0,70.82315670222911,97.74885644604798,93.90386815833527,0.1966527791517123,0.10126904773799837,0.09538373141371394
2020-07-23,53.535,53.7,53.44,53.46,18328,0.0,69.62755231239709,93.09083519609841,94.73665151517137,0.22120186679139664,0.12525561154867804,0.0959462552427186
2020-07-24,53.475,53.53,53.29,53.52,9464,0.0,70.69315656292872,89.03678114204438,93.29215759473027,0.24270098825506636,0.1487446868899557,0.09395630136511066
2020-07-25,53.53,53.68,53.51,53.68,8818,0.0,73.37570562434874,90.09009009008996,90.73923547607761,0.26954273882341795,0.17290429727664816,0.09663844154676979
2020-07-26,53.68,53.71,53.46,53.46,7348,0.0,64.61748179555806,89.90265433218444,89.67650852143963,0.26995103070661486,0.1923136439626415,0.07763738674397336
2020-07-27,53.435,53.465,53.35,53.43,4940,0.0,63.50434019230549,87.69272628333017,89.22849023520155,0.26480139009422743,0.2068111931889587,0.05799019690526874
2020-07-28,53.51,53.51,53.32,53.36,4152,0.0,60.86945749683968,80.31319910514533,85.96952657355332,0.25216504613757706,0.21588196377868238,0.036283082358894686
2020-07-29,53.31,53.32,53.31,53.32,800,0.0,59.35396344293117,77.18120805369118,81.72904448072224,0.236200217725532,0.21994561456805234,0.016254603157479675
