Date,Open,High,Low,Close,Volume,OpenInterest,rsi,stoc k,stoc d,macd,signal,histogram
2020-04-01,6.68,6.68,6.59,6.6,83956,0.0,,,,,,
2020-04-02,6.595,6.64,6.595,6.64,66286,0.0,,,,,,
2020-04-03,6.65,6.69,6.64,6.67,67996,0.0,,,,,,
2020-04-04,6.67,6.67,6.64,6.65,47870,0.0,,,,,,
2020-04-05,6.64,6.69,6.63,6.69,58472,0.0,,,,,,
2020-04-06,6.68,6.73,6.68,6.73,36968,0.0,,,,,,
2020-04-07,6.73,6.76,6.71,6.75,40456,0.0,,,,,,
2020-04-08,6.74,6.75,6.72,6.74,67654,0.0,,,,,,
2020-04-09,6.74,6.74,6.66,6.68,53080,0.0,,,,,,
2020-04-10,6.68,6.68,6.66,6.67,38822,0.0,,,,,,
2020-04-11,6.67,6.67,6.635,6.65,55822,0.0,,,,,,
2020-04-12,6.65,6.66,6.63,6.64,29130,0.0,,,,,,
2020-04-13,6.66,6.66,6.63,6.64,13682,0.0,,,,,,
2020-04-14,6.65,6.65,6.62,6.63,32404,0.0,,,,,,
2020-04-15,6.63,6.63,6.59,6.595,41634,0.0,49.27536231884059,,,,,
2020-04-16,6.59,6.6,6.5,6.54,107502,0.0,42.05518553758329,13.951734539969834,,,,
2020-04-17,6.535,6.55,6.375,6.375,141868,0.0,28.54304306790523,6.108597285067863,,,,
2020-04-18,6.37,6.52,6.36,6.5,174854,0.0,43.383802145302965,16.794871794871792,12.285067873303163,,,
2020-04-19,6.49,6.52,6.46,6.48,75210,0.0,41.88489844979424,21.666666666666675,14.856711915535442,,,
2020-04-20,6.49,6.53,6.46,6.5,65230,0.0,43.9696492262357,33.333333333333336,23.931623931623935,,,
2020-04-21,6.51,6.53,6.49,6.5,80544,0.0,43.9696492262357,33.63247863247863,29.544159544159545,,,
2020-04-22,6.5,6.51,6.46,6.47,87402,0.0,41.38686402566154,33.2816014394961,33.41580446843602,,,
2020-04-23,6.47,6.51,6.455,6.49,130188,0.0,43.75869691555927,35.15660143949612,34.02356050382361,,,
2020-04-24,6.5,6.52,6.46,6.47,246304,0.0,41.9313836546346,35.01874646293144,34.48564978064121,,,
2020-04-25,6.59,6.59,6.47,6.51,85764,0.0,46.72321286909222,42.03629032258056,37.40387940833603,,,
2020-04-26,6.51,6.57,6.51,6.53,74746,0.0,48.98979574528299,47.383512544802784,41.47951644343825,-0.07032449852848899,,
2020-04-27,6.54,6.57,6.5,6.53,63854,0.0,48.98979574528299,55.095785440612985,48.1718627693321,-0.06429166969504596,,
2020-04-28,6.53,6.59,6.53,6.58,55254,0.0,54.59103995417155,65.58961260110688,56.02297019550755,-0.054843821809072324,,
2020-04-29,6.6,6.6,6.53,6.58,49824,0.0,54.59103995417155,77.25627926777359,65.98055910316448,-0.04681666096611181,,
2020-04-30,6.57,6.6,6.55,6.58,61504,0.0,54.591039954171556,88.27160493827172,77.03916560238406,-0.03999405163369385,,
2020-05-01,6.57,6.57,6.53,6.54,49214,0.0,49.193686587675614,86.11111111111126,83.87966510571886,-0.037383812964321805,,
2020-05-02,6.55,6.55,6.52,6.52,42714,0.0,46.7071353954705,70.49808429118777,81.62693344685691,-0.036508169414651626,,
2020-05-03,6.52,6.53,6.45,6.5,105540,0.0,44.29591770198529,51.053639846743266,69.22094508301409,-0.03700151797927198,,
2020-05-04,6.5,6.51,6.48,6.5,35076,0.0,44.29591770198529,37.164750957854345,52.905491698595114,-0.0369663749119038,-0.04712561976695135,0.010159244855047551
2020-05-05,6.5,6.52,6.46,6.46,33342,0.0,39.558980351602536,24.444444444444414,37.55427841634734,-0.03970845513078025,-0.04564218683971713,0.005933731708936879
2020-05-06,6.46,6.505,6.46,6.505,46646,0.0,46.4915397181041,25.555555555555504,29.05491698595141,-0.037814546981687513,-0.04407665886811121,0.006262111886423699
2020-05-07,6.5,6.51,6.49,6.5,27780,0.0,45.86209459261297,25.555555555555504,25.185185185185134,-0.03629864120126758,-0.04252105533474249,0.006222414133474914
2020-05-08,6.505,6.52,6.495,6.5,29828,0.0,45.86209459261297,34.444444444444436,28.518518518518473,-0.03469730600348875,-0.040956305468491744,0.006258999465002996
2020-05-09,6.495,6.515,6.49,6.495,16486,0.0,45.15310327675656,32.22222222222226,30.740740740740723,-0.03344614815903402,-0.039454274006600204,0.006008125847566187
2020-05-10,6.475,6.49,6.47,6.485,28276,0.0,43.69809905382653,28.88888888888898,31.851851851851887,-0.03288246439874598,-0.03813991208502936,0.005257447686283376
2020-05-11,6.485,6.49,6.46,6.46,49444,0.0,40.209655542900045,20.00000000000005,27.037037037037095,-0.03406040487830708,-0.0373240106436849,0.0032636057653778194
2020-05-12,6.46,6.49,6.46,6.49,67032,0.0,45.80111793296179,18.88888888888896,22.592592592592663,-0.03220197756311105,-0.03629960402757013,0.004097626464459082
2020-05-13,6.495,6.53,6.49,6.51,55202,0.0,49.211133027157786,24.444444444444418,21.11111111111114,-0.02878352906757886,-0.034796389035571876,0.0060128599679930145
2020-05-14,6.51,6.52,6.5,6.5,45268,0.0,47.59857765759077,36.111111111111065,26.481481481481477,-0.026574960826721394,-0.03315210339380178,0.006577142567080384
2020-05-15,6.5,6.51,6.495,6.505,57332,0.0,48.50713638323278,45.55555555555545,35.37037037037031,-0.02414289213856513,-0.03135026114275445,0.007207369004189321
2020-05-16,6.51,6.51,6.49,6.5,74598,0.0,47.618005264480175,53.055555555555394,44.9074074074073,-0.0223611529425618,-0.029552439502715924,0.007191286560154123
2020-05-17,6.5,6.52,6.49,6.52,57352,0.0,51.451383776192,67.73809523809483,55.44973544973522,-0.01911493388082075,-0.02746493837833689,0.00835000449751614
2020-05-18,6.52,6.52,6.495,6.5,73412,0.0,47.6926961889328,68.45238095238052,63.08201058201025,-0.01794920744919004,-0.025561792192507524,0.007612584743317483
2020-05-19,6.5,6.52,6.495,6.5,62154,0.0,47.6926961889328,66.66666666666627,67.61904761904721,-0.01683133964721062,-0.023815701683448143,0.006984362036237524
2020-05-20,6.495,6.52,6.495,6.52,287866,0.0,51.77825493580595,66.66666666666627,67.26190476190435,-0.014168265561361082,-0.021886214459030735,0.007717948897669653
2020-05-21,6.49,6.55,6.46,6.5,2400,0.0,47.76084789466508,62.43386243386214,65.25573192239823,-0.01351579138513781,-0.02021212984425215,0.00669633845911434
2020-05-22,6.47,6.53,6.4,6.43,2000,0.0,36.95373872593504,50.05291005290969,59.71781305114602,-0.018434613140118294,-0.01985662650342538,0.0014220133633070856
2020-05-23,6.54,6.54,6.4,6.46,2000,0.0,42.91536362915693,34.81481481481472,49.10052910052883,-0.01968514741379046,-0.019822330685498397,0.00013718327170793645
2020-05-24,6.48,6.56,6.41,6.53,1000,0.0,53.8751429958878,47.08333333333329,43.983686067019214,-0.014856532985313642,-0.018829171145461447,0.003972638160147805
2020-05-25,6.48,6.53,6.45,6.48,800,0.0,46.942408217933064,57.083333333333506,46.32716049382716,-0.014892729282259154,-0.01804188277282099,0.003149153490561836
2020-05-26,6.51,6.57,6.51,6.52,1800,0.0,52.237548060196,67.27941176470596,57.14869281045757,-0.011560487300865674,-0.016745603678429928,0.005185116377564254
2020-05-27,6.5,6.57,6.48,6.54,1800,0.0,54.673329977737836,67.64705882352932,64.00326797385625,-0.007222571363297625,-0.014840997215403468,0.007618425852105842
2020-05-28,6.52,6.565,6.42,6.42,1400,0.0,41.122468664851354,54.90196078431347,63.276143790849574,-0.01331426034254335,-0.014535649840831444,0.0012213894982880946
2020-05-29,6.51,6.54,6.51,6.54,400,0.0,53.52691897004995,58.82352941176455,60.45751633986911,-0.008362572103006727,-0.013301034293266501,0.004938462190259774
2020-05-30,6.5,6.52,6.46,6.52,1400,0.0,51.5765635272165,54.901960784313474,56.20915032679716,-0.005983185908463362,-0.011837464616305873,0.005854278707842511
2020-05-31,6.78,6.78,6.78,6.78,100,0.0,67.93397761010206,84.3137254901959,66.01307189542463,0.016689930750035664,-0.006131985543037566,0.02282191629307323
2020-06-01,6.77,6.86,6.75,6.845,49613,0.0,70.60714133695073,89.10912190963326,76.1082693947142,0.03944875513205037,0.002984162591980021,0.036464592540070354
2020-06-02,6.85,6.9,6.845,6.845,41984,0.0,70.60714133695073,95.24637681159415,89.55640807047443,0.05683018443269372,0.013753366960122762,0.04307681747257096
2020-06-03,6.85,6.87,6.825,6.84,27511,0.0,70.08590204082377,91.24637681159412,91.86729184427384,0.06940161554365165,0.02488301667682854,0.04451859886682311
2020-06-04,6.83,6.86,6.78,6.79,39168,0.0,64.92434444795751,84.99999999999993,90.49758454106274,0.07447152179248029,0.03480071769995889,0.0396708040925214
2020-06-05,6.8,6.85,6.795,6.85,34246,0.0,67.97251252015698,85.33333333333326,87.19323671497578,0.08238131703822926,0.04431683756761297,0.038064479470616294
2020-06-06,6.85,6.86,6.83,6.85,48586,0.0,67.97251252015698,85.93197278911556,85.42176870748291,0.0876396316377388,0.05298139638163814,0.034658235256100664
2020-06-07,6.86,6.86,6.78,6.78,62348,0.0,60.82092746681419,84.93197278911559,85.39909297052147,0.08517660596342047,0.05942043829799461,0.025756167665425864
2020-06-08,6.775,6.79,6.74,6.74,59308,0.0,57.1224542513427,77.15419501133786,82.67271352985635,0.07908532823039849,0.06335341628447538,0.015731911945923105
2020-06-09,6.75,6.75,6.71,6.745,54476,0.0,57.47059387387905,69.79166666666669,77.29261148904006,0.0738105627332386,0.06544484557422803,0.008365717159010577
2020-06-10,6.75,6.77,6.74,6.75,30932,0.0,57.83924586933162,67.70833333333333,71.55139833711263,0.06923562608750622,0.06620300167688367,0.0030326244106225475
2020-06-11,6.75,6.75,6.73,6.75,21780,0.0,57.83924586933163,67.45580808080807,68.3186026936027,0.06486226403073658,0.06593485414765426,-0.0010725901169176821
2020-06-12,6.74,6.77,6.74,6.77,14880,0.0,59.46907885388463,68.37121212121207,67.84511784511784,0.06229211126226186,0.06520630557057579,-0.002914194308313925
2020-06-13,6.77,6.78,6.77,6.77,10362,0.0,59.46907885388463,55.980861244019,63.93596048201308,0.05956857719850284,0.0640787598961612,-0.004510182697658363
2020-06-14,6.77,6.77,6.74,6.74,19520,0.0,55.72176375681791,39.27432216905893,54.54213184476337,0.05436274763631577,0.062135557444192115,-0.007772809807876348
2020-06-15,6.74,6.75,6.72,6.72,20119,0.0,53.31001942610253,17.543859649122737,37.59968102073359,0.04806914615441649,0.05932227518623699,-0.011253129031820505
2020-06-16,6.725,6.735,6.715,6.735,9544,0.0,54.887097270191504,12.225877192982546,23.01468633705478,0.043787046461710055,0.05621522944133161,-0.012428182979621553
2020-06-17,6.73,6.775,6.73,6.77,9377,0.0,58.41658037058726,20.296052631578885,16.6885964912281,0.042725150161592396,0.05351721358538376,-0.010792063423791368
2020-06-18,6.78,6.8,6.76,6.8,33038,0.0,61.217400047552914,38.541666666666565,23.687865497076043,0.04379944622091081,0.05157366011248917,-0.007774213891578362
2020-06-19,6.8,6.82,6.8,6.805,30831,0.0,61.6806511922736,54.44444444444417,37.76072124756325,0.04454085257825913,0.05016709860564317,-0.005626246027384041
2020-06-20,6.8,6.81,6.8,6.81,8072,0.0,62.16731763172416,63.33333333333305,52.1064814814813,0.04501299884024679,0.0491362786525639,-0.00412327981231711
2020-06-21,6.8,6.81,6.8,6.81,11875,0.0,62.16731763172416,73.63636363636323,63.80471380471352,0.0448699453550212,0.04828301199305536,-0.0034130666380341596
2020-06-22,6.81,6.81,6.79,6.8,22916,0.0,60.38835892146601,79.79797979797938,72.25589225589192,0.043448807207279394,0.047316171035900176,-0.0038673638286207818
2020-06-23,6.8,6.805,6.78,6.78,25425,0.0,56.88247978922789,78.21067821067795,77.21500721500688,0.04024479518603119,0.045901895865926384,-0.005657100679895194
2020-06-24,6.77,6.8,6.77,6.79,31940,0.0,58.18950425318438,71.71717171717164,76.57527657527635,0.03807362001056891,0.044336240694854895,-0.0062626206842859855
2020-06-25,6.78,6.82,6.78,6.82,42510,0.0,61.91895390906791,77.77777777777781,75.90187590187583,0.03833183182454469,0.04313535892079286,-0.004803527096248164
2020-06-26,6.82,6.845,6.81,6.84,169266,0.0,64.21089620631943,89.19413919413921,79.56302956302959,0.03969274613094065,0.04244683636282241,-0.0027540902318817645
2020-06-27,6.87,6.905,6.86,6.9,47833,0.0,70.03708787857826,97.84075573549266,88.27089090246993,0.045092975332464924,0.04297606415675091,0.002116911175714012
2020-06-28,6.88,6.89,6.82,6.86,74409,0.0,62.70799411025452,89.94601889338742,92.32697127433978,0.04561916088542706,0.043504683502486145,0.0021144773829409116
2020-06-29,6.85,6.85,6.81,6.84,78424,0.0,59.363019183386605,79.82456140350881,89.20377867746299,0.043916096451019015,0.04358696609219272,0.00032913035882629893
2020-06-30,6.86,6.89,6.86,6.87,54910,0.0,62.58683587404933,74.03508771929822,81.26855600539817,0.044474480766499624,0.0437644690270541,0.0007100117394455221
2020-07-01,6.86,6.9,6.86,6.895,33594,0.0,65.07344804936594,79.63097398669066,77.83020770316591,0.046399431660206325,0.04429146155368455,0.002107970106521778
2020-07-02,6.905,6.91,6.87,6.87,30090,0.0,60.72685398445936,81.51067323481102,78.39224498026664,0.045384513623536016,0.04451007196765484,0.0008744416558811724
2020-07-03,6.88,6.9,6.87,6.89,76590,0.0,62.86391094682846,83.41543513957288,81.51902745369152,0.045667589080578,0.04474157539023948,0.0009260136903385188
2020-07-04,6.89,6.9,6.88,6.88,23520,0.0,61.07440022653795,78.5714285714285,81.16584564860415,0.04457122268275526,0.04470750484874264,-0.00013628216598737808
2020-07-05,6.89,6.89,6.85,6.86,25400,0.0,57.546115687032966,76.19047619047619,79.39244663382588,0.0416088704031754,0.04408777795962919,-0.0024789075564537882
2020-07-06,6.85,6.86,6.82,6.83,20190,0.0,52.63422631478308,61.90476190476206,72.22222222222227,0.03642060157554816,0.04255434268281298,-0.00613374110726482
2020-07-07,6.83,6.88,6.83,6.86,18804,0.0,56.62163225906612,57.142857142857416,65.07936507936523,0.034333831393498215,0.04091024042495003,-0.006576409031451812
2020-07-08,6.86,6.87,6.85,6.87,16220,0.0,57.89405853098393,58.79120879120895,59.279609279609495,0.033105349554074515,0.039349262250774925,-0.00624391269670041
2020-07-09,6.87,6.89,6.86,6.88,34144,0.0,59.18343735282071,67.83882783882791,61.25763125763144,0.0325633156393792,0.03799207292849578,-0.005428757289116584
2020-07-10,6.87,6.88,6.86,6.86,38642,0.0,55.521483311760925,63.07692307692321,63.235653235653366,0.03017211168183298,0.03642808067916323,-0.006255968997330247
2020-07-11,6.87,6.895,6.87,6.89,27982,0.0,59.56319626970764,66.6666666666667,65.86080586080594,0.0303479819523389,0.03521206093379836,-0.004864078981459463
2020-07-12,6.89,6.89,6.86,6.86,25616,0.0,54.25396840917693,60.00000000000022,63.24786324786337,0.027746763708975664,0.03371900148883382,-0.0059722377798581555
2020-07-13,6.87,6.89,6.86,6.88,15432,0.0,57.00541183595483,65.55555555555553,64.07407407407415,0.026988011367777176,0.03237280346462249,-0.005384792096845316
2020-07-14,6.88,6.89,6.86,6.86,57660,0.0,53.53763585002856,53.70370370370383,59.753086419753195,0.024490550002248312,0.030796352772147657,-0.006305802769899345
2020-07-15,6.86,6.88,6.845,6.88,38726,0.0,56.39432289436856,59.259259259259125,59.506172839506156,0.023850196510712074,0.02940712151986054,-0.0055569250091484675
2020-07-16,6.87,6.88,6.85,6.85,40212,0.0,51.299272226478855,49.53703703703673,54.16666666666655,0.0206835355528332,0.027662404326455073,-0.006978868773621874
2020-07-17,6.85,6.85,6.84,6.84,201520,0.0,49.68778744792009,43.05555555555503,50.61728395061695,0.01716910277326633,0.025563744015817326,-0.008394641242550994
2020-07-18,6.89,6.895,6.77,6.79,53890,0.0,42.49910250581956,26.166666666666373,39.586419753086034,0.010231366518355323,0.022497268516324928,-0.012265901997969605
2020-07-19,6.78,6.79,6.73,6.77,54660,0.0,40.00584078833018,21.747474747474598,30.32323232323199,0.0030837798056086996,0.018614570774181684,-0.015530790968572985
2020-07-20,6.77,6.77,6.67,6.67,75946,0.0,30.40199998900836,13.414141414141449,20.4427609427608,-0.010528532061137241,0.0127859502071179,-0.02331448226825514
2020-07-21,6.69,6.71,6.66,6.71,56264,0.0,36.92467474223207,15.173006662368268,16.778207607994762,-0.017882582303617944,0.0066522437049707315,-0.024534826008588674
2020-07-22,6.71,6.77,6.7,6.77,26122,0.0,45.218233709581554,22.695035460992898,17.09406117916753,-0.018654187681018897,0.001590957427772806,-0.020245145108791704
2020-07-23,6.76,6.77,6.73,6.76,35470,0.0,44.17568075848996,36.87943262411345,24.91582491582486,-0.019843859270936015,-0.0026960059119689583,-0.017147853358967055
2020-07-24,6.75,6.75,6.71,6.71,26400,0.0,39.2970378550009,36.87943262411344,32.15130023640659,-0.02453840129413809,-0.007064484988402785,-0.017473916305735304
2020-07-25,6.71,6.72,6.69,6.69,27068,0.0,37.51245803695795,25.531914893617074,33.09692671394798,-0.02953226297847955,-0.011558040586418138,-0.017974222392061413
2020-07-26,6.69,6.71,6.68,6.71,16984,0.0,40.425976520367314,18.439716312056802,26.950354609929096,-0.03151284107329477,-0.015549000683793467,-0.015963840389501306
2020-07-27,6.7,6.73,6.7,6.72,23658,0.0,41.88501633757364,19.858156028368832,21.276595744680897,-0.03190773455415119,-0.018820747457865012,-0.013086987096286178
2020-07-28,6.72,6.72,6.68,6.685,52208,0.0,38.345250610913446,19.14893617021269,19.148936170212767,-0.03464552591887671,-0.02198570315006735,-0.012659822768809358
2020-07-29,6.68,6.69,6.675,6.68,5046,0.0,37.8530934024043,14.893617021276476,17.96690307328599,-0.036794558744017714,-0.024947474268857423,-0.01184708447516029
