Date,Open,High,Low,Close,Volume,OpenInterest,rsi,stoc k,stoc d,macd,signal,histogram
2020-04-01,91.28,91.63,91.12,91.55,10774,0.0,,,,,,
2020-04-02,91.71,91.93,91.71,91.93,1222,0.0,,,,,,
2020-04-03,92.35,92.35,92.35,92.35,226,0.0,,,,,,
2020-04-04,92.69,92.69,92.465,92.465,620,0.0,,,,,,
2020-04-05,92.46,92.46,92.06,92.17,1202,0.0,,,,,,
2020-04-06,92.09,92.48,92.09,92.48,1034,0.0,,,,,,
2020-04-07,92.615,92.64,92.58,92.58,802,0.0,,,,,,
2020-04-08,92.6,92.71,92.235,92.24,1606,0.0,,,,,,
2020-04-09,92.315,92.315,91.85,91.9,1910,0.0,,,,,,
2020-04-10,91.945,91.945,91.945,91.945,200,0.0,,,,,,
2020-04-11,92.1,92.41,92.1,92.2,2304,0.0,,,,,,
2020-04-12,92.16,92.21,91.93,91.985,2402,0.0,,,,,,
2020-04-13,92.215,92.22,92.07,92.07,2800,0.0,,,,,,
2020-04-14,91.98,91.98,91.63,91.63,1070,0.0,,,,,,
2020-04-15,91.785,91.83,91.72,91.72,1402,0.0,52.47813411078721,,,,,
2020-04-16,91.74,91.745,91.28,91.28,2378,0.0,46.10837438423649,13.46960167714884,,,,
2020-04-17,91.24,91.29,90.8,90.93,3766,0.0,41.765634653669345,5.046538685282424,,,,
2020-04-18,90.9,91.06,90.61,91.02,2894,0.0,43.24590268549971,8.776697415441008,9.09761259262409,,,
2020-04-19,91.195,91.195,91.025,91.05,1384,0.0,43.75909101715114,15.760824399567975,9.861353500097136,,,
2020-04-20,91.01,91.27,91.01,91.2,2312,0.0,46.37028840096954,22.857142857142886,15.798221557383956,,,
2020-04-21,91.135,91.49,91.135,91.47,6400,0.0,50.7984488993337,30.00000000000009,22.872655752236984,,,
2020-04-22,91.23,91.335,90.94,90.97,3278,0.0,43.616254104510354,29.682539682539794,27.51322751322759,,,
2020-04-23,90.925,91.345,90.925,91.33,8190,0.0,49.18683117779693,33.65079365079368,31.11111111111119,,,
2020-04-24,91.3,91.3,90.62,91.03,19976,0.0,45.180890734665425,27.777777777777825,30.370370370370438,,,
2020-04-25,90.89,90.89,90.23,90.495,2464,0.0,39.06985705985358,25.549972082635467,28.992847837068993,,,
2020-04-26,90.315,90.79,90.305,90.41,3646,0.0,38.186135551574466,15.231714126186441,22.853154662199916,-0.5436890481437047,,
2020-04-27,90.505,90.505,90.0,90.02,4766,0.0,34.34732335356938,7.790636685108889,16.19077429797694,-0.5885389907698624,,
2020-04-28,89.975,89.975,89.66,89.75,2206,0.0,31.952467396352745,4.734264192847303,9.252205001380885,-0.6385092992003791,,
2020-04-29,89.66,90.03,89.59,90.03,5156,0.0,36.86846642351839,8.525066619520576,7.0166558324922645,-0.6480471841621664,,
2020-04-30,89.99,90.27,89.99,90.27,2818,0.0,40.81528241569825,20.11819084422374,11.125840552197216,-0.6289894338141409,,
2020-05-01,90.29,90.31,89.995,90.01,2790,0.0,38.04071071763519,26.104123417592657,18.249126960445665,-0.6276309179139616,,
2020-05-02,89.98,90.0,89.74,89.74,1208,0.0,35.35304603554815,21.92982456140336,22.71737960773993,-0.6409525260501283,,
2020-05-03,89.495,89.78,89.495,89.78,1312,0.0,36.073634632492485,14.761904761904653,20.931950913633564,-0.640894497939712,,
2020-05-04,89.74,89.89,89.74,89.75,1576,0.0,35.75176298131187,11.654135338345638,16.11528822055122,-0.6359385557114621,-0.6214656059672797,-0.01447294974418234
2020-05-05,89.57,89.57,89.47,89.56,1964,0.0,33.70083452638531,10.622556390977415,12.346198830409241,-0.6399652271199585,-0.6251655301978155,-0.014799696922143002
2020-05-06,89.585,89.585,89.01,89.05,2506,0.0,28.907243417604747,6.431672328572932,9.569454685965333,-0.6765107363189884,-0.6354345714220502,-0.041076164896938216
2020-05-07,89.02,89.23,89.01,89.11,3844,0.0,30.165747353819754,3.6266247751916403,6.8936178315806655,-0.6926474089242589,-0.646877138922492,-0.04577027000176692
2020-05-08,89.08,89.32,89.01,89.32,1728,0.0,34.53390579803961,7.5230786759006,5.860458593221726,-0.6806445466187085,-0.6536306204617353,-0.02701392615697329
2020-05-09,89.295,89.295,89.16,89.24,1564,0.0,33.669879752578254,11.259174081269075,7.46962584412044,-0.669865728041799,-0.656877641977748,-0.012988086064050997
2020-05-10,89.18,89.38,89.18,89.38,672,0.0,36.65667021300294,18.053291298777133,12.278514685315605,-0.6426188960736567,-0.6540258927969298,0.011406996723273055
2020-05-11,89.315,89.315,89.0,89.08,1676,0.0,33.206108090933455,14.592460807737275,14.63497539592783,-0.6378799947188725,-0.6507967131813184,0.012916718462445909
2020-05-12,89.205,89.45,89.205,89.41,1912,0.0,39.90707607092676,20.71791467742316,17.787888927979193,-0.6005731062532078,-0.6407519917956963,0.040178885542488496
2020-05-13,89.85,89.85,89.62,89.62,586,0.0,43.77285374397738,28.244274809160245,21.18488343144023,-0.5477477878684027,-0.6221511510102377,0.07440336314183493
2020-05-14,89.63,89.88,89.63,89.86,1862,0.0,47.89804586986269,48.09160305343505,32.351264180006154,-0.48097299098151325,-0.5939155190044928,0.11294252802297955
2020-05-15,89.59,89.605,89.59,89.605,600,0.0,44.18849784037712,57.82569974554725,44.72052586938085,-0.44351726132960323,-0.563835867469515,0.12031860613991174
2020-05-16,89.45,89.48,89.4,89.48,812,0.0,42.452838643479595,60.02714641049855,55.314816403160286,-0.41908878640197145,-0.5348864512560063,0.11579766485403487
2020-05-17,89.59,89.59,89.405,89.41,1914,0.0,41.47048681132452,53.50000000000015,57.11761538534865,-0.40075777286720893,-0.5080607155782468,0.10730294271103791
2020-05-18,89.34,89.34,89.03,89.03,2082,0.0,36.52889268705912,34.46969696969703,49.332281126731914,-0.41214221784291283,-0.48887701603118006,0.07673479818826723
2020-05-19,89.09,89.36,89.09,89.14,5578,0.0,38.802196827202636,21.795199182839607,36.58829871751227,-0.40758994860344444,-0.47261960254563296,0.06502965394218851
2020-05-20,89.14,89.42,89.095,89.42,14745,0.0,44.2735284999522,22.348484848485104,26.20446033367392,-0.3770422738590895,-0.4535041368083243,0.0764618629492348
2020-05-21,89.42,89.5,89.33,89.5,2400,0.0,45.765463097536404,40.15151515151546,28.0983997276134,-0.3424303660239616,-0.4312893826514518,0.08885901662749018
2020-05-22,89.37,89.465,89.37,89.465,1200,0.0,45.19537110940281,52.462121212121694,38.320707070707435,-0.31420245685370674,-0.40787199749190284,0.0936695406381961
2020-05-23,89.47,89.5,89.37,89.49,1400,0.0,45.71553391509342,55.113636363636594,49.2424242424246,-0.2865116168273971,-0.3835999213590017,0.09708830453160461
2020-05-24,89.46,89.46,89.46,89.46,800,0.0,45.16160082322057,53.59848484848484,53.72474747474772,-0.2639445869853887,-0.35966885448427915,0.09572426749889046
2020-05-25,89.47,89.52,89.45,89.52,1400,0.0,46.55637563604525,55.200534759357986,54.63755199049316,-0.23846962529168536,-0.3354290086457604,0.09695938335407506
2020-05-26,89.47,89.48,89.45,89.47,1000,0.0,45.51741204957735,53.89483065953635,54.23128342245974,-0.21978161114085992,-0.3122995291447803,0.0925179180039204
2020-05-27,89.47,89.47,89.4,89.4,1200,0.0,44.035782601745936,50.98039215686298,53.35858585858579,-0.2082194164512856,-0.2914835066060814,0.0832640901547958
2020-05-28,89.45,89.45,89.39,89.45,1000,0.0,45.40284611110672,56.11253196930975,53.66258492856971,-0.19279924207683052,-0.2717466537002312,0.07894741162340069
2020-05-29,89.455,89.47,89.455,89.47,600,0.0,45.97136762660844,65.04810619900137,57.38034344172471,-0.17692532492216628,-0.25278238794461827,0.07585706302245199
2020-05-30,89.47,89.48,89.47,89.47,800,0.0,45.97136762660845,76.7287784679084,65.96313887873985,-0.16247225222353734,-0.2347203608004021,0.07224810857686476
2020-05-31,89.48,89.59,89.48,89.48,800,0.0,46.295651776807034,79.16666666666625,73.64785044452535,-0.1484993633317515,-0.217476161306672,0.06897679797492048
2020-06-01,89.45,89.47,89.38,89.38,1300,0.0,43.4848853293925,72.3095238095231,76.06832298136591,-0.1438368508002128,-0.20274829920538018,0.05891144840516738
2020-06-02,89.47,89.625,89.03,89.03,1100,0.0,35.38685722796227,46.11904761904716,65.86507936507883,-0.16646494667094203,-0.19549162869849257,0.029026682027550543
2020-06-03,88.99,89.43,88.99,89.43,1350,0.0,47.43486783905083,42.430446194225645,53.61967254093196,-0.1503876434737066,-0.18647083165353537,0.03608318817982878
2020-06-04,89.37,89.7,89.17,89.7,2465,0.0,53.70932865299953,56.43044619422617,48.326646669166315,-0.11453918491777415,-0.17208450230638314,0.05754531738860899
2020-06-05,89.77,89.88,89.73,89.73,798,0.0,54.3611898621421,84.14580199946994,61.00223146264057,-0.08275433351447248,-0.154218468548001,0.07146413503352853
2020-06-06,89.77,89.895,89.77,89.77,912,0.0,55.26572508056222,89.77797090653291,76.78473970007632,-0.05371771963991989,-0.1341183187663848,0.08040059912646491
2020-06-07,89.71,89.81,89.64,89.64,1016,0.0,51.680735500119525,80.38570571316292,84.76982620638857,-0.040726438460268355,-0.11543994270516152,0.07471350424489316
2020-06-08,89.48,89.48,89.35,89.42,830,0.0,46.2169086226502,68.50828729281811,79.5573213041713,-0.0476338228527311,-0.10187871873467544,0.05424489588194434
2020-06-09,89.31,89.37,89.27,89.27,1568,0.0,42.88760573245895,50.092081031308,66.32869134576299,-0.06446856762913455,-0.09439668851356726,0.02992812088443271
2020-06-10,89.27,89.27,88.93,88.95,910,0.0,36.79762875096235,26.841859178045727,48.48074250072392,-0.1024505634781292,-0.09600746350647965,-0.006443099971649546
2020-06-11,89.27,89.27,89.24,89.24,504,0.0,44.49042849523374,21.712039237015233,32.881993148789626,-0.10790710651106394,-0.09838739210739651,-0.009519714403667431
2020-06-12,89.14,89.14,88.92,88.93,807,0.0,39.022591693839544,11.740844072450052,20.098247495836983,-0.1356818099526862,-0.10584627567645447,-0.02983553427623173
2020-06-13,89.21,89.3,89.21,89.3,570,0.0,47.34109995013793,24.041450777201884,19.164778028889035,-0.12638071652429517,-0.1099531638460226,-0.01642755267827256
2020-06-14,89.23,89.23,88.92,88.94,491,0.0,41.42036199239025,14.01709401709399,16.59979628891529,-0.14637124769551235,-0.11723678061592056,-0.02913446707959179
2020-06-15,88.99,88.99,88.84,88.84,308,0.0,39.92659800241927,13.675213675213472,17.244586156503097,-0.16834250433738873,-0.12745792536021422,-0.04088457897717451
2020-06-16,88.84,88.84,88.79,88.79,301,0.0,39.166039817498465,0.6837606837605605,9.458689458689323,-0.18762662273958597,-0.13949166483608857,-0.048134957903497394
2020-06-17,88.8,88.8,88.625,88.625,555,0.0,36.68273265457867,8.881784197001252e-15,4.786324786324662,-0.21375946054483563,-0.154345223977838,-0.059414236566997625
2020-06-18,88.57,88.57,88.37,88.37,759,0.0,33.18123203690426,8.881784197001252e-15,0.2279202279201744,-0.2521397812122643,-0.17390413542472327,-0.07823564578754105
2020-06-19,88.335,88.555,88.335,88.51,765,0.0,36.75083459725869,3.7393162393164854,1.246438746438816,-0.2681683540290436,-0.19275697914558734,-0.07541137488345626
2020-06-20,88.44,88.565,88.44,88.465,889,0.0,36.08356701648241,6.677169346661319,3.472161861992586,-0.2812600466458548,-0.21045759264564085,-0.07080245400021395
2020-06-21,88.44,88.59,88.405,88.59,423,0.0,39.376306661365014,14.100750132687736,8.17241190622183,-0.27834031810749593,-0.2240341377380119,-0.054306180369484036
2020-06-22,88.52,88.78,88.48,88.78,450,0.0,44.09101410118418,24.69315692074655,15.157025466698515,-0.2577241169095572,-0.23077213357232096,-0.02695198333723625
2020-06-23,88.68,88.68,88.64,88.64,324,0.0,41.52821401570799,32.29070968559535,23.694872246343195,-0.24980288671847006,-0.2345782842015508,-0.015224602516919261
2020-06-24,88.56,88.56,88.51,88.51,401,0.0,39.246974801196835,30.912033908204887,29.29863350484891,-0.25112040851499273,-0.2378867090642392,-0.013233699450753533
2020-06-25,88.27,88.27,88.07,88.07,945,0.0,32.69963994855219,16.580310880829597,26.594351491543264,-0.28439059899926633,-0.24718748705124463,-0.0372031119480217
2020-06-26,88.055,88.055,87.59,87.76,3362,0.0,29.025679606428923,9.358745164581427,18.950363317871954,-0.3319454137775608,-0.2641390723965079,-0.0678063413810529
2020-06-27,87.685,87.685,87.22,87.5,6674,0.0,26.351485466227132,7.957289575514306,11.298781873641758,-0.38616134656651013,-0.28854352723050836,-0.09761781933600178
2020-06-28,88.545,88.55,88.5,88.53,1030,0.0,47.131851634818055,32.62772272052382,16.64791915353983,-0.3420722757137753,-0.29924927692716174,-0.04282299878661355
2020-06-29,88.595,88.67,88.395,88.67,4311,0.0,49.228773988355016,59.14927351108039,33.24476193570615,-0.29246320566434747,-0.2978920626745989,0.00542885701025142
2020-06-30,88.62,88.62,88.4,88.4,2130,0.0,45.48207397920047,79.40033885944422,57.05911169701613,-0.27180124815363627,-0.29267389977040636,0.0208726516167701
2020-07-01,88.2,88.215,88.13,88.13,938,0.0,42.03664991566176,74.17435015887905,70.9079875098012,-0.27405411622186193,-0.2889499430606975,0.014895826838835557
2020-07-02,88.195,88.195,88.115,88.115,452,0.0,41.846988577225275,63.462890836308524,72.34585995154391,-0.273892641161666,-0.28593848268089117,0.012045841519225164
2020-07-03,88.04,88.11,88.04,88.11,962,0.0,41.77932179457932,57.585470085469865,65.0742370268858,-0.27104370610128115,-0.2829595273649692,0.011915821263688064
2020-07-04,88.18,88.18,88.15,88.15,972,0.0,42.57925697204093,58.01282051282052,59.68706047819963,-0.26253193411832854,-0.27887400871564105,0.016342074597312517
2020-07-05,88.13,88.13,88.07,88.07,814,0.0,41.355417041063724,57.05128205128202,57.54985754985746,-0.25925311636395065,-0.27494983024530295,0.015696713881352298
2020-07-06,88.1,88.26,88.1,88.26,400,0.0,45.37142624944466,61.77848027163096,58.94752761191116,-0.2385730954297287,-0.2676744832821881,0.029101387852459415
2020-07-07,88.41,88.43,88.305,88.305,2582,0.0,46.30922588492137,66.84921413546829,61.892992152793745,-0.2160622745219598,-0.25735204153014246,0.041289767008182654
2020-07-08,88.46,88.79,88.46,88.79,630,0.0,55.229805727523875,82.0201543064086,70.21594957116928,-0.15727388464240732,-0.23733641015259546,0.08006252551018814
2020-07-09,88.825,89.09,88.805,89.01,5156,0.0,58.59071491026023,90.18317044686232,79.68417962957973,-0.0918724522907155,-0.20824361858021948,0.11637116628950397
2020-07-10,89.01,89.055,88.85,88.935,2200,0.0,57.019222262313065,95.81105169340468,89.33812548222518,-0.04556794030816036,-0.17570848292580765,0.1301405426176473
2020-07-11,89.09,89.31,89.09,89.18,2538,0.0,60.725077086943195,92.39897820259114,92.79773344761936,0.01077397580704087,-0.13841199117923794,0.1491859669862788
2020-07-12,89.35,89.365,89.24,89.345,2450,0.0,63.03655183538948,93.32185850393988,93.84396279997856,0.0679561154892383,-0.0971383698455427,0.165094485334781
2020-07-13,89.37,89.37,89.085,89.085,1876,0.0,57.31257556298716,88.94192471224109,91.55425380625735,0.09124176777029902,-0.05946234232237435,0.15070411009267337
2020-07-14,89.0,89.0,88.82,88.82,1614,0.0,52.117997185114525,78.56953705017213,86.94444008878435,0.08730611907003549,-0.030108650043892387,0.11741476911392788
2020-07-15,88.83,88.87,88.76,88.76,1540,0.0,50.991098668585124,63.784461152881626,77.09864097176494,0.07844136730692242,-0.008398646573729424,0.08684001388065184
2020-07-16,88.76,88.76,88.515,88.515,1292,0.0,46.563742275087826,49.49874686716749,63.95091502340707,0.05105797071409768,0.0034926768838359967,0.04756529383026168
2020-07-17,88.435,88.525,88.13,88.13,3808,0.0,40.5983641546855,31.488336225178255,48.25718141507577,-0.0016903653140474262,0.002456068444259312,-0.004146433758306738
2020-07-18,88.145,88.145,87.525,87.55,11926,0.0,33.61219732894412,13.894894626601719,31.627325906315804,-0.0892659520561665,-0.01588833565582585,-0.07337761640034066
2020-07-19,88.04,88.42,87.855,88.03,1204,0.0,42.43993854730334,11.113890626085576,18.832373825955166,-0.11857142939480525,-0.03642495440362173,-0.08214647499118352
2020-07-20,87.765,87.765,87.655,87.685,1172,0.0,38.479417469996974,12.466124661246335,12.491636637977857,-0.16770168737356528,-0.06268030099761043,-0.10502138637595484
2020-07-21,87.635,87.7,87.225,87.225,2562,0.0,33.93250195036305,12.014453477867988,11.86482292173328,-0.24097808109056018,-0.09833985701620039,-0.14263822407435978
2020-07-22,87.25,87.25,87.02,87.14,1968,0.0,33.15293019980828,4.592823233196882,9.691133790770381,-0.3024227988905892,-0.13915644539107816,-0.16326635349951105
2020-07-23,87.165,87.165,86.76,86.76,3928,0.0,29.851133073648384,1.7021276595745398,6.103134790213116,-0.37743022396023207,-0.18681120110490895,-0.19061902285532312
2020-07-24,86.825,87.37,86.825,87.37,4098,0.0,40.15473723604075,9.492676829434048,5.262542574068469,-0.383234557288759,-0.226095872341679,-0.15713868494708
2020-07-25,87.28,88.065,87.17,88.065,3946,0.0,49.29322167514205,24.4572158365261,11.884006775178207,-0.3279731710670717,-0.24647133208675753,-0.08150183898031416
2020-07-26,87.93,87.93,87.74,87.79,1216,0.0,46.2816981726428,37.61174968071513,23.853880782225072,-0.3028769491433536,-0.2577524554980768,-0.04512449364527682
2020-07-27,87.76,88.24,87.76,88.24,2044,0.0,51.50299600315919,51.845010034665044,37.97132518396874,-0.24386564194790594,-0.25497509278804265,0.011109450840136703
2020-07-28,88.265,88.345,88.055,88.1,3354,0.0,49.878677009813856,56.34737970291142,48.60137980609718,-0.20602070734238964,-0.24518421569891205,0.03916350835652241
2020-07-29,88.02,88.12,88.005,88.12,3216,0.0,50.120694010707915,65.85951252538904,58.017300754321816,-0.17242686162759924,-0.2306327448846495,0.058205883257050256
