Date,Open,High,Low,Close,Volume,OpenInterest,rsi,stoc k,stoc d,macd,signal,histogram
2020-04-01,105.63,105.85,105.51,105.85,2762,0.0,,,,,,
2020-04-02,105.725,105.755,105.36,105.4,2400,0.0,,,,,,
2020-04-03,105.285,105.285,104.735,104.835,2612,0.0,,,,,,
2020-04-04,104.83,104.83,104.45,104.45,3423,0.0,,,,,,
2020-04-05,104.55,104.55,103.955,104.095,2438,0.0,,,,,,
2020-04-06,104.01,104.03,103.62,104.03,1130,0.0,,,,,,
2020-04-07,104.105,104.385,104.105,104.28,1163,0.0,,,,,,
2020-04-08,104.435,104.435,103.745,103.745,1519,0.0,,,,,,
2020-04-09,103.79,104.02,103.11,103.16,2038,0.0,,,,,,
2020-04-10,103.17,103.22,102.79,103.06,1795,0.0,,,,,,
2020-04-11,103.01,103.025,102.41,102.47,2553,0.0,,,,,,
2020-04-12,102.56,103.1,102.43,103.03,1935,0.0,,,,,,
2020-04-13,103.02,103.26,102.71,102.9,2601,0.0,,,,,,
2020-04-14,102.9,103.35,102.76,103.13,1371,0.0,,,,,,
2020-04-15,103.285,103.285,102.79,102.79,1949,0.0,20.233463035019412,,,,,
2020-04-16,103.06,103.19,102.78,102.985,3167,0.0,23.364485981308277,17.43015724035655,,,,
2020-04-17,102.71,103.3,102.645,102.96,4934,0.0,23.23854573455789,18.029170630067576,,,,
2020-04-18,103.01,103.05,102.49,102.97,11112,0.0,23.4163691453589,22.96516567544607,19.47483118195673,,,
2020-04-19,101.62,102.07,100.9,101.34,20441,0.0,16.646935597985674,20.4474853359835,20.480607213832382,,,
2020-04-20,101.295,101.38,100.775,101.115,8367,0.0,15.961016466653746,15.968266922338808,19.793639311256126,,,
2020-04-21,101.18,101.82,101.175,101.49,2662,0.0,21.74818920941557,13.757365197877895,16.724372485400067,,,
2020-04-22,101.63,102.25,101.61,102.035,1246,0.0,29.361555109761156,22.55136808484936,17.42566673502202,,,
2020-04-23,102.09,102.09,101.68,101.97,2056,0.0,28.999170768337407,34.92408458616693,23.744272622964726,,,
2020-04-24,101.92,102.82,101.92,102.82,3221,0.0,39.51262358445544,54.88473678699108,37.45339648600245,,,
2020-04-25,102.82,102.96,102.775,102.955,10472,0.0,41.00673810105989,70.1618122977346,53.32354455696419,,,
2020-04-26,102.835,103.255,102.615,103.22,2703,0.0,43.93434541444855,86.34304207119744,70.46319705197436,-0.5535509105034038,,
2020-04-27,103.16,103.17,102.76,103.17,1715,0.0,43.49574803631975,90.87378640776717,82.45954692556639,-0.470429556312439,,
2020-04-28,103.2,103.34,103.18,103.19,1620,0.0,43.73769715796205,94.0377372773899,90.4181885854515,-0.39834952603389695,,
2020-04-29,103.25,103.25,102.355,102.355,724,0.0,36.676586847105234,82.92006535576628,89.27719634697445,-0.4039466587098701,,
2020-04-30,102.36,102.5,102.31,102.31,1177,0.0,36.33612658080646,71.86484730344371,82.94088331219996,-0.4073182394821089,,
2020-05-01,102.525,102.525,102.105,102.105,1003,0.0,34.753417585060944,57.76478232618583,70.84989832846526,-0.421671264423523,,
2020-05-02,102.11,102.335,102.11,102.275,634,0.0,37.19643455990811,56.72514619883042,62.118258609486645,-0.4145498877887519,,
2020-05-03,102.11,102.11,101.85,101.9,446,0.0,34.158139460226266,51.397011046133905,55.29564652371672,-0.43416077631947303,,
2020-05-04,101.64,101.9,101.595,101.9,431,0.0,34.158139460226266,45.27549306934274,51.13255010476902,-0.44457773142109147,-0.4387282834438398,-0.005849447977251676
2020-05-05,101.9,102.07,101.9,102.06,631,0.0,36.71602140822246,34.66483717139988,43.77911376229216,-0.4349092178235452,-0.4379644703197809,0.0030552524962357275
2020-05-06,102.33,102.54,102.32,102.41,2337,0.0,42.02209944038652,35.61324448385476,38.51785824153245,-0.39445771323488543,-0.4292631189028019,0.034805405667916456
2020-05-07,102.4,102.705,102.4,102.585,2971,0.0,44.52659005203219,43.36198662846211,37.88002276123891,-0.34430958042912607,-0.41227241120806674,0.06796283077894066
2020-05-08,102.615,102.845,102.48,102.845,3347,0.0,48.1128110457888,58.357211079273846,45.777480730530236,-0.28035523614623514,-0.38588897619570045,0.10553374004946531
2020-05-09,102.75,102.75,102.35,102.65,4423,0.0,45.72525137583905,62.94173829990439,54.88697866921344,-0.24260918024201317,-0.357233017004963,0.11462383676294985
2020-05-10,102.655,102.68,102.33,102.47,4753,0.0,43.575640461183355,60.74498567335244,60.681311684176876,-0.22463025689548033,-0.3307124649830665,0.10608220808758617
2020-05-11,102.47,102.6,102.355,102.475,4630,0.0,43.654880056189135,53.67717287488055,59.12129894937911,-0.20758545647417748,-0.3060870632812887,0.09850160680711123
2020-05-12,102.46,102.46,102.04,102.04,9305,0.0,38.578802098287206,42.48709447507914,52.30308434110403,-0.22656647658311613,-0.29018294594165417,0.06361646935853804
2020-05-13,102.045,102.51,101.935,102.405,2942,0.0,44.41878786541523,47.37267231653101,47.84564655549689,-0.20973888291825915,-0.2740941333369752,0.06435525041871604
2020-05-14,102.48,102.62,102.37,102.62,15648,0.0,47.580461092994135,57.896072507553264,49.251946433054464,-0.17701368693674624,-0.2546780440569294,0.07766435712018316
2020-05-15,102.54,102.6,102.46,102.52,600,0.0,46.26231793318123,73.60000000000018,59.62291494136147,-0.157334246359369,-0.23520928451741732,0.07787503815804833
2020-05-16,102.6,102.71,102.51,102.51,800,0.0,46.12470722185364,76.40000000000028,69.29869083585123,-0.1409206191678578,-0.21635155144750545,0.07543093227964764
2020-05-17,102.68,102.68,102.58,102.63,500,0.0,48.11904511499397,76.6666666666667,75.5555555555557,-0.11688235718969509,-0.1964577125959434,0.07957535540624833
2020-05-18,102.63,102.63,102.6,102.6,800,0.0,47.64420881823835,76.69135802469124,76.58600823045272,-0.09911013077159225,-0.1769881962310732,0.07787806545948095
2020-05-19,102.63,102.68,102.57,102.61,800,0.0,47.82901622100446,77.01663274996581,76.79155248044124,-0.08325884077710555,-0.15824232514027967,0.07498348436317412
2020-05-20,102.6,102.68,102.51,102.51,500,0.0,46.077445355292525,70.47890381223715,74.72896486229807,-0.07786812820846478,-0.1421674857539167,0.06429935754545191
2020-05-21,102.6,102.64,102.59,102.59,500,0.0,47.72671154911463,69.78021978022014,72.42525211414103,-0.06637548299704576,-0.1270090852025425,0.06063360220549674
2020-05-22,102.6,102.65,102.59,102.65,400,0.0,48.98693529878112,74.29829883817673,71.51914081021134,-0.051828533238847285,-0.11197297480980348,0.06014444157095619
2020-05-23,102.59,102.6,102.52,102.6,500,0.0,47.9495132402328,81.83817831353987,75.30556564397891,-0.04382931581302785,-0.09834424301044835,0.0545149271974205
2020-05-24,102.65,102.65,102.5,102.57,700,0.0,47.30223235991189,85.1573322778549,80.43126980985716,-0.039455805683815015,-0.08656655554512169,0.04711074986130667
2020-05-25,102.57,102.64,102.57,102.64,600,0.0,49.03115221043016,86.23655913978514,84.41068991039329,-0.02999558201354091,-0.07525236083880554,0.04525677882526463
2020-05-26,102.54,102.57,102.54,102.57,200,0.0,47.35790612315588,84.94623655913992,85.44670932559332,-0.02782594145121209,-0.06576707696128685,0.03794113551007476
2020-05-27,102.57,102.6,102.54,102.59,900,0.0,47.904923394774286,79.20303605313173,83.46194391735226,-0.02421353427044437,-0.057456368423118354,0.03324283415267398
2020-05-28,102.59,102.62,102.49,102.59,1100,0.0,47.90492339477428,66.21378874130481,76.78768711785882,-0.021107363011779512,-0.05018656734085059,0.02907920432907108
2020-05-29,102.58,102.66,102.58,102.61,900,0.0,48.525265649837564,57.083778966134616,67.50020125352373,-0.016837771706420313,-0.043516808213964545,0.026679036507544232
2020-05-30,102.52,102.64,102.48,102.64,800,0.0,49.49673714765772,62.181818181819374,61.826461963086274,-0.010907604481928956,-0.03699496746755743,0.02608736298562847
2020-05-31,102.48,102.57,102.48,102.51,600,0.0,45.49027289279339,49.84848484848487,56.37136066547962,-0.01650752925495169,-0.03289747982503628,0.01638995057008459
2020-06-01,102.61,102.62,102.58,102.58,300,0.0,47.93413748809221,48.33333333333139,53.45454545454521,-0.015122769128353752,-0.029342537685699777,0.014219768557346024
2020-06-02,103.63,104.67,103.63,104.52,3238,0.0,77.73163629739369,52.71689497716787,50.29957105299471,0.14089233090390962,0.004704436032222103,0.13618789487168753
2020-06-03,104.65,105.035,104.38,104.42,2545,0.0,75.33818363366868,73.02674494455202,58.02565775168375,0.25354356504995224,0.05447226183576813,0.1990713032141841
2020-06-04,104.47,105.16,104.44,104.44,3903,0.0,75.50066219230531,80.73818773062284,68.82727588411423,0.34050913522079895,0.1116796365127743,0.22882949870802466
2020-06-05,104.76,104.81,104.39,104.4,8697,0.0,74.44428973862377,73.5685564350461,75.77782970340698,0.40157322426949804,0.16965835406411905,0.231914870205379
2020-06-06,104.41,104.72,104.325,104.71,1378,0.0,77.11652487945433,75.995024875622,76.76725634709697,0.46956847096838317,0.2296403774449719,0.23992809352341127
2020-06-07,104.77,104.86,104.375,104.375,1893,0.0,68.75030729311186,75.18656716417924,74.91671615828244,0.490766245778417,0.28186555111166095,0.20890069466675604
2020-06-08,104.445,104.465,104.01,104.01,1988,0.0,60.98692167982822,70.3358208955225,73.8391376451079,0.4726646021591705,0.3200253613211629,0.15263924083800762
2020-06-09,103.93,104.03,103.72,103.72,1394,0.0,55.61354923321438,58.02238805970165,67.84825870646779,0.42996200841578514,0.34201269074008733,0.0879493176756978
2020-06-10,103.78,103.78,103.35,103.53,2061,0.0,52.358640051737595,47.512437810945414,58.62354892205652,0.37644901322180147,0.3488999552364302,0.027549057985371272
2020-06-11,103.73,103.8,103.66,103.735,1737,0.0,55.39220934974709,44.09203980099509,49.87562189054737,0.3465861364946363,0.3484371914880714,-0.001851054993435075
2020-06-12,103.63,103.88,103.63,103.88,1371,0.0,57.45573385875472,46.08208955223884,45.89552238805977,0.3308065477597353,0.3449110627424042,-0.014104514982668903
2020-06-13,103.81,103.88,103.78,103.88,1043,0.0,57.45573385875471,50.43532338308455,46.86981757877282,0.3146737469245835,0.3388635995788401,-0.024189852654256605
2020-06-14,103.89,104.18,103.84,104.18,1643,0.0,61.70631840288462,55.497705272089284,50.67170606913755,0.32237968647625337,0.3355668169583228,-0.013187130482069431
2020-06-15,104.11,104.11,103.98,104.085,650,0.0,59.67314878721799,51.620681550916174,52.517903402029994,0.3171649133446408,0.3318864362355864,-0.014721522890945582
2020-06-16,104.11,104.32,104.11,104.32,1865,0.0,62.92722700171191,52.07146630119792,53.06328437473445,0.3282112886592472,0.33115140672031856,-0.0029401180610713618
2020-06-17,104.32,104.38,104.3,104.34,801,0.0,63.199393998764805,49.631675874769975,51.10794124229468,0.3347209982230055,0.331865325020856,0.0028556732021495224
2020-06-18,104.245,104.38,104.245,104.38,410,0.0,63.77223826623853,58.8330711158271,53.512071097264986,0.33919759690432727,0.33333177939755027,0.005865817506777005
2020-06-19,104.31,104.31,104.31,104.31,100,0.0,61.95472021369088,62.161404022294874,56.87538367096397,0.33325535829962405,0.333316495177965,-6.11368783409727e-05
2020-06-20,104.45,104.74,104.45,104.71,4184,0.0,67.63165830230551,73.95143487858722,64.98197000556972,0.3567108083010595,0.33799535780258394,0.01871545049847556
2020-06-21,104.69,104.97,104.66,104.96,1780,0.0,70.58582345641221,84.34170005178096,73.48484631755436,0.39096552487424674,0.34858939121691657,0.04237613365733017
2020-06-22,104.775,104.79,104.73,104.73,428,0.0,64.73241733850938,91.54470880004361,83.27928124347059,0.39500023985468147,0.35787156094446954,0.03712867891021193
2020-06-23,104.81,105.18,104.81,105.09,767,0.0,69.05760054527326,93.21662281589427,89.70101055590628,0.4223778628182089,0.37077282131921746,0.05160504149899142
2020-06-24,105.185,105.29,105.185,105.28,1339,0.0,71.07389760993917,93.22158091991531,92.6609708452844,0.4541708396378681,0.38745242498294763,0.06671841465492045
2020-06-25,105.275,105.36,105.265,105.295,2365,0.0,71.23327010306633,96.9074440470115,94.44854926094035,0.4751007121929973,0.4049820824249576,0.07011862976803973
2020-06-26,105.29,105.4,105.21,105.27,7682,0.0,70.53573498662371,95.87189118996487,95.33363871896388,0.4840902053664706,0.4208037070132602,0.06328649835321043
2020-06-27,105.17,105.31,104.96,105.29,4343,0.0,70.78222819503313,93.72226705238904,95.50053409645513,0.4872119996719988,0.434085365545008,0.05312663412699081
2020-06-28,105.275,105.315,104.7,105.05,2748,0.0,63.87640090078822,86.75871308891625,92.11762377709005,0.4649602772655328,0.440260347889113,0.024699929376419794
2020-06-29,105.105,105.225,105.02,105.105,2998,0.0,64.72574841929267,81.81087119017015,87.43061711049181,0.44661536338850283,0.441531350988991,0.005084012399511839
2020-06-30,105.195,105.345,105.095,105.275,2596,0.0,67.28608928326146,80.55379493309387,83.04112640406008,0.4407141874063569,0.4413679182724642,-0.0006537308661072605
2020-07-01,105.285,105.29,105.035,105.035,3229,0.0,60.59878756034409,78.23584684049784,80.20017098792061,0.41192307588295307,0.435478949794562,-0.023555873911608904
2020-07-02,105.05,105.155,104.88,105.1,3322,0.0,61.70875916610331,76.68427393197987,78.49130523519052,0.38985684234313567,0.4263545283042767,-0.03649768596114106
2020-07-03,105.135,105.275,105.03,105.275,1983,0.0,64.60018865657528,75.90581262720279,76.94197779989351,0.3820857836741425,0.4175007793782499,-0.035414995704107444
2020-07-04,105.26,105.345,105.14,105.345,2286,0.0,65.71539937728383,83.96224568363583,78.85077741427284,0.377227139034062,0.40944605130941236,-0.03221891227535034
2020-07-05,105.445,105.485,105.4,105.485,1224,0.0,67.89390250301474,93.13655761024165,84.33487197369344,0.3802897150108038,0.40361478404969064,-0.02332506903888687
2020-07-06,105.53,105.53,105.39,105.42,2678,0.0,65.8032752503633,93.10485183979144,90.0678850445563,0.3731701980124029,0.3975258668422331,-0.0243556688298302
2020-07-07,105.42,105.77,105.42,105.64,1972,0.0,69.254129638424,91.53248508050918,92.59129817684742,0.38088943457476887,0.39419858038874034,-0.013309145813971468
2020-07-08,105.645,105.965,105.645,105.845,3193,0.0,72.08130708061091,88.37042974454069,91.00258888828041,0.398949925504553,0.3951488494119029,0.0038010760926500686
2020-07-09,105.88,105.95,105.8,105.805,1952,0.0,70.71493729618177,88.5720266459805,89.4916471570101,0.40536256169733065,0.39719159186898845,0.0081709698283422
2020-07-10,105.745,105.745,105.265,105.29,2847,0.0,55.997125333121296,74.83530961791847,83.92592200281321,0.3646845694074017,0.3906901873766711,-0.026005617969269423
2020-07-11,105.28,105.37,105.075,105.075,2566,0.0,51.205683995504764,54.54545454545481,72.65093026978458,0.31150740086789597,0.3748536300749161,-0.06334622920702015
2020-07-12,105.09,105.09,104.84,104.87,3024,0.0,47.07002294929785,26.31708388230148,51.89928268189158,0.24994115883987433,0.34987113582790774,-0.09992997698803341
2020-07-13,104.875,104.915,104.61,104.61,4834,0.0,42.39343076126411,10.7703118137902,30.544283413848817,0.17811642609609635,0.31552019388154545,-0.1374037677854491
2020-07-14,104.615,104.655,104.33,104.33,3217,0.0,38.01327328673038,0.8888888888890172,12.658761528326885,0.09747748817893864,0.2719116527410241,-0.17443416456208544
2020-07-15,104.365,104.42,104.235,104.315,5740,0.0,37.788024087851376,1.5414258188825247,4.400208840520566,0.03199139735291112,0.2239276016634015,-0.19193620431049038
2020-07-16,104.33,104.46,104.155,104.22,3798,0.0,36.3201375051448,2.73847922588064,1.7229313112173799,-0.027258290870932456,0.1736904231565347,-0.20094871402746717
2020-07-17,104.24,104.425,103.905,104.08,12314,0.0,34.211053495155895,5.570194436236577,3.2833664936665663,-0.08453644214749545,0.12204505009572869,-0.20658149224322414
2020-07-18,104.895,105.51,104.84,105.45,4360,0.0,59.18700619224114,29.028768617354146,12.445814093157109,-0.019161359049107318,0.0938037682667615,-0.11296512731586882
2020-07-19,105.24,105.68,105.235,105.63,2392,0.0,61.267567534442996,55.74433656957921,30.114433207723298,0.04663577282626363,0.08437016917866193,-0.037734396352398294
2020-07-20,105.9,105.975,105.74,105.83,3162,0.0,63.49438159685046,83.9110110532652,56.228038746732835,0.1136091864286044,0.09021797262865043,0.023391213799953972
2020-07-21,105.85,106.345,105.66,106.345,24616,0.0,68.51417832431068,92.24434438659853,77.29989733648095,0.2058691636221539,0.11334821082735114,0.09252095279480277
2020-07-22,106.305,106.5,106.16,106.245,4506,0.0,66.59916131483725,94.3895264955835,90.1816273118157,0.2678293262253675,0.1442444339069544,0.12358489231841308
2020-07-23,106.23,106.23,105.89,105.97,4669,0.0,61.50773682963111,89.91650610147734,92.18345899455308,0.291384105174032,0.17367236816036993,0.11771173701366208
2020-07-24,106.09,106.24,105.95,106.06,4290,0.0,62.51766771097153,84.26461143224167,89.52354800976747,0.3136975746617594,0.20167740946064783,0.11202016520111158
2020-07-25,106.095,106.18,106.0,106.145,15027,0.0,63.49191314800786,82.98008991650615,85.72040248340835,0.33438536329559554,0.22821900022763741,0.10616636306795812
2020-07-26,106.155,106.155,105.965,106.025,2389,0.0,61.07825693281314,83.68657675016071,83.6437593663028,0.3372104357204506,0.25001728732620004,0.08719314839425057
2020-07-27,106.02,106.175,105.87,105.87,3409,0.0,58.01064895820345,81.24598587026351,82.63755084564342,0.3232162852189049,0.26465708690474105,0.05855919831416384
2020-07-28,105.64,105.785,105.39,105.58,1629,0.0,52.67966683346228,73.9884393063586,79.64033397559423,0.28543492758697653,0.2688126550411882,0.016622272545788352
2020-07-29,105.44,105.58,105.44,105.58,1045,0.0,52.67966683346228,68.27231856133602,74.50224791265266,0.25258132912792064,0.26556638985853465,-0.012985060730614006
