Date,Open,High,Low,Close,Volume,OpenInterest,rsi,stoc k,stoc d,macd,signal,histogram
2020-04-01,16.99,17.02,16.96,16.97,1701,0.0,,,,,,
2020-04-02,17.06,17.08,16.88,16.97,5360,0.0,,,,,,
2020-04-03,16.93,17.05,16.925,16.965,5133,0.0,,,,,,
2020-04-04,16.95,16.965,16.9,16.905,1871,0.0,,,,,,
2020-04-05,16.92,17.01,16.92,17.01,1900,0.0,,,,,,
2020-04-06,17.01,17.01,16.93,16.97,3890,0.0,,,,,,
2020-04-07,16.97,17.02,16.97,17.0,1468,0.0,,,,,,
2020-04-08,16.965,17.03,16.965,17.03,1003,0.0,,,,,,
2020-04-09,16.995,17.01,16.99,16.99,1720,0.0,,,,,,
2020-04-10,16.99,17.02,16.97,16.97,1001,0.0,,,,,,
2020-04-11,16.995,16.995,16.94,16.97,987,0.0,,,,,,
2020-04-12,16.98,16.99,16.955,16.99,3199,0.0,,,,,,
2020-04-13,17.06,17.1,17.05,17.1,500,0.0,,,,,,
2020-04-14,17.06,17.06,17.015,17.04,600,0.0,,,,,,
2020-04-15,17.03,17.03,16.935,16.94,2554,0.0,47.580645161290555,,,,,
2020-04-16,16.92,16.92,16.805,16.87,3374,0.0,42.422566371681654,40.67796610169501,,,,
2020-04-17,16.85,16.85,16.72,16.72,6704,0.0,33.93343316090407,16.435541859271016,,,,
2020-04-18,16.68,16.76,16.61,16.72,4547,0.0,33.93343316090407,14.827625965640527,23.980377975535518,,,
2020-04-19,16.7,16.74,16.69,16.735,2213,0.0,35.431922417471554,15.986394557823026,15.74985412757819,,,
2020-04-20,16.74,16.78,16.7,16.72,2900,0.0,34.587089939721494,23.469387755101867,18.09446942618848,,,
2020-04-21,16.72,16.72,16.64,16.64,1639,0.0,30.42096506441861,18.02721088435371,19.160997732426203,,,
2020-04-22,16.68,16.7,16.66,16.68,2520,0.0,34.65894677689242,14.285714285714286,18.594104308389955,,,
2020-04-23,16.67,16.67,16.63,16.66,3398,0.0,33.55833103760426,10.204081632653166,14.172335600907056,,,
2020-04-24,16.67,16.71,16.65,16.7,15988,0.0,37.81179775875414,14.285714285714286,12.925170068027247,,,
2020-04-25,16.545,16.545,16.23,16.31,3974,0.0,22.6121470818657,12.588943623426315,12.359579847264591,,,
2020-04-26,16.29,16.325,16.2,16.2,1900,0.0,20.151615669361433,9.187583079208594,12.0207469961164,-0.2185033962903411,,
2020-04-27,16.4,16.41,16.335,16.365,2701,0.0,32.08885982227511,9.460482936826066,10.412336546486996,-0.22257979686105855,,
2020-04-28,16.385,16.41,16.34,16.37,5496,0.0,32.418572803475,13.222658074157119,10.623574696730595,-0.22283817569154962,,
2020-04-29,16.36,16.38,16.29,16.345,2304,0.0,31.592656836761122,19.93562103712004,14.206254016034412,-0.2224954448528571,,
2020-04-30,16.425,16.49,16.42,16.49,1985,0.0,40.98393858123986,28.41206707170554,20.523448727660902,-0.20812441134843596,,
2020-05-01,16.48,16.57,16.48,16.57,800,0.0,45.43480467685059,42.849125650849636,30.39893791989174,-0.18811150006892063,,
2020-05-02,16.465,16.465,16.43,16.44,700,0.0,40.13741679997477,49.929266136162646,40.39681961957261,-0.1806585182964362,,
2020-05-03,16.43,16.44,16.38,16.38,3260,0.0,37.938801256973775,45.40229885057472,46.06023021252901,-0.17754682581604087,,
2020-05-04,16.38,16.43,16.335,16.43,2200,0.0,40.84671921525162,38.881520778072556,44.737695254936654,-0.16909696047309453,-0.2011061144109705,0.032009153937875984
2020-05-05,16.43,16.45,16.41,16.44,700,0.0,41.43772887534905,40.77469183960063,41.68617048941598,-0.1597519439169659,-0.1928352803121696,0.033083336395203694
2020-05-06,16.395,16.45,16.39,16.44,3574,0.0,41.43772887534905,46.116138763197775,41.92411712695699,-0.1506098147756454,-0.18439018720486477,0.033780372429219385
2020-05-07,16.45,16.48,16.44,16.47,1850,0.0,43.405088478811926,49.01960784313733,45.30347948197859,-0.13933766442531592,-0.175379682648955,0.03604201822363909
2020-05-08,16.39,16.405,16.38,16.38,948,0.0,39.15534397988029,49.549549549549475,48.22843205196154,-0.13609780116593484,-0.167523306352351,0.03142550518641615
2020-05-09,16.4,16.41,16.34,16.37,1811,0.0,38.70192786884347,49.1785903550609,49.24924924924925,-0.13280619546510053,-0.1605798841749009,0.027773688709800376
2020-05-10,16.34,16.43,16.34,16.43,2800,0.0,42.969208795074415,48.198198198198234,48.97544603426956,-0.12392751640643951,-0.15324941062120861,0.029321894214769106
2020-05-11,16.415,16.43,16.39,16.42,1432,0.0,42.4389323919659,47.458172458172804,48.278320337144,-0.11635672778319517,-0.14587087405360594,0.029514146270410768
2020-05-12,16.43,16.48,16.405,16.44,700,0.0,43.92930735052261,50.00000000000042,48.552123552123845,-0.10750375404380819,-0.1381974500516464,0.030693696007838223
2020-05-13,16.43,16.45,16.42,16.42,1700,0.0,42.73762162392345,45.390070921986386,47.6160811267199,-0.10093799109649737,-0.1307455582606166,0.029807567164119225
2020-05-14,16.44,16.49,16.435,16.48,802,0.0,47.35182410937818,50.48125633232048,48.62377575143578,-0.08985725954408608,-0.1225678985173105,0.03271063897322442
2020-05-15,16.5,16.5,16.46,16.48,1871,0.0,47.35182410937818,61.917042768106796,52.596123340804574,-0.08015176035579685,-0.11408467088500777,0.03393291052921092
2020-05-16,16.49,16.54,16.44,16.47,2684,0.0,46.62560139345418,71.81152469164914,61.40327459735882,-0.07243204719852514,-0.10575414614771125,0.03332209894918611
2020-05-17,16.46,16.46,16.44,16.44,1100,0.0,44.42439591698232,68.31731953683186,67.34862899886262,-0.0679515648422715,-0.09819362988662331,0.030242065044351812
2020-05-18,16.45,16.45,16.4,16.4,2630,0.0,41.60409385139777,49.024390243902324,63.05107815746113,-0.0668577218014228,-0.09192644826958321,0.025068726468160413
2020-05-19,16.41,16.45,16.38,16.405,4398,0.0,42.098923178977294,37.90650406504092,51.74940461525839,-0.06483995050957247,-0.08650914871758106,0.021669198208008583
2020-05-20,16.41,16.48,16.4,16.47,14255,0.0,48.23937814501122,42.49999999999997,43.14363143631443,-0.05733497356570538,-0.08067431368720593,0.023339340121500546
2020-05-21,16.41,16.46,16.36,16.36,1000,0.0,40.42600226009457,35.83333333333343,38.746612466124795,-0.059576544637426565,-0.07645475987725006,0.016878215239823496
2020-05-22,16.44,16.47,16.37,16.43,700,0.0,46.37809012601201,39.99999999999987,39.44444444444445,-0.05506978072339308,-0.07217776404647867,0.017107983323085593
2020-05-23,16.48,16.51,16.39,16.39,1100,0.0,43.691763608938366,26.666666666666774,34.16666666666672,-0.0541021476770851,-0.06856264077259996,0.014460493095514865
2020-05-24,16.37,16.57,16.36,16.57,1300,0.0,56.03325069561243,56.666666666666835,41.11111111111119,-0.03836850756756505,-0.06252381413159298,0.024155306564027937
2020-05-25,16.37,16.5,16.35,16.5,600,0.0,51.32226683327891,64.39393939393945,49.242424242424384,-0.031188379190385973,-0.05625672714335159,0.025068347952965614
2020-05-26,16.48,16.57,16.48,16.49,700,0.0,50.66691144719089,77.27272727272684,66.11111111111107,-0.026005220157664155,-0.0502064257462141,0.02420120558854995
2020-05-27,16.47,16.52,16.41,16.52,800,0.0,52.62151269352594,69.6969696969691,70.45454545454517,-0.01925482239518672,-0.04401610507600863,0.02476128268082191
2020-05-28,16.49,16.49,16.47,16.47,300,0.0,49.12784936506498,65.15151515151435,70.70707070707014,-0.017735225032616597,-0.03875992906733023,0.021024704034713633
2020-05-29,16.49,16.49,16.49,16.49,100,0.0,50.542326972655864,65.15151515151435,66.66666666666596,-0.014747104876388306,-0.03395736422914185,0.019210259352753542
2020-05-30,16.64,17.06,16.63,17.06,7118,0.0,73.31496374732825,72.72727272727208,67.67676767676694,0.03323215854944905,-0.020519459673423668,0.05375161822287272
2020-05-31,17.07,17.255,17.05,17.25,11260,0.0,77.10006363048585,87.69462581617246,75.19113789831965,0.08560073065174834,0.0007045783916107343,0.08489615226013761
2020-06-01,17.15,17.28,17.07,17.16,9000,0.0,71.89772868850805,95.51476266856768,85.31222040400411,0.11847524462760362,0.024258711638809313,0.0942165329887943
2020-06-02,17.2,17.21,17.09,17.09,7550,0.0,68.0516141097287,88.70472682627371,90.63803843700465,0.13729743939925498,0.04686645719089845,0.09043098220835653
2020-06-03,17.09,17.09,17.0,17.02,2082,0.0,64.3447646644079,79.56989247311812,87.92979398931988,0.1448954844266268,0.06647226263804412,0.07842322178858269
2020-06-04,17.02,17.04,16.9,16.9,2630,0.0,58.465363914759564,70.25089605734745,79.50850511891313,0.13962448854292475,0.08110270781902025,0.0585217807239045
2020-06-05,16.88,16.92,16.88,16.88,598,0.0,57.521982907949045,62.724014336917314,70.848267622461,0.1323081870552052,0.09134380366625725,0.04096438338894795
2020-06-06,16.85,16.89,16.825,16.83,2224,0.0,55.12713157507682,55.91397849462336,62.96296296296274,0.12107965241889573,0.09729097341678496,0.023788679002110777
2020-06-07,16.845,16.85,16.79,16.85,956,0.0,55.9177253324245,54.121863799282956,57.58661887694124,0.11249798394408117,0.10033237552224421,0.012165608421836963
2020-06-08,16.87,16.93,16.87,16.91,1577,0.0,58.29181324243173,54.28253615127906,54.77279281506182,0.10927875099151407,0.10212165061609818,0.007157100375415892
2020-06-09,16.91,16.96,16.88,16.96,3713,0.0,60.21472181906591,58.15103201087626,55.518477320479455,0.10949982202877351,0.10359728489863325,0.005902537130140259
2020-06-10,17.0,17.0,16.97,16.97,420,0.0,60.605907639992836,60.80601674471398,57.746528302289796,0.10922288541091518,0.10472240500108965,0.004500480409825536
2020-06-11,16.9,16.92,16.88,16.92,788,0.0,57.55853792525065,59.79238853772052,59.58314576443695,0.1037726030418149,0.1045324446092347,-0.0007598415674198028
2020-06-12,16.95,17.0,16.92,16.96,2655,0.0,59.320748531485144,55.64266852593158,58.74702460278872,0.10151072821654239,0.10392810133069626,-0.0024173731141538674
2020-06-13,16.93,16.96,16.93,16.96,1400,0.0,59.320748531485144,46.631162689029054,54.02207325089375,0.09858178665011508,0.10285883839458003,-0.004277051744464952
2020-06-14,16.94,16.94,16.94,16.94,100,0.0,57.92604869397815,38.69178440607033,46.98853854034368,0.0935681511020583,0.10100070093607569,-0.0074325498340173934
2020-06-15,16.86,16.93,16.84,16.92,3759,0.0,56.495596302567506,32.08616780045384,39.1363716318511,0.08697834375128011,0.09819622949911658,-0.01121788574783647
2020-06-16,16.86,16.92,16.86,16.87,2205,0.0,52.97363963760271,29.410430839002714,33.39612768184232,0.07683557908897143,0.09392409941708756,-0.017088520328116127
2020-06-17,16.91,16.97,16.9,16.94,1603,0.0,57.01390698999389,39.206349206349834,33.567649281935495,0.0735973950476918,0.08985875854320842,-0.016261363495516615
2020-06-18,16.96,16.97,16.94,16.969,820,0.0,58.60079183449132,57.30158730158797,41.97278911564687,0.07253502982961635,0.08639401280049001,-0.013858982970873665
2020-06-19,17.02,17.04,16.99,16.99,2510,0.0,59.759273672442255,75.07936507936547,57.195767195767786,0.07255129605671584,0.08362546945173518,-0.011074173395019343
2020-06-20,16.97,16.97,16.97,16.97,100,0.0,58.09199247780783,79.07936507936516,70.48677248677289,0.07014180325963792,0.08092873621331574,-0.010786932953677816
2020-06-21,17.0,17.0,16.97,16.97,2500,0.0,58.09199247780783,72.3333333333331,75.49735449735459,0.06745468721338455,0.07823392641332952,-0.010779239199944973
2020-06-22,16.98,16.98,16.95,16.95,1233,0.0,56.27120554601209,63.99999999999983,71.80423280423271,0.06298524088411384,0.07518418930748638,-0.012198948423372546
2020-06-23,16.945,16.98,16.92,16.96,7586,0.0,56.996971489357115,60.00000000000011,65.44444444444436,0.05956347819441277,0.07206004708487167,-0.0124965688904589
2020-06-24,18.01,18.09,17.96,17.96,10166,0.0,84.57216911085185,68.20000000000022,64.06666666666673,0.13597590368602397,0.08484321840510213,0.05113268528092184
2020-06-25,17.95,18.11,17.9,18.11,14119,0.0,86.0202563958305,83.20000000000024,70.46666666666687,0.20625941763316646,0.109126458250715,0.09713295938245146
2020-06-26,18.1,18.25,18.03,18.25,22700,0.0,87.22545031114464,96.53333333333335,82.64444444444462,0.2701424052825452,0.14132964765708106,0.12881275762546412
2020-06-27,18.25,18.47,18.2,18.46,24276,0.0,88.78699899172508,99.79550102249492,93.17627811860952,0.3338667699049118,0.17983707210664723,0.1540296977982646
2020-06-28,18.445,18.7,18.425,18.59,13020,0.0,89.63192161841914,97.82417485762038,98.05100307114958,0.3903588872596977,0.22194143513725734,0.16841745212244036
2020-06-29,18.57,18.8,18.5,18.78,32520,0.0,90.73121320416155,97.48053224593654,98.36673604201731,0.4453272539933941,0.2666185989084847,0.1787086550849094
2020-06-30,18.79,19.03,18.78,19.02,38950,0.0,91.89954540870616,97.52853670074988,97.6110812681023,0.5024639828702959,0.313787675700847,0.18867630716944894
2020-07-01,19.06,19.28,19.0,19.17,75618,0.0,92.53305219536867,97.94619054924026,97.65175316530893,0.5534689529833052,0.36172393115733864,0.1917450218259666
2020-07-02,19.16,19.43,19.12,19.29,120060,0.0,93.00440003126573,96.43060341324811,97.3017768877461,0.5966954229808721,0.40871822952204534,0.18797719345882674
2020-07-03,19.31,19.4,19.13,19.13,51550,0.0,85.27503646539884,92.60303419091991,95.65994271780278,0.6109988348253346,0.4491743505827032,0.16182448424263135
2020-07-04,19.13,19.58,19.13,19.29,61446,0.0,86.48466427230935,90.52262129427152,93.1854196328132,0.6280057947054658,0.48494063940725574,0.14306515529821007
2020-07-05,19.28,19.32,19.16,19.23,18520,0.0,83.70764676351659,87.99588612966681,90.37384720495277,0.6293872499425461,0.5138299615143138,0.11555728842823232
2020-07-06,19.28,19.455,19.23,19.38,16440,0.0,85.00404473366365,89.47368421052636,89.33073054482158,0.6352628943597161,0.5381165480833943,0.0971463462763218
2020-07-07,19.375,19.45,19.28,19.35,15918,0.0,83.57176197992949,88.54427736006693,88.67128256675339,0.6302336938961304,0.5565399772459415,0.07369371665018887
2020-07-08,19.37,19.55,19.37,19.48,14460,0.0,84.76936776179693,90.94611528822065,89.65469228627133,0.6294816571352477,0.5711283132238028,0.05835334391144498
2020-07-09,19.405,19.45,19.3,19.35,20360,0.0,78.5988214655517,88.50614439324131,89.33217901384297,0.611348504036151,0.5791723513862724,0.03217615264987861
2020-07-10,19.4,19.53,19.33,19.4,12110,0.0,79.2251943879379,88.72181036977679,89.39135668374627,0.5941632871746201,0.582170538543942,0.011992748630678118
2020-07-11,19.41,19.54,19.31,19.49,12834,0.0,80.34057547134768,88.10853475650113,88.44549650650642,0.5811074815175843,0.5819579271386704,-0.00085044562108616
2020-07-12,19.51,19.51,19.21,19.31,23814,0.0,72.01311496200296,84.72143798230752,87.18392770286182,0.5498972921108773,0.5755458001331119,-0.025648508022234506
2020-07-13,19.33,19.445,19.2,19.44,29446,0.0,74.10104265510796,83.23593073593082,85.3553011582465,0.5295485990758664,0.5663463599216627,-0.036797760845796335
2020-07-14,19.46,19.48,19.36,19.48,64396,0.0,74.72583967469956,80.08620689655193,82.68119187159677,0.5107620321786293,0.555229494373056,-0.044467462194426766
2020-07-15,19.71,19.71,19.71,19.71,200,0.0,78.01072430586873,88.41954022988527,83.91389262078935,0.5085701403682172,0.5458976235720883,-0.037327483203871026
2020-07-16,19.32,19.32,19.32,19.32,200,0.0,63.047290500552826,71.83908045977026,80.11494252873582,0.4699460639883384,0.5307073116553384,-0.060761247666999973
2020-07-17,19.5,19.5,19.47,19.47,600,0.0,65.7670622726545,63.79310344827582,74.68390804597713,0.44629533675067634,0.513824916674406,-0.06752957992372965
2020-07-18,19.36,19.36,19.31,19.31,400,0.0,60.64010687608349,39.55067920585148,58.39428770463252,0.4099160451912489,0.49304314237777463,-0.08312709718652572
2020-07-19,19.2,19.24,18.5,18.69,41406,0.0,45.75515286689886,33.86529875558074,45.73636046990268,0.3272836538533319,0.4598912446728861,-0.1326075908195542
2020-07-20,18.67,19.21,18.67,18.96,38440,0.0,51.35507323149358,26.997245179063295,33.47107438016517,0.28035190959880296,0.42398337765806954,-0.14363146805926658
2020-07-21,18.98,18.98,18.63,18.77,24940,0.0,47.62885709826703,25.344352617079903,28.73563218390798,0.22523043578572555,0.3842327892836007,-0.15900235349787517
2020-07-22,18.84,18.84,18.59,18.66,10594,0.0,45.567452656025615,24.517906336088135,25.619834710743778,0.17070243851581068,0.34152671913004273,-0.17082428061423205
2020-07-23,18.55,18.59,18.4,18.51,19780,0.0,42.84431551573647,14.644712215843413,21.502323723003816,0.11406993423293343,0.2960353621506209,-0.18196542791768744
2020-07-24,18.51,18.66,18.51,18.65,10618,0.0,46.082952876604566,13.568018842134085,17.57687913135521,0.07956788746734134,0.25274186721396497,-0.17317397974662363
2020-07-25,18.67,18.76,18.65,18.73,5582,0.0,47.89968087596347,17.557251908397024,15.256660988791504,0.058011379175578526,0.21379576960628768,-0.15578439043070916
2020-07-26,18.725,18.83,18.725,18.77,5610,0.0,48.828112520313724,24.1730279898219,18.432766246784336,0.04365216180539022,0.17976704804610819,-0.13611488624071796
2020-07-27,18.77,18.79,18.75,18.77,2048,0.0,48.828112520313724,27.226463104325735,22.985581000848217,0.0319046021927889,0.15019455887544433,-0.11828995668265543
2020-07-28,18.67,18.68,18.595,18.68,6000,0.0,46.65845211810209,25.95419847328246,25.784563189143366,0.01515760133171895,0.12318716736669927,-0.10802956603498032
2020-07-29,18.631,18.75,18.631,18.72,3020,0.0,47.7692880946576,26.236409900532042,26.472357159380078,0.005054878704591204,0.09956070963427766,-0.09450583092968645
