Date,Open,High,Low,Close,Volume,OpenInterest,rsi,stoc k,stoc d,macd,signal,histogram
2020-04-01,11.485,11.52,11.475,11.485,1734,0.0,,,,,,
2020-04-02,11.5,11.5,11.4,11.43,13574,0.0,,,,,,
2020-04-03,11.425,11.46,11.41,11.43,9255,0.0,,,,,,
2020-04-04,11.43,11.44,11.41,11.43,5879,0.0,,,,,,
2020-04-05,11.45,11.47,11.22,11.29,21534,0.0,,,,,,
2020-04-06,11.295,11.375,11.29,11.375,4737,0.0,,,,,,
2020-04-07,11.37,11.37,11.345,11.365,2745,0.0,,,,,,
2020-04-08,11.36,11.38,11.35,11.36,4882,0.0,,,,,,
2020-04-09,11.36,11.36,11.25,11.25,9162,0.0,,,,,,
2020-04-10,11.24,11.27,11.21,11.25,9830,0.0,,,,,,
2020-04-11,11.24,11.31,11.24,11.31,7975,0.0,,,,,,
2020-04-12,11.3,11.32,11.29,11.3,8617,0.0,,,,,,
2020-04-13,11.3,11.32,11.3,11.32,1907,0.0,,,,,,
2020-04-14,11.33,11.35,11.32,11.35,5533,0.0,,,,,,
2020-04-15,11.34,11.385,11.34,11.385,17581,0.0,41.07142857142861,,,,,
2020-04-16,11.38,11.39,11.355,11.375,38264,0.0,40.29649595687338,56.322552123441774,,,,
2020-04-17,11.375,11.51,11.37,11.46,74872,0.0,49.08946251768045,69.0465664603595,,,,
2020-04-18,11.5,11.53,11.24,11.24,3747,0.0,34.802626504165445,52.05662393162388,59.14191417180839,,,
2020-04-19,11.3,11.365,11.14,11.14,19753,0.0,30.462736701602864,30.902777777777825,50.668656056587075,,,
2020-04-20,11.15,11.21,11.055,11.17,38434,0.0,33.15573912933279,11.19517543859646,31.38485904933273,,,
2020-04-21,11.18,11.255,11.14,11.24,33613,0.0,39.0838095585386,21.05263157894743,21.05019493177391,,,
2020-04-22,11.25,11.3,11.15,11.3,11595,0.0,43.693243877642914,38.24561403508787,23.49780701754392,,,
2020-04-23,11.3,11.4,11.28,11.355,19865,0.0,47.60692054443055,51.228070175438795,36.84210526315803,,,
2020-04-24,11.365,11.47,11.32,11.45,3472,0.0,53.605354662911964,65.9649122807019,51.81286549707619,,,
2020-04-25,11.465,11.555,11.46,11.555,8808,0.0,59.16950651739594,82.10526315789478,66.43274853801184,,,
2020-04-26,11.555,11.57,11.47,11.52,7975,0.0,56.72727697355545,91.14971895758809,79.73996479872825,0.0324675410966524,,
2020-04-27,11.53,11.53,11.49,11.495,2600,0.0,54.98160517492766,91.9093851132685,88.3881224095838,0.038932100849040197,,
2020-04-28,11.485,11.485,11.415,11.43,1863,0.0,50.61995856144867,82.8478964401293,88.63566683699531,0.03836807101573925,,
2020-04-29,11.445,11.465,11.425,11.45,1982,0.0,51.884744927955715,78.3171521035597,84.35814455231917,0.03908436592108977,,
2020-04-30,11.465,11.465,11.45,11.45,1751,0.0,51.884744927955715,75.40453074433641,78.8565264293418,0.03920015975381652,,
2020-05-01,11.45,11.455,11.415,11.44,3443,0.0,51.12539531536922,76.05177993527492,76.591154261057,0.038046435152633507,,
2020-05-02,11.455,11.455,11.4,11.4,1957,0.0,48.093375573305224,72.81553398058243,74.7572815533979,0.033518059067347394,,
2020-05-03,11.405,11.45,11.405,11.45,2410,0.0,51.93093993322251,72.81553398058243,73.89428263214658,0.03357681787155542,,
2020-05-04,11.44,11.455,11.43,11.44,2391,0.0,51.11696205975588,71.1522540829381,72.26110734803432,0.032442491374890636,0.03618178245586279,-0.0037392910809721513
2020-05-05,11.46,11.47,11.45,11.46,2315,0.0,52.713354283799156,73.42533159873408,72.46437322075154,0.03277950062821766,0.03550132609033376,-0.0027218254621160995
2020-05-06,11.465,11.49,11.465,11.48,3883,0.0,54.31990020141708,70.84749430378942,71.80835999515386,0.03426542524973364,0.03525414592221374,-0.0009887206724800979
2020-05-07,11.48,11.54,11.48,11.485,4000,0.0,54.73394938368868,69.591680350301,71.2881687509415,0.0354379824289861,0.03529091322356821,0.0001470692054178907
2020-05-08,11.48,11.515,11.47,11.515,3554,0.0,57.238412503300275,67.53752535496953,69.32556666968664,0.038345963325223664,0.035901923243899306,0.0024440400813243585
2020-05-09,11.51,11.515,11.485,11.49,2464,0.0,54.53079506129689,62.19607843137245,66.44176137888098,0.038193002906886875,0.03636013917649682,0.001832863730390058
2020-05-10,11.495,11.52,11.485,11.52,2441,0.0,57.150267125473796,68.7675070028012,66.16703692971438,0.04003107662007643,0.03709432666521274,0.0029367499548636905
2020-05-11,11.51,11.515,11.455,11.48,6101,0.0,52.783890177873204,65.26610644257723,65.40989729225028,0.03782408506636337,0.03724027834544287,0.0005838067209204961
2020-05-12,11.475,11.475,11.45,11.46,4910,0.0,50.698198187669696,61.90476190476236,65.31279178338026,0.03406847532979285,0.036605917742312866,-0.002537442412520019
2020-05-13,11.455,11.505,11.42,11.435,43153,0.0,48.13767571401546,41.66666666666717,56.27917833800225,0.028743499321601362,0.03503343405817057,-0.006289934736569205
2020-05-14,11.3,11.51,11.3,11.31,800,0.0,37.84554080138978,24.007936507936808,42.526455026455444,0.014272438354250738,0.030881234917386605,-0.016608796563135866
2020-05-15,11.43,11.43,11.35,11.4,400,0.0,46.68432351030546,23.611111111111217,29.76190476190506,0.009951550834484735,0.02669529810080623,-0.016743747266321496
2020-05-16,11.41,11.44,11.41,11.43,300,0.0,49.27382241576021,33.333333333333314,26.984126984127112,0.008845994506069488,0.023125437381858883,-0.014279442875789396
2020-05-17,11.44,11.45,11.44,11.45,300,0.0,50.983052371134974,52.77777777777772,36.57407407407408,0.009474450436728787,0.020395239992832867,-0.01092078955610408
2020-05-18,11.39,11.43,11.39,11.42,500,0.0,48.3512572847085,55.55555555555546,47.222222222222165,0.007465697101071811,0.017809331414480656,-0.010343634313408845
2020-05-19,11.43,11.45,11.43,11.45,500,0.0,51.07129332322521,58.333333333333194,55.55555555555546,0.008199970731526562,0.01588745927788984,-0.007687488546363277
2020-05-20,11.41,11.46,11.36,11.46,700,0.0,51.97913129757052,59.72222222222231,57.870370370370324,0.009479530177252116,0.014605873457762295,-0.0051263432805101795
2020-05-21,11.44,11.46,11.43,11.43,600,0.0,49.03947625795272,62.75252525252529,60.26936026936027,0.00798084278940614,0.013280867324091065,-0.005300024534684925
2020-05-22,11.42,11.43,11.42,11.43,700,0.0,49.03947625795273,61.61616161616166,61.363636363636424,0.006715707738649712,0.011967835407002794,-0.005252127668353082
2020-05-23,11.41,11.47,11.41,11.47,800,0.0,53.13772942941836,65.15151515151517,63.1734006734007,0.008838855972516768,0.01134203952010559,-0.0025031835475888223
2020-05-24,11.43,11.45,11.42,11.42,500,0.0,47.94707932379999,64.0591966173361,63.6089577950043,0.006412959506485905,0.010356223517381653,-0.003943264010895748
2020-05-25,11.42,11.42,11.37,11.41,600,0.0,46.95908808097217,61.8225443806839,63.67775204984505,0.0036415254147907916,0.00901328389686348,-0.005371758482072688
2020-05-26,11.37,11.39,11.36,11.36,500,0.0,42.26913025705186,45.5887781469174,57.15683971497913,-0.0025599289352804533,0.0066986413304346935,-0.009258570265715147
2020-05-27,11.39,11.41,11.36,11.385,700,0.0,45.21533536275636,40.476190476190204,49.29583766793049,-0.0053951432672718624,0.004279884410893383,-0.009675027678165245
2020-05-28,11.36,11.4,11.35,11.4,300,0.0,46.964214576520455,36.90476190476173,40.98991017595643,-0.006358400726609759,0.0021522273833927547,-0.008510628110002513
2020-05-29,11.4,11.41,11.33,11.35,1400,0.0,42.135690986490246,32.142857142857004,36.5079365079363,-0.011029233200718025,-0.0004840647334294014,-0.010545168467288623
2020-05-30,11.38,11.4,11.32,11.35,700,0.0,42.135690986490246,25.317460317460114,31.455026455026267,-0.014563028065609274,-0.003299857399865376,-0.011263170665743897
2020-05-31,11.32,11.32,11.32,11.32,100,0.0,39.322440667377016,11.428571428571141,22.962962962962738,-0.019558872725390586,-0.006551660464970418,-0.013007212260420169
2020-06-01,11.52,11.625,11.5,11.595,10750,0.0,63.42752752358035,36.72131147540974,24.489114407146985,-0.0013127809605393281,-0.005503884564084201,0.004191103603544873
2020-06-02,11.565,11.735,11.53,11.735,7946,0.0,69.96844218621501,63.38797814207657,37.17928701535247,0.024165641715175212,0.0004300206917676819,0.02373562102340753
2020-06-03,11.755,11.795,11.73,11.785,7391,0.0,71.9012880637103,96.019557089445,65.37628223564376,0.04784058094298338,0.009912132742010821,0.03792844820097256
2020-06-04,11.785,11.845,11.775,11.8,6354,0.0,72.47365411354261,96.44110275689223,85.28287932947124,0.06704071189419558,0.021337848572447776,0.045702863321747805
2020-06-05,11.79,11.8,11.72,11.785,5634,0.0,70.91794540854663,92.6315789473684,95.03074626456852,0.08012297162071214,0.03309487318210065,0.047028098438611485
2020-06-06,11.785,11.79,11.68,11.685,3401,0.0,61.44796554067204,83.17460317460313,90.74909495962123,0.08148231503469638,0.0427723615526198,0.038709953482076585
2020-06-07,11.65,11.65,11.435,11.445,9721,0.0,45.68163910316232,60.63492063492058,78.81370091896402,0.062473455144973045,0.046712580271090445,0.0157608748738826
2020-06-08,11.445,11.595,11.43,11.57,21459,0.0,52.51539263970014,46.98412698412695,63.59788359788354,0.05684003551462169,0.0487380713197967,0.008101964194824993
2020-06-09,11.575,11.73,11.555,11.725,9005,0.0,59.34550158614924,49.52380952380943,52.3809523809523,0.06414331032828002,0.05181911912149337,0.012324191206786655
2020-06-10,11.77,11.8,11.67,11.715,9631,0.0,58.7582869243528,66.66666666666653,54.39153439153429,0.06833655059164911,0.05512260541552452,0.013213945176124592
2020-06-11,11.7,11.8,11.7,11.755,4152,0.0,60.444307061814314,78.4126984126983,64.86772486772473,0.07403397187387384,0.058904878707194394,0.015129093166679444
2020-06-12,11.755,11.88,11.755,11.87,3579,0.0,64.88854606943556,85.4365079365078,76.8386243386242,0.08682786066337833,0.06448947509843118,0.022338385564947147
2020-06-13,11.87,11.91,11.825,11.91,3324,0.0,66.30656031455483,93.69047619047609,85.84656084656073,0.09905295460771057,0.07140217100028706,0.027650783607423512
2020-06-14,11.94,11.94,11.87,11.875,4961,0.0,63.875698999549314,95.15639589168994,91.42779333955794,0.10471018827226963,0.07806377445468358,0.026646413817586048
2020-06-15,11.87,11.92,11.83,11.83,9399,0.0,60.78992278214038,88.56209150326804,92.46965452847803,0.10435947176134164,0.0833229139160152,0.02103655784532643
2020-06-16,11.84,11.88,11.83,11.88,6792,0.0,62.93262942307292,84.64052287581713,89.45300342359171,0.10688401612729415,0.088035134358271,0.01884888176902315
2020-06-17,11.87,11.98,11.86,11.955,7899,0.0,65.9393552314286,87.37373737373746,86.85878391760754,0.11362679001939924,0.09315346549049666,0.020473324528902576
2020-06-18,11.9,11.93,11.9,11.92,5877,0.0,63.356587869130706,90.92691622103388,87.64705882352949,0.11482267509133592,0.09748730741066453,0.0173353676806714
2020-06-19,11.92,11.92,11.91,11.91,2778,0.0,62.60211051740771,90.60606060606052,89.63557140027729,0.11365338077343878,0.10072052208321938,0.012932858690219401
2020-06-20,11.92,11.95,11.91,11.91,6891,0.0,62.60211051740771,87.87878787878782,89.8039215686274,0.11144207176912069,0.10286483202039966,0.00857723974872103
2020-06-21,11.91,11.95,11.91,11.945,7415,0.0,64.32650831081324,89.39393939393936,89.29292929292923,0.11123159238660207,0.10453818409364016,0.0066934082929619165
2020-06-22,11.945,11.945,11.88,11.88,13714,0.0,58.8952480359501,85.7932263814617,87.68865121806296,0.10461390520785763,0.10455332831648366,6.057689137396738e-05
2020-06-23,11.895,11.935,11.88,11.935,15098,0.0,61.831854261957474,85.19694094646661,86.79470224062256,0.10262439069222751,0.10416754079163243,-0.0015431500994049219
2020-06-24,11.94,11.94,11.93,11.93,12843,0.0,61.40238614304034,81.36577211529773,84.11864648107534,0.09949728512366107,0.10323348965803816,-0.003736204534377091
2020-06-25,11.93,11.94,11.9,11.91,17036,0.0,59.618590741372195,78.83853899982921,81.80041735386452,0.09431795984773395,0.10145038369597732,-0.007132423848243377
2020-06-26,11.91,11.93,11.85,11.93,35716,0.0,60.843621498762296,72.92456050520546,77.70962387344413,0.09078067696946945,0.09931644235067576,-0.008535765381206303
2020-06-27,11.76,11.76,11.675,11.729000000000001,2938,0.0,45.80444927870812,51.445247468515475,67.73611565785005,0.07094057583157465,0.09364126904685555,-0.022700693215280898
2020-06-28,11.72,11.72,11.54,11.57,4226,0.0,37.83712101578968,30.755011778279925,51.708273250666956,0.04190413675394922,0.08329384258827428,-0.041389705834325066
2020-06-29,11.57,11.6,11.54,11.55,3588,0.0,36.96610470231269,8.931942374565551,30.37740054045365,0.017081808282828348,0.0700514357271851,-0.05296962744435675
2020-06-30,11.55,11.62,11.545,11.61,1853,0.0,41.32958765589573,8.33333333333353,16.006762495393,0.002225775340694014,0.05648630364988688,-0.05426052830919287
2020-07-01,11.605,11.69,11.605,11.65,5494,0.0,44.10742419668796,15.003695491500585,10.75632373313322,-0.006248048478250112,0.043939433224259486,-0.0501874817025096
2020-07-02,11.64,11.675,11.635,11.64,4505,0.0,43.552258126686006,22.376201034737832,15.23774328652398,-0.013613602199894714,0.03242882613942865,-0.046042428339323364
2020-07-03,11.64,11.64,11.57,11.595,1809,0.0,41.04842753511298,21.5447154471548,19.641537324464405,-0.022818937996625266,0.021379273312217867,-0.04419821130884313
2020-07-04,11.57,11.59,11.56,11.575,2384,0.0,39.94915832751367,15.447154471544962,19.789356984479195,-0.031366492390114686,0.010830120171751358,-0.04219661256186605
2020-07-05,11.575,11.69,11.57,11.69,2767,0.0,48.490859419766174,19.662752183077515,18.884874033925755,-0.028532052186834633,0.00295768570003416,-0.03148973788686879
2020-07-06,11.695,11.71,11.67,11.685,3222,0.0,48.17004111826637,27.274540800963678,20.794815818528715,-0.026385045734841128,-0.0029108605869408977,-0.023474185147900232
2020-07-07,11.71,11.78,11.71,11.78,2552,0.0,54.34990894144933,44.42901234567912,30.455435109906762,-0.016823886312513636,-0.005693465732055446,-0.01113042058045819
2020-07-08,11.785,11.81,11.785,11.8,2349,0.0,55.551472568808585,53.75000000000023,41.817851048881,-0.007545782647582655,-0.006063929115160889,-0.0014818535324217664
2020-07-09,11.805,11.82,11.72,11.72,5050,0.0,49.89428470880954,57.05128205128228,51.74343146565386,-0.0065723876662548975,-0.006165620825379691,-0.0004067668408752065
2020-07-10,11.74,11.74,11.72,11.72,3121,0.0,49.89428470880954,58.4798534798538,56.42704517704542,-0.005734857265885296,-0.006079468113480813,0.00034461084759551674
2020-07-11,11.72,11.74,11.71,11.72,1935,0.0,49.89428470880954,58.24175824175855,57.9242979242982,-0.005013317980512966,-0.005866238086887244,0.0008529201063742784
2020-07-12,11.725,11.73,11.69,11.69,2793,0.0,47.62282270662563,60.71428571428589,59.14529914529941,-0.006784039987921986,-0.0060497984670941935,-0.0007342415208277924
2020-07-13,11.7,11.71,11.665,11.685,16455,0.0,47.236839032042376,56.25541125541139,58.403818403818605,-0.008492907201842925,-0.00653842021404394,-0.001954486987798985
2020-07-14,11.675,11.675,11.62,11.62,4618,0.0,42.423083105192305,42.5191475191474,53.16294816294822,-0.014920163199052539,-0.00821476881104566,-0.006705394388006878
2020-07-15,11.62,11.64,11.58,11.585,6671,0.0,40.05601707499611,27.867132867132828,42.21389721389719,-0.02257775506924098,-0.011087366062684723,-0.011490389006556256
2020-07-16,11.58,11.59,11.55,11.555,5744,0.0,38.09400071441225,11.514719848052977,27.300333411444388,-0.030713158898372228,-0.015012524629822225,-0.015700634268550003
2020-07-17,11.555,11.6,11.55,11.55,34382,0.0,37.7620119247722,3.822412155745442,14.401421623643735,-0.03713590367734021,-0.019437200439325824,-0.017698703238014386
2020-07-18,11.74,11.78,11.57,11.6,2730,0.0,43.10209251834314,6.790123456789907,7.375751820196094,-0.03775616350499433,-0.023100993052459527,-0.014655170452534807
2020-07-19,11.6,11.69,11.54,11.665,9065,0.0,49.203801794531124,21.053791887125065,10.555442499886789,-0.03262666720466534,-0.02500612788290069,-0.007620539321764649
2020-07-20,11.665,11.71,11.655,11.675,11282,0.0,50.090568073712475,37.12522045855376,21.656378600822894,-0.027438296402932494,-0.025492561586907055,-0.0019457348160254392
2020-07-21,11.675,11.7,11.67,11.695,15597,0.0,51.89917891482071,49.40476190476205,35.86125808348027,-0.02146520479014491,-0.02468709022755463,0.0032218854374097203
2020-07-22,11.7,11.725,11.675,11.695,11832,0.0,51.89917891482071,52.97619047619074,46.50205761316883,-0.01654081444063671,-0.02305783507017105,0.00651702062953434
2020-07-23,11.695,11.7,11.675,11.685,10110,0.0,50.831032455865284,57.0436507936511,53.141534391534606,-0.013291895341270177,-0.021104647124390877,0.0078127517831207
2020-07-24,11.685,11.69,11.655,11.67,13020,0.0,49.1954545395185,56.64682539682574,55.555555555555834,-0.011791552510242553,-0.019242028201561213,0.00745047569131866
2020-07-25,11.665,11.68,11.665,11.68,3342,0.0,50.34260314260386,57.638888888889234,57.109788359788666,-0.00968397277071631,-0.017330417115392235,0.0076464443446759255
2020-07-26,11.67,11.675,11.57,11.59,6026,0.0,41.30340068522625,44.44444444444471,52.9100529100532,-0.015101863598488308,-0.016884706412011452,0.0017828428135231444
2020-07-27,11.6,11.615,11.585,11.615,5696,0.0,44.295440524214655,36.80555555555588,46.29629629629659,-0.017180246855589942,-0.01694381450072715,-0.00023643235486279363
2020-07-28,11.615,11.635,11.61,11.61,9162,0.0,43.81439527224584,27.083333333333627,36.11111111111139,-0.019011683916218658,-0.017357388383825452,-0.001654295532393206
2020-07-29,11.615,11.62,11.61,11.615,927,0.0,44.46390687730856,30.555555555555895,31.48148148148178,-0.019831052736753563,-0.017852121254411074,-0.0019789314823424886
