Date,Open,High,Low,Close,Volume,OpenInterest,rsi,stoc k,stoc d,macd,signal,histogram
2020-04-01,567.44,567.44,567.43,567.43,207,0.0,,,,,,
2020-04-02,567.085,567.17,566.705,566.705,416,0.0,,,,,,
2020-04-03,565.72,565.72,564.36,564.36,201,0.0,,,,,,
2020-04-04,564.26,564.75,563.23,563.23,543,0.0,,,,,,
2020-04-05,562.98,562.98,562.98,562.98,100,0.0,,,,,,
2020-04-06,562.665,563.175,562.47,562.47,341,0.0,,,,,,
2020-04-07,563.23,563.23,561.95,562.18,365,0.0,,,,,,
2020-04-08,561.16,561.16,561.16,561.16,100,0.0,,,,,,
2020-04-09,559.99,559.99,559.16,559.16,357,0.0,,,,,,
2020-04-10,559.1,559.1,558.935,558.935,615,0.0,,,,,,
2020-04-11,557.64,557.64,556.915,556.915,802,0.0,,,,,,
2020-04-12,556.26,559.69,556.26,559.69,683,0.0,,,,,,
2020-04-13,560.305,560.56,559.55,559.55,2074,0.0,,,,,,
2020-04-14,559.855,561.315,559.855,561.185,795,0.0,,,,,,
2020-04-15,561.03,561.03,560.085,560.585,2361,0.0,28.151931056495755,,,,,
2020-04-16,561.01,561.665,559.73,560.695,1704,0.0,28.691181129225285,43.525338302905396,,,,
2020-04-17,560.465,561.32,559.8,560.935,2015,0.0,29.926927972384675,47.19630621703218,,,,
2020-04-18,560.405,561.2,559.345,560.64,6203,0.0,29.255817580639416,54.92904497214361,48.55022983069372,,,
2020-04-19,561.225,562.69,556.49,556.49,4343,0.0,21.836988893961077,40.401794893026654,47.509048694067474,,,
2020-04-20,555.605,557.49,554.865,557.105,4160,0.0,24.87721904856383,30.9729484201069,42.101262761759045,,,
2020-04-21,557.09,559.695,556.07,559.695,5421,0.0,36.14215596938616,30.60111294080507,33.99195208464621,,,
2020-04-22,560.165,561.1,559.55,559.55,2014,0.0,35.81832727456553,49.458562255760114,37.0108745388907,,,
2020-04-23,560.15,560.15,558.52,558.52,700,0.0,33.52075604201826,56.10223642172474,45.38730387276331,,,
2020-04-24,559.72,560.79,559.72,560.79,843,0.0,42.30448725635534,60.7667731629384,55.442523946807746,,,
2020-04-25,560.695,561.45,559.885,561.45,1005,0.0,44.59658058575124,68.86048988285354,61.909833155838896,,,
2020-04-26,562.22,562.48,561.735,561.74,1663,0.0,45.61887778543166,82.57720979765655,70.7348242811495,-0.59850876536143,,
2020-04-27,561.99,562.43,561.71,562.43,1006,0.0,48.07393593249644,89.56336528221449,80.3336883209082,-0.38666498861721266,,
2020-04-28,562.41,562.41,561.5,561.58,428,0.0,45.35739508209645,90.11714589989286,87.41924032658797,-0.28409034884759876,,
2020-04-29,560.88,560.88,559.27,559.305,825,0.0,39.004540876181835,79.74440894568606,86.47497337593114,-0.3819695872178954,,
2020-04-30,559.93,559.93,558.835,559.81,1176,0.0,40.980645347732185,68.58359957401412,79.48171813986436,-0.4140177701324319,,
2020-05-01,560.01,560.295,559.58,560.01,1458,0.0,41.78504205685435,61.895633652821196,70.07454739084045,-0.41845417816921326,,
2020-05-02,559.95,559.95,558.94,559.41,825,0.0,40.0227079873908,62.34291799786919,64.27405040823481,-0.46502453571179103,,
2020-05-03,560.2,560.2,558.39,558.39,315,0.0,37.15387593303013,56.70802749743489,60.31552638270841,-0.5775793795334039,,
2020-05-04,558.685,559.13,558.685,558.81,717,0.0,39.089947601090124,49.03966453288408,56.03020334272937,-0.6256769992850195,-0.46133183920844406,-0.16434516007657546
2020-05-05,558.93,558.93,557.05,557.99,6250,0.0,36.71201058955813,35.44905346394055,47.06558183141982,-0.72164320280217,-0.5133941119271893,-0.20824909087498067
2020-05-06,557.815,560.28,557.815,560.28,1844,0.0,46.500035490065194,39.84709664629646,41.445271547707,-0.6059284824490305,-0.5319009860315576,-0.07402749641747297
2020-05-07,561.25,561.6,561.25,561.31,301,0.0,50.22858712474101,51.74953959484324,42.348563235026724,-0.4261983912042524,-0.5107604670660966,0.08456207586184417
2020-05-08,561.14,562.025,560.955,561.95,402,0.0,52.44626631750045,76.05893186003655,55.88518936705873,-0.2294731243747492,-0.4545029985278271,0.2250298741530779
2020-05-09,562.085,562.085,561.77,561.89,1021,0.0,52.211389602480004,85.94229588704695,71.25025578064223,-0.07751488826193054,-0.3791053764746478,0.3015904882127173
2020-05-10,561.4,561.915,561.15,561.52,1252,0.0,50.70340242477481,87.48645028194846,83.16255934301064,0.012908400866422198,-0.30070262100643386,0.31361102187285606
2020-05-11,561.23,562.33,561.22,562.33,472,0.0,53.846141931965505,90.24246761700458,87.89040459533332,0.1482211384927723,-0.21091786910659263,0.3591390075993649
2020-05-12,562.06,562.06,560.965,561.06,452,0.0,48.61316606843132,85.84664474742448,87.85852088212583,0.15123572052493728,-0.13848715118028665,0.2897228717052239
2020-05-13,560.95,562.13,560.01,561.875,3581,0.0,51.847267579508355,88.61233604703732,88.23381613715544,0.2168883335641567,-0.06741205423139798,0.28430038779555467
2020-05-14,561.21,562.7,560.975,562.26,6679,0.0,53.341174014169404,86.51397827835784,86.99098635760653,0.2965661547934815,0.00538358757357791,0.29118256721990354
2020-05-15,561.82,561.82,561.59,561.63,400,0.0,50.57606654715175,88.21897068025316,87.78176166854944,0.30535571667064687,0.06537801339299171,0.23997770327765516
2020-05-16,561.65,561.76,561.59,561.59,600,0.0,50.39743342455161,84.54277286135647,86.4252406066558,0.3055714051308769,0.11341669174056876,0.19215471339030812
2020-05-17,561.74,561.77,561.65,561.77,600,0.0,51.23216645742168,81.65191740412934,84.80455364857964,0.31661707095997826,0.15405676758445067,0.1625603033755276
2020-05-18,561.67,561.74,561.66,561.74,500,0.0,51.07788639627423,82.30088495575184,82.8318584070792,0.31926974850762235,0.187099363769085,0.13217038473853734
2020-05-19,561.74,561.74,561.68,561.69,500,0.0,50.80329156053156,81.95771173570252,81.97017136519453,0.3137210514464641,0.21242370130456084,0.10129735014190328
2020-05-20,561.69,561.75,561.69,561.73,1000,0.0,51.03010214406657,75.42461088145173,79.894402524302,0.3089894961826758,0.23173686028018387,0.07725263590249193
2020-05-21,561.74,561.76,561.65,561.65,900,0.0,50.52836392437922,68.07717527925368,75.15316596546927,0.29537942301385556,0.24446537282691821,0.05091405018693734
2020-05-22,561.67,561.74,561.64,561.74,800,0.0,51.11073720493676,63.0731102850053,68.85829881523688,0.28852960018343765,0.2532782182982221,0.03525138188521554
2020-05-23,561.77,561.78,561.66,561.66,900,0.0,50.54119899033109,62.205700123914234,64.45199522939106,0.2734930768810955,0.2573211900147968,0.016171886866298668
2020-05-24,561.71,561.78,561.66,561.77,800,0.0,51.34404837146189,63.692688971497894,62.99049979347246,0.26737052356008917,0.2593310567238553,0.008039466836233855
2020-05-25,561.65,561.76,561.62,561.67,700,0.0,50.540845970029174,62.825278810406836,62.90788930193964,0.25154948578949643,0.25777474253698357,-0.00622525674748714
2020-05-26,561.74,561.76,561.59,561.65,900,0.0,50.371126669435306,62.70136307310832,63.07311028500434,0.2346919834245682,0.2531581907145005,-0.018466207289932313
2020-05-27,561.59,561.73,561.59,561.73,900,0.0,51.07879626296957,55.48156528922482,60.336069057579984,0.22519175241586709,0.24756490305477385,-0.02237315063890677
2020-05-28,561.64,561.64,561.62,561.62,200,0.0,50.0225877681467,39.25937898460412,52.48076911564575,0.20640733493121388,0.23933338943006185,-0.03292605449884797
2020-05-29,561.59,561.73,561.59,561.73,900,0.0,51.11127320276367,43.49860157640541,46.079848616744776,0.19811290715938412,0.2310892929759263,-0.03297638581654219
2020-05-30,561.62,561.67,561.62,561.67,600,0.0,50.46551988282076,42.94431731501921,41.90076595867624,0.18457040212820175,0.2217855148063814,-0.037215112678179646
2020-05-31,561.61,561.64,561.61,561.64,300,0.0,50.12451950647047,47.36842105262315,44.60377998134925,0.16946364858949892,0.2113211415630049,-0.041857492973505994
2020-06-01,561.72,561.73,561.72,561.73,200,0.0,51.19007046833523,47.36842105262315,45.893719806755165,0.162876150534089,0.20163214335722174,-0.038755992823132746
2020-06-02,562.17,562.25,558.03,558.4,1883,0.0,27.65114423690048,36.2559241706161,43.66425542528745,-0.1097821587746921,0.13934928293083898,-0.2491314417055311
2020-06-03,559.345,560.81,559.345,560.705,1194,0.0,46.11999675464853,48.613536210199356,44.07929381114619,-0.13827761867457866,0.08382390260975545,-0.2221015212843341
2020-06-04,560.14,561.07,558.39,558.42,1523,0.0,36.24286716688065,27.13270142180119,37.334053934205535,-0.34130651040607063,-0.0012021799934097688,-0.34010433041266086
2020-06-05,558.58,558.63,557.445,557.76,1603,0.0,33.97927585964035,26.395334309804166,34.047190647268216,-0.5491347701910172,-0.11078869803293126,-0.43834607215808596
2020-06-06,558.45,558.45,557.07,557.07,1176,0.0,31.74690328880027,5.265792445664744,19.59794272575668,-0.7607479677981246,-0.24078055198596993,-0.5199674158121547
2020-06-07,556.63,557.26,556.19,556.19,809,0.0,29.11934463342739,2.185223725285724,11.282116826918193,-0.9880717212761283,-0.3902387858440016,-0.5978329354321267
2020-06-08,556.205,557.17,556.205,557.17,502,0.0,35.519728140270644,5.390539053904864,4.280518408285094,-1.076737662362575,-0.5275385611477164,-0.5491991012148587
2020-06-09,557.565,557.565,556.38,556.41,811,0.0,33.02889562930865,6.60066006600561,4.7254742817320485,-1.194561545978786,-0.6609431581139303,-0.5336183878648556
2020-06-10,557.29,557.29,556.68,556.68,500,0.0,34.77873806801665,9.295929592957755,7.09570957095606,-1.2517220069776158,-0.7790989278866675,-0.47262307909094836
2020-06-11,557.03,557.17,557.03,557.17,271,0.0,37.94748719270786,9.295929592957755,8.397506417307023,-1.2431528865979544,-0.8719097196289249,-0.3712431669690295
2020-06-12,556.96,557.425,556.69,557.425,300,0.0,39.592312036025874,14.878987898788312,11.15694902823459,-1.2019303234902736,-0.9379138404011946,-0.264016483089079
2020-06-13,557.895,557.905,557.895,557.905,303,0.0,42.67271409787693,21.617161716170234,15.26402640263875,-1.1176456336082765,-0.973860199042611,-0.1437854345656655
2020-06-14,557.73,558.095,557.73,557.93,648,0.0,42.8362148010533,25.797579757974404,20.764576457644303,-1.0368796157963516,-0.9864640823933591,-0.05041553340299243
2020-06-15,557.66,558.14,557.595,558.14,512,0.0,44.27395506060731,29.730473047303548,25.715071507149386,-0.9450329680429377,-0.9781778595232749,0.03314489148033717
2020-06-16,557.39,557.66,557.39,557.66,400,0.0,41.69272696812604,30.338013309526275,28.622022038268067,-0.9005943355517729,-0.9626611547289745,0.06206681917720158
2020-06-17,557.46,557.72,557.43,557.72,718,0.0,42.14677348082265,31.217875885948164,30.428787414259318,-0.8507282350468586,-0.9402745707925514,0.08954633574569282
2020-06-18,557.64,557.69,555.415,556.23,3583,0.0,34.88232373451393,28.941777358522312,30.16588885133224,-0.9208248430836647,-0.936384625250774,0.015559782167109293
2020-06-19,556.51,556.56,556.51,556.56,737,0.0,37.4536245808782,31.476301714622853,30.545318319697767,-0.9389253212540325,-0.9368927644514258,-0.002032556802606722
2020-06-20,557.05,557.32,556.38,557.32,530,0.0,43.032720337872085,44.32823433607073,34.91543780307196,-0.8817798232821588,-0.9258701762175724,0.044090352935413635
2020-06-21,556.87,557.66,556.66,557.66,998,0.0,45.37999241500498,63.34003395654178,46.38152333574512,-0.7998364294489875,-0.9006634268638555,0.100826997414868
2020-06-22,558.97,558.99,558.46,558.62,1174,0.0,51.46137616961689,80.64797587733433,62.772081389982276,-0.649939623118712,-0.8505186661148268,0.20057904299611484
2020-06-23,558.58,558.645,558.21,558.46,412,0.0,50.45311720873992,85.73683197536421,76.57494726974677,-0.5378559187504379,-0.7879861166419491,0.25013019789151114
2020-06-24,558.04,558.96,558.0,558.0,2566,0.0,47.567595000091615,82.37762237762271,82.92081007677375,-0.48060679517141125,-0.7265102523478415,0.24590345717643025
2020-06-25,558.16,559.14,558.0,559.14,2134,0.0,54.511027909829174,85.82750582750616,84.64732006016436,-0.3393363217669503,-0.6490754662316633,0.30973914446471307
2020-06-26,559.48,559.82,559.32,559.82,1008,0.0,58.07728471399905,90.76923076923077,86.32478632478654,-0.1705422320994785,-0.5533688194052264,0.3828265873057479
2020-06-27,559.4,560.05,559.0,559.98,6204,0.0,58.893883430250774,99.4965839626038,92.03110685311356,-0.02358911646706474,-0.4474128788175941,0.4238237623505294
2020-06-28,559.83,559.91,559.46,559.91,587,0.0,58.35830301869674,98.48975188781066,96.25185553988172,0.0862298671931967,-0.340684329615436,0.4269141968086327
2020-06-29,559.3,559.785,559.11,559.785,1926,0.0,57.35524900932368,96.5839626033807,98.19009948459836,0.16131619493626204,-0.24028422470509636,0.4016004196413584
2020-06-30,561.33,561.9,561.14,561.755,2713,0.0,66.98600949260981,96.342068951751,97.13859448098077,0.37545715034821114,-0.11713594969443487,0.492593100042646
2020-07-01,561.8,564.12,561.8,564.12,688,0.0,74.44686715068862,97.34890102654414,96.7583108605586,0.7276136578607293,0.05181397181659797,0.6757996860441313
2020-07-02,563.45,563.45,563.295,563.365,710,0.0,69.07973962815731,96.00318298969937,96.56471765599815,0.9349999397253441,0.2284511653983472,0.7065487743269969
2020-07-03,563.9,563.9,562.43,563.085,2211,0.0,67.14637476828696,92.29112833764009,95.21440411796118,1.0644906170867898,0.39565905573603577,0.6688315613507541
2020-07-04,563.22,563.45,563.03,563.45,1806,0.0,68.3883964352973,89.29738392298434,92.53056508344126,1.182929288899004,0.5531131023686294,0.6298161865303745
2020-07-05,563.44,563.75,563.165,563.75,564,0.0,69.41195037249149,90.53364069959675,90.7073843200737,1.2861740683655398,0.6997252955680116,0.5864487727975283
2020-07-06,564.07,565.265,564.07,565.265,722,0.0,73.99179412800548,94.99100504068188,91.60734322108765,1.473261299362207,0.8544324963268506,0.6188288030353564
2020-07-07,565.06,565.06,564.53,564.53,210,0.0,68.62355929996534,94.61241635141464,93.37902069723107,1.5444178330562863,0.9924295636727378,0.5519882693835485
2020-07-08,564.895,566.045,564.895,566.045,595,0.0,72.97578157050032,96.62766689607696,95.41036276272449,1.703421751670703,1.1346280012723309,0.5687937503983722
2020-07-09,565.65,565.65,565.29,565.29,300,0.0,67.91961244983246,93.0553934160675,94.76515888785302,1.7483573374605612,1.257373868509977,0.4909834689505843
2020-07-10,565.23,566.07,565.23,565.54,569,0.0,68.69311271522963,93.9289052092876,94.53732184047733,1.7835820005443566,1.362615494916853,0.4209665056275036
2020-07-11,565.79,565.79,564.35,564.65,528,0.0,62.88049827264086,87.12813892576237,91.37081251703914,1.719856799250465,1.4340637557835756,0.2857930434668894
2020-07-12,564.36,564.765,564.35,564.35,880,0.0,61.006578805938084,82.46286451305146,87.83996954936713,1.626398515624146,1.4725307077516896,0.15386780787245646
2020-07-13,564.105,564.215,564.01,564.2,415,0.0,60.043076905551466,72.31800766283493,80.6363370338829,1.522675945653532,1.4825597553320582,0.04011619032147373
2020-07-14,564.0,564.2,563.49,563.49,1538,0.0,55.56941172835949,58.978258723877836,71.25304363325472,1.3674212148143852,1.4595320472285236,-0.09211083241413842
2020-07-15,563.95,563.95,563.165,563.165,527,0.0,53.60070627025593,40.61324251403406,57.30316963358225,1.204273819258674,1.4084804016345538,-0.20420658237587985
2020-07-16,562.94,563.84,562.94,563.145,1063,0.0,53.47515292189433,26.4712063892393,42.0209025423837,1.061132425940059,1.339010806495655,-0.277878380555596
2020-07-17,563.08,563.635,562.755,562.79,2506,0.0,51.1833890605466,13.630323924441235,26.90492427590483,0.9085728451242403,1.252923214221372,-0.3443503690971317
2020-07-18,563.45,563.45,560.94,561.42,9983,0.0,43.44524244326609,10.018463075737724,16.706664463139383,0.6694042522327663,1.1362194218236508,-0.4668151695908844
2020-07-19,565.92,565.92,564.49,564.925,992,0.0,60.07551525713088,29.364281325064002,17.671022775080953,0.7539940526485225,1.0597743479886252,-0.30578029534010276
2020-07-20,564.19,564.82,563.18,563.19,2002,0.0,51.934439147757466,43.63222871994673,27.67165770691612,0.6732710295823381,0.9824736843073678,-0.3092026547250297
2020-07-21,564.16,564.16,563.65,563.86,509,0.0,54.498733090769726,59.486679662117346,44.16106323570933,0.65580118496257,0.9171391844384083,-0.26133799947583825
2020-07-22,563.49,563.49,561.87,561.87,1223,0.0,46.554399404018305,39.636127355424996,47.58501191249633,0.47589402823803084,0.8288901531983328,-0.35299612496030197
2020-07-23,560.82,563.25,560.82,563.25,1064,0.0,51.80145529069186,40.444815743060424,46.52254092020089,0.43960330398681435,0.7510327833560291,-0.3114294793692147
2020-07-24,563.38,563.38,563.38,563.38,101,0.0,52.27677135768195,38.20348256261494,39.42814188703341,0.4165310464795766,0.6841324359807387,-0.2676013895011621
2020-07-25,562.81,563.155,561.7,561.7,1020,0.0,45.967872228476274,37.91223155929003,38.853509954988425,0.25969060488296236,0.5992440697611834,-0.339553464878221
2020-07-26,561.89,563.28,561.89,563.28,426,0.0,51.85288710370878,38.562091503267716,38.22593520839086,0.25989036596956794,0.5313733290028603,-0.27148296303329233
2020-07-27,563.19,563.19,563.19,563.19,133,0.0,51.50873810456678,37.320261437908606,37.93152816682208,0.24990567319161983,0.4750797978406122,-0.2251741246489924
2020-07-28,561.3,561.4,560.72,561.08,730,0.0,44.11616030296776,33.87631975867285,36.58622423328302,0.07091589197602843,0.39424701666769546,-0.323331124691667
2020-07-29,561.77,563.185,561.77,562.975,731,0.0,50.927941814098446,32.25301659125241,34.48319926261126,0.08104166575890304,0.331605946485937,-0.25056428072703396
