Date,Open,High,Low,Close,Volume,OpenInterest,rsi,stoc k,stoc d,macd,signal,histogram
2020-04-01,42.86,42.93,42.805,42.81,35407,0.0,,,,,,
2020-04-02,42.82,42.87,42.8,42.855,24664,0.0,,,,,,
2020-04-03,42.85,42.85,42.74,42.82,26649,0.0,,,,,,
2020-04-04,42.81,42.87,42.81,42.86,29697,0.0,,,,,,
2020-04-05,42.87,42.95,42.84,42.87,39843,0.0,,,,,,
2020-04-06,42.83,42.86,42.72,42.75,27502,0.0,,,,,,
2020-04-07,42.745,42.78,42.715,42.78,123434,0.0,,,,,,
2020-04-08,42.78,42.78,42.66,42.7,103169,0.0,,,,,,
2020-04-09,42.695,42.7,42.53,42.54,95237,0.0,,,,,,
2020-04-10,42.535,42.55,42.47,42.525,127555,0.0,,,,,,
2020-04-11,42.52,42.54,42.42,42.445,118180,0.0,,,,,,
2020-04-12,42.445,42.55,42.345,42.515,139858,0.0,,,,,,
2020-04-13,42.5,42.57,42.41,42.5,46633,0.0,,,,,,
2020-04-14,42.49,42.52,42.45,42.46,35337,0.0,,,,,,
2020-04-15,42.46,42.49,42.4,42.43,48896,0.0,25.3246753246748,,,,,
2020-04-16,42.41,42.48,42.36,42.43,54386,0.0,25.3246753246748,15.702479338843077,,,,
2020-04-17,42.42,42.48,42.34,42.43,138184,0.0,25.3246753246748,14.284423971458088,,,,
2020-04-18,42.44,42.57,42.34,42.49,304136,0.0,31.947714037913357,17.797949690646906,15.928284333649358,,,
2020-04-19,43.42,43.85,42.88,42.97,257590,0.0,61.4239721582064,27.022038866572228,19.70147084289241,,,
2020-04-20,42.96,43.16,42.925,43.0,115078,0.0,62.51674924850809,36.67354250352818,27.164510353582443,,,
2020-04-21,43.005,43.16,42.905,43.16,46800,0.0,67.76199296467473,46.578366445915854,36.75798260533876,,,
2020-04-22,43.165,43.165,42.94,42.96,100589,0.0,57.020718671635976,46.35761589403952,43.20317494782787,,,
2020-04-23,42.965,43.03,42.85,42.86,84176,0.0,52.5365125769525,43.26710816777018,45.401030169241864,,,
2020-04-24,42.865,42.945,42.84,42.92,72444,0.0,54.83172213672004,37.96909492273718,42.53127299484897,,,
2020-04-25,42.925,42.985,42.775,42.775,34541,0.0,48.70237429718696,33.885209713024096,38.37380426784383,,,
2020-04-26,42.78,42.86,42.76,42.76,49709,0.0,48.10332110917478,31.677704194260258,34.51066961000719,0.08314693211813307,,
2020-04-27,42.765,42.87,42.72,42.84,40939,0.0,51.52777716083269,29.91169977924926,31.824871228844547,0.08024990245630192,,
2020-04-28,42.83,42.845,42.76,42.78,25366,0.0,48.92049051361785,30.022075055187504,30.53715967623235,0.0722792962829999,,
2020-04-29,42.795,42.81,42.71,42.81,42787,0.0,50.27528786157314,31.1258278145695,30.3532008830021,0.06760398607562479,,
2020-04-30,42.795,42.825,42.76,42.8,27096,0.0,49.80112211595719,30.24282560706384,30.46357615894029,0.0623728571544504,,
2020-05-01,42.79,42.855,42.79,42.8,27351,0.0,49.801122115957185,30.68432671081651,30.684326710816624,0.057563592533540486,,
2020-05-02,42.795,42.825,42.77,42.8,25239,0.0,49.801122115957185,22.940629719994988,27.955927345958454,0.05313965481021654,,
2020-05-03,42.8,42.85,42.78,42.805,82622,0.0,50.09505168333362,19.74581129338855,24.456922574733355,0.049466887023449146,,
2020-05-04,42.805,42.9,42.78,42.9,25195,0.0,55.43438962566309,23.510699826489013,22.065713613290857,0.0536039847742984,0.06438078813655718,-0.01077680336225878
2020-05-05,42.9,42.98,42.89,42.97,23971,0.0,58.92188339813507,39.92673992673967,27.72775034887242,0.061818474638641874,0.06386832543697413,-0.0020498507983322534
2020-05-06,42.97,43.02,42.96,43.02,28766,0.0,61.25423727243187,65.25869963369964,42.89871312897611,0.07153844846810387,0.06540235004320008,0.006136098424903785
2020-05-07,43.01,43.05,42.99,43.03,25846,0.0,61.722342990603245,82.71183473389404,62.63242476477779,0.07913628040322607,0.06814913611520527,0.010987144288020792
2020-05-08,43.03,43.18,43.03,43.18,35513,0.0,67.97283460323897,96.9975490196084,81.65602779573402,0.09615297174381965,0.07374990324092814,0.022403068502891504
2020-05-09,43.17,43.255,43.125,43.21,87311,0.0,69.0609875837656,95.2869221082931,91.66543528726517,0.11078253935546911,0.08115643046383635,0.029626108891632766
2020-05-10,43.215,43.26,43.21,43.25,71409,0.0,70.50016539438323,96.64164581595774,96.30870564795309,0.1241728554118211,0.08975971545343331,0.034413139958387795
2020-05-11,43.25,43.36,43.25,43.315,57194,0.0,72.720802755575,94.33395350826534,95.4208404775054,0.13843395368489553,0.09949456309972575,0.03893939058516978
2020-05-12,43.315,43.32,43.21,43.24,112856,0.0,66.50044710087226,90.93240093240105,93.96933341887471,0.14204667793092796,0.1080049860659662,0.034041691864961754
2020-05-13,43.235,43.305,43.15,43.17,190538,0.0,61.235642122216404,80.98290598290613,88.74975347452416,0.13767434874555562,0.11393885860188409,0.02373549014367153
2020-05-14,43.17,43.39,43.13,43.36,311080,0.0,68.52056415667282,81.67769506479202,84.53100066003306,0.1478364914208825,0.12071838516568378,0.027118106255198726
2020-05-15,43.4,43.4,43.28,43.32,400,0.0,65.72039942209227,83.59873698583387,82.08644601117733,0.1509226545833755,0.12675923904922215,0.024163415534153354
2020-05-16,43.34,43.36,43.27,43.36,700,0.0,67.16543519840968,92.00375490698072,85.76006231920219,0.15481155558436654,0.13236970235625103,0.02244185322811551
2020-05-17,43.36,43.39,43.355,43.39,800,0.0,68.24656901410333,93.0790237241852,89.56050520566659,0.1584873434844667,0.13759323058189415,0.020894112902572537
2020-05-18,43.37,43.39,43.3,43.37,600,0.0,66.67049967133613,95.35104364326382,93.47794075814325,0.1579656691214737,0.14166771828981006,0.016297950831663632
2020-05-19,43.36,43.38,43.3,43.38,700,0.0,67.0798647547672,95.98642976252115,94.8054990433234,0.15655449212344763,0.1446450730565376,0.011909419066910037
2020-05-20,43.36,43.36,43.34,43.34,300,0.0,63.70910225108556,91.64601539063574,94.3278295988069,0.15047388915206739,0.14581083627564356,0.004663052876423823
2020-05-21,43.35,43.35,43.27,43.35,300,0.0,64.19352247618244,89.10229519985701,92.24491345100462,0.14479280261721073,0.145607229543957,-0.00081442692674627
2020-05-22,43.3,43.38,43.28,43.28,1000,0.0,58.32459171290377,76.07199216955392,85.60676758668222,0.1331077028805865,0.1431073242112829,-0.009999621330696401
2020-05-23,43.34,43.36,43.27,43.27,400,0.0,57.515607340296356,64.9006582339923,76.69164853446775,0.12163809251279645,0.1388134778715856,-0.017175385358789153
2020-05-24,43.36,43.39,43.355,43.36,500,0.0,62.55020799333752,64.46689113355833,68.47984717903488,0.11844522863475504,0.1347398280242195,-0.016294599389464454
2020-05-25,43.36,43.38,43.34,43.34,400,0.0,60.82519916169073,71.60493827160572,66.99082921305212,0.1129984523356029,0.13039155288649618,-0.01739310055089327
2020-05-26,43.36,43.37,43.22,43.25,1100,0.0,53.654435749147645,69.13580246913618,68.40254395810008,0.10026381617717561,0.12436600554463206,-0.02410218936745645
2020-05-27,43.37,43.375,43.25,43.375,500,0.0,60.601668801035075,70.98765432098811,70.57613168724335,0.09911543951542257,0.11931589233879017,-0.020200452823367604
2020-05-28,43.31,43.36,43.26,43.26,700,0.0,52.76514682814027,52.46913580246896,64.19753086419776,0.08791240435860459,0.11303519474275306,-0.02512279038414847
2020-05-29,43.27,43.36,43.22,43.29,500,0.0,54.42096261373423,51.37981118373259,58.27886710239657,0.08052640924305621,0.1065334376428137,-0.026007028399757492
2020-05-30,43.34,43.35,43.34,43.35,200,0.0,57.620724464360954,46.62309368191717,50.157346889372924,0.07860830584206013,0.10094841128266299,-0.02234010544060286
2020-05-31,43.33,43.36,43.3,43.33,600,0.0,56.204325258895814,60.78431372548997,52.92907286371326,0.07461425553253775,0.09568158013263796,-0.021067324600100204
2020-06-01,43.19,43.39,43.18,43.305,112813,0.0,54.404074177083295,66.90009337068139,58.10250025936286,0.06864040693638174,0.09027334549338673,-0.021632938557004988
2020-06-02,43.295,43.49,43.26,43.45,39735,0.0,62.00552466130416,70.44215535676604,66.04218748431248,0.07474476593441892,0.08716762958159317,-0.012422863647174251
2020-06-03,43.45,43.58,43.42,43.5,73339,0.0,64.22060801796071,75.54019457245276,70.96081443330009,0.0826641951672471,0.08626694269872395,-0.003602747531476852
2020-06-04,43.5,43.525,43.385,43.41,48298,0.0,57.699803988470926,74.86559139784947,73.61598044235612,0.08074734690046625,0.08516302353907242,-0.004415676638606161
2020-06-05,43.395,43.4,43.25,43.265,26304,0.0,49.057283672814506,52.91666666666665,67.77415087898966,0.06675839345042078,0.0814820975213421,-0.014723704070921315
2020-06-06,43.28,43.35,43.21,43.34,240459,0.0,52.980331299332875,39.583333333333556,55.78853046594992,0.06102051375650319,0.07738978076837433,-0.016369267011871136
2020-06-07,43.34,43.47,43.325,43.41,41124,0.0,56.35836483385924,39.58333333333355,44.02777777777794,0.061413679081709915,0.07419456043104145,-0.01278088134933153
2020-06-08,43.4,43.4,43.26,43.32,21154,0.0,51.25934611314254,44.16666666666688,41.11111111111135,0.053842356426741844,0.07012411963018153,-0.016281763203439686
2020-06-09,43.33,43.33,43.24,43.285,40498,0.0,49.387976083935825,39.58333333333296,41.11111111111116,0.044504797578234445,0.06500025521979212,-0.020495457641557677
2020-06-10,43.3,43.32,43.15,43.16,275343,0.0,43.307023763134374,21.191860465115944,34.98062015503862,0.026710359191767452,0.05734227601418719,-0.03063191682241974
2020-06-11,43.165,43.25,43.15,43.24,37119,0.0,47.74177892812063,16.501937984495967,25.75904392764832,0.01884622245944456,0.04964306530323866,-0.030796842843794102
2020-06-12,43.24,43.295,43.22,43.295,15742,0.0,50.60266956418916,18.99224806201583,18.89534883720928,0.01685755439326897,0.04308596312124473,-0.026228408727975758
2020-06-13,43.295,43.31,43.27,43.29,31499,0.0,50.332901460641125,29.069767441860993,21.521317829457626,0.014708511841213578,0.0374104728652385,-0.02270196102402492
2020-06-14,43.29,43.33,43.26,43.3,17176,0.0,50.896723850568335,33.720930232558295,27.260981912145066,0.013654891473180442,0.03265935658682689,-0.01900446511364645
2020-06-15,43.3,43.32,43.29,43.295,24041,0.0,50.58750109739196,33.720930232558295,32.170542635659224,0.012274933732150828,0.02858247201589168,-0.016307538283740854
2020-06-16,43.295,43.32,43.29,43.29,41247,0.0,50.25866668451105,33.720930232558295,33.720930232558324,0.010655024576280425,0.024996982527969433,-0.014341957951689008
2020-06-17,43.29,43.3,43.19,43.24,45184,0.0,46.97057022320161,30.09302325581452,32.511627906977075,0.005275836211126261,0.0210527532646008,-0.01577691705347454
2020-06-18,43.25,43.29,43.21,43.23,23066,0.0,46.31789506919122,27.186046511628035,30.333333333333655,0.00020352810496859775,0.01688290823267436,-0.016679380127705763
2020-06-19,43.23,43.25,43.18,43.23,32298,0.0,46.31789506919122,24.66666666666656,27.315245478036406,-0.0037728218711450268,0.012751762211910486,-0.016524584083055512
2020-06-20,43.24,43.31,43.23,43.3,24508,0.0,51.75976400970737,32.291666666666096,28.04812661498693,-0.0012611550789713988,0.00994917875373411,-0.011210333832705508
2020-06-21,43.31,43.31,43.27,43.29,35684,0.0,50.9649296839608,42.624999999999694,33.19444444444415,-7.667363120589243e-05,0.00794400827674611,-0.008020681907952002
2020-06-22,43.295,43.3,43.27,43.285,43366,0.0,50.5469702390281,59.29166666666621,44.736111111110695,0.0004533522738086049,0.006445877076158608,-0.005992524802350003
2020-06-23,43.29,43.41,43.29,43.355,79152,0.0,55.98872965827859,69.94871794871764,57.28846153846121,0.006447493911366564,0.0064462004432002,1.2934681663644837e-06
2020-06-24,43.35,43.47,43.34,43.445,73746,0.0,61.807761110929476,82.01121794871771,70.41720085470055,0.01824977019251861,0.008806914393063883,0.009442855799454728
2020-06-25,43.445,43.51,43.435,43.51,85923,0.0,65.36904651685026,90.34455128205137,80.76816239316227,0.03247377844478905,0.013540287203408916,0.01893349124138013
2020-06-26,43.5,43.64,43.49,43.6,253066,0.0,69.59641661242276,94.49728260869581,88.95101727982167,0.05042736008465454,0.020917701779658043,0.029509658304996494
2020-06-27,43.22,43.31,43.21,43.275,29827,0.0,47.193185831406645,70.6521739130434,85.16466926793022,0.03799295983002793,0.024332753389732023,0.013660206440295905
2020-06-28,43.27,43.4,43.21,43.38,35625,0.0,52.511817809317776,51.811594202898654,72.320350241546,0.03619400852136323,0.026705004416058265,0.009489004105304965
2020-06-29,43.39,43.4,43.32,43.34,16260,0.0,50.42810437496707,32.971014492753916,51.811594202898696,0.03118122321090766,0.027600248175028146,0.0035809750358795148
2020-06-30,43.32,43.415,43.295,43.385,12032,0.0,52.701952021405454,40.942028985507484,41.90821256038672,0.030488229327097827,0.028177844405442083,0.0023103849216557434
2020-07-01,43.39,43.45,43.36,43.4,16095,0.0,53.468147539002175,42.391304347826036,38.768115942029176,0.03079442238875174,0.028701160002104018,0.0020932623866477228
2020-07-02,43.38,43.38,43.32,43.34,32964,0.0,49.980431899053976,42.39130434782603,41.90821256038655,0.02589705886282445,0.028140339774248103,-0.002243280911423652
2020-07-03,43.34,43.37,43.23,43.27,63513,0.0,46.194541274785536,32.18739467475592,38.99000112346937,0.01618092437541918,0.025748456694482322,-0.00956753231906314
2020-07-04,43.28,43.315,43.255,43.28,27432,0.0,46.81433799089731,21.6717222783961,32.08347376699272,0.009181891094684147,0.022435143574522688,-0.01325325247983854
2020-07-05,43.28,43.3,43.25,43.3,29446,0.0,48.10196051082457,17.05426356589136,23.637793506347833,0.005189122671374946,0.01898593939389314,-0.013796816722518195
2020-07-06,43.29,43.35,43.29,43.32,19657,0.0,49.42067774917716,20.930232558139206,19.88540613414226,0.0035971915970307577,0.015908189834520664,-0.012310998237489906
2020-07-07,43.33,43.435,43.32,43.435,24376,0.0,56.297113390537874,32.94573643410829,23.64341085271299,0.011482747688681627,0.015023101405352858,-0.0035403537166712306
2020-07-08,43.44,43.47,43.42,43.42,22660,0.0,55.24214603618743,42.248062015504,32.04134366925054,0.016333451205625238,0.015285171365407335,0.0010482798402179031
2020-07-09,43.42,43.435,43.37,43.37,35182,0.0,51.76027337837538,46.124031007751846,40.43927648578808,0.015959119759287432,0.015419961044183356,0.0005391587151040763
2020-07-10,43.37,43.385,43.33,43.345,35491,0.0,50.06125240464085,45.98986285032763,44.78731862452786,0.013489667831137808,0.015033902401574248,-0.0015442345704364396
2020-07-11,43.355,43.36,43.275,43.28,41822,0.0,45.84743907999689,38.68515205724478,43.59968197177479,0.006215998453455995,0.013270321611950598,-0.007054323158494602
2020-07-12,43.28,43.33,43.265,43.31,63560,0.0,48.022068002308856,37.393162393163,40.68939243357851,0.002839579442984075,0.011184173178157293,-0.008344593735173218
2020-07-13,43.32,43.35,43.23,43.235,45383,0.0,43.3366709621315,20.779914529915608,32.2860763267745,-0.005821028949185347,0.0077831327526887645,-0.013604161701874111
2020-07-14,43.24,43.255,43.2,43.245,154266,0.0,44.119539672374906,17.3611111111115,25.17806267806341,-0.011742348584647289,0.003878036485221554,-0.015620385069868842
2020-07-15,43.245,43.27,43.135,43.145,172008,0.0,38.405251408885505,7.2450248756221285,15.12868350554978,-0.02422495116417167,-0.0017425610446570915,-0.02248239011951458
2020-07-16,43.145,43.205,43.1,43.105,287288,0.0,36.375756875908834,7.001030881627379,10.535722289453703,-0.03691958337133627,-0.008777965509992929,-0.028141617861343345
2020-07-17,43.105,43.25,43.02,43.21,418771,0.0,44.645039074494825,15.519549400146445,9.921868385798685,-0.038068715916871554,-0.014636115591368654,-0.0234326003255029
2020-07-18,43.36,43.84,43.26,43.825,89764,0.0,69.58208881503067,47.24810176029638,23.25622734735677,0.010524627141947462,-0.00960396704470543,0.020128594186652894
2020-07-19,43.845,43.87,43.65,43.745,93833,0.0,65.45153831795433,75.22902385886592,45.99889167310295,0.04209462951403964,0.0007357522670435835,0.04135887724699606
2020-07-20,43.78,43.99,43.76,43.99,68648,0.0,71.10804369323304,94.48828311812521,72.32180291242922,0.08589341052334731,0.01776728391830433,0.06812612660504298
2020-07-21,43.985,43.995,43.73,43.755,97440,0.0,60.82162961041823,86.89291101055812,85.53673932918313,0.10048341375830461,0.03431050988630439,0.06617290387200023
2020-07-22,43.735,43.87,43.68,43.86,49453,0.0,63.371238842017384,87.17948717948731,89.5202271027236,0.1191452862214959,0.051277465153342694,0.0678678210681532
2020-07-23,43.865,43.99,43.855,43.975,45786,0.0,65.98234680471836,86.49572649572677,86.85604156192413,0.14158241950494954,0.06933845602366406,0.07224396348128548
2020-07-24,43.97,43.995,43.935,43.935,143221,0.0,64.26628614043895,92.64957264957296,88.77492877492908,0.15435701202611085,0.08634216722415343,0.06801484480195742
2020-07-25,43.925,43.94,43.88,43.925,119125,0.0,63.81941491711391,94.8717948717951,91.33903133903168,0.16180882084438508,0.10143549794819975,0.06037332289618533
2020-07-26,43.92,43.94,43.87,43.91,72137,0.0,63.11052803200723,92.6495726495727,93.39031339031364,0.16460657623370167,0.11406971360530013,0.05053686262840154
2020-07-27,43.905,43.92,43.81,43.86,100381,0.0,60.69056499504548,90.08547008547004,92.53561253561266,0.16093408742210613,0.12344258836866134,0.03749149905344479
2020-07-28,43.85,43.895,43.675,43.695,106737,0.0,53.4120203866659,82.22222222222223,88.31908831908838,0.14306038151647016,0.12736614699822313,0.01569423451824703
2020-07-29,43.69,43.73,43.69,43.725,3949,0.0,54.480924610444774,75.89743589743603,82.73504273504282,0.12981961043351475,0.12785683968528144,0.001962770748233311
