Date,Open,High,Low,Close,Volume,OpenInterest,rsi,stoc k,stoc d,macd,signal,histogram
2020-04-01,63.44,64.29,63.435,63.885,10414,0.0,,,,,,
2020-04-02,63.745,64.61,63.585,64.485,6321,0.0,,,,,,
2020-04-03,64.515,64.685,64.36,64.45,6920,0.0,,,,,,
2020-04-04,64.43,64.74,64.15,64.19,15151,0.0,,,,,,
2020-04-05,64.25,64.805,64.18,64.735,12421,0.0,,,,,,
2020-04-06,64.735,64.955,64.63,64.805,44969,0.0,,,,,,
2020-04-07,64.865,65.005,64.785,64.945,29850,0.0,,,,,,
2020-04-08,64.97,65.16,64.815,65.015,29156,0.0,,,,,,
2020-04-09,65.045,65.245,64.875,65.23,24793,0.0,,,,,,
2020-04-10,65.235,65.665,65.195,65.5,56766,0.0,,,,,,
2020-04-11,65.47,65.6,65.4,65.485,30429,0.0,,,,,,
2020-04-12,65.475,65.82,65.46,65.76,28230,0.0,,,,,,
2020-04-13,65.765,66.025,65.635,65.92,17921,0.0,,,,,,
2020-04-14,65.955,66.025,65.54,65.61,17955,0.0,,,,,,
2020-04-15,65.655,65.89,65.655,65.885,2093,0.0,80.86419753086415,,,,,
2020-04-16,65.88,66.025,65.715,66.02,5283,0.0,81.68598045898649,92.65748746404459,,,,
2020-04-17,65.97,66.035,65.75,65.755,7548,0.0,74.88743249955925,93.04717233648812,,,,
2020-04-18,65.73,65.88,65.495,65.53,10048,0.0,69.5914578061948,85.88516741698247,90.52994240583838,,,
2020-04-19,65.64,65.77,65.47,65.48,4641,0.0,68.43327672882256,72.80679651939484,83.91304542428846,,,
2020-04-20,65.445,65.49,65.3,65.3,4827,0.0,64.28545181764864,58.15816698800675,72.28337697479468,,,
2020-04-21,65.335,65.58,65.21,65.535,5269,0.0,67.08998867818426,53.57153802773098,61.5121671783775,,,
2020-04-22,65.49,65.675,65.4,65.56,30446,0.0,67.38342319624445,53.089372526851456,54.93969251419637,,,
2020-04-23,65.6,65.8,65.52,65.59,7857,0.0,67.75496860786558,55.03064236812162,53.897184307568004,,,
2020-04-24,65.6,65.75,65.5,65.5,9638,0.0,65.34991645460914,47.07568293775258,51.7318992775752,,,
2020-04-25,65.505,65.53,65.28,65.43,15262,0.0,63.46303590478103,36.28066378066483,46.12899636217966,,,
2020-04-26,65.395,65.495,65.195,65.38,20266,0.0,62.0841238281894,27.947330447331222,37.101225721916194,0.19083334464886548,,
2020-04-27,65.55,65.55,64.83,64.94,3392,0.0,51.48310069108915,19.273035631957345,27.83367661998445,0.13527230850083072,,
2020-04-28,64.96,65.54,64.95,65.18,9240,0.0,55.90584191415284,20.066027794243865,22.428797957844125,0.10934531655007618,,
2020-04-29,65.2,65.55,65.15,65.35,10703,0.0,58.77269724207357,27.109266943291995,22.149443456497718,0.1013472993060418,,
2020-04-30,65.32,65.43,65.16,65.335,4314,0.0,58.411825791804375,38.03596127247585,28.40375200333722,0.0927295103050767,,
2020-05-01,65.535,65.74,65.48,65.74,5032,0.0,64.71199798944377,57.2429691101888,40.79606577531887,0.11722862706723447,,
2020-05-02,65.75,65.765,65.33,65.395,5102,0.0,56.81608066851802,62.27426768000817,52.51773268755759,0.10756578547557183,,
2020-05-03,65.33,65.41,64.97,65.13,2650,0.0,51.60725301253601,58.613974799541644,59.37707052991286,0.07762976103224162,,
2020-05-04,65.17,65.17,65.04,65.145,4892,0.0,51.876195082214146,40.549828178693964,53.81269021941458,0.054487522382530074,0.10960438614094098,-0.055116863758410906
2020-05-05,65.14,65.23,65.08,65.17,1854,0.0,52.35148789177475,32.81786941580756,43.99389079801438,0.03772950039335399,0.09522940899142358,-0.057499908598069596
2020-05-06,65.26,65.38,65.18,65.225,3016,0.0,53.44095154689431,36.082474226804074,36.48339060710185,0.028557494556906704,0.08189502610452021,-0.053337531547613504
2020-05-07,65.21,65.31,65.21,65.23,5587,0.0,53.544940790447995,39.51798151313027,36.13944171858063,0.02144486896359865,0.0698049946763359,-0.04836012571273725
2020-05-08,65.29,65.42,65.29,65.365,2013,0.0,56.37789398698454,46.90721649484525,40.83589074492652,0.02639714385244929,0.06112342451155858,-0.03472628065910929
2020-05-09,65.35,65.52,65.35,65.52,1118,0.0,59.43650574657918,57.932263814616626,48.11915394086404,0.042340981513476095,0.05736693591194209,-0.015025954398465997
2020-05-10,65.4,65.42,65.27,65.33,2430,0.0,54.401126303921984,61.49732620320822,55.44560217089002,0.03919337875203155,0.053732224479959984,-0.014538845727928434
2020-05-11,65.3,65.3,65.21,65.28,6303,0.0,53.12561592169056,55.92117493957965,58.450254985801486,0.032292056032915184,0.049444190790551026,-0.017152134757635842
2020-05-12,65.27,65.35,65.27,65.35,900,0.0,54.726047943809036,47.25515850441773,54.891219882401856,0.032101081754035476,0.04597556898324792,-0.013874487229212445
2020-05-13,65.09,65.09,64.92,64.95,508,0.0,45.22399913421482,30.613278514121543,44.59653731937296,-0.0003231981710598575,0.036715815552386365,-0.03703901372344622
2020-05-14,64.9,65.13,64.87,65.13,2566,0.0,49.47532049461625,26.799772441986836,34.88940315350869,-0.011364178759990295,0.027099816689911033,-0.038463995449901325
2020-05-15,65.05,65.11,65.01,65.11,1633,0.0,49.02007073968268,19.80540588189884,25.739485612669057,-0.021480454962045314,0.017383762359519765,-0.03886421732156508
2020-05-16,65.09,65.305,65.09,65.305,832,0.0,53.511607257540405,40.92966623692879,29.178281520271472,-0.013605965320209634,0.011185816823573886,-0.024791782143783518
2020-05-17,65.3,65.36,65.2,65.31,2915,0.0,53.624432174625184,53.81034235782885,38.18180482555214,-0.006882579243892906,0.007572137610080528,-0.014454716853973433
2020-05-18,65.31,65.38,65.28,65.305,2610,0.0,53.484642763832895,67.17948717948819,53.97316525808193,-0.001935395517506322,0.005670630984563159,-0.007606026502069481
2020-05-19,65.305,65.385,65.26,65.37,3291,0.0,55.122471675588,70.51282051282146,63.83421668337948,0.007147844103087664,0.005966073608268061,0.0011817704948196032
2020-05-20,65.37,65.385,65.19,65.19,6507,0.0,49.88429826571399,64.35897435897499,67.35042735042819,-0.00017608889049824938,0.0047376411085147995,-0.004913729999013049
2020-05-21,65.205,65.25,65.08,65.155,7597,0.0,48.91101757012135,56.666666666666906,63.846153846154415,-0.008704229111799577,0.0020492670644519243,-0.0107534961762515
2020-05-22,65.16,65.22,64.98,65.03,13829,0.0,45.49686908227606,39.23076923076906,53.41880341880361,-0.02525813693061707,-0.0034122137345618747,-0.021845923196055196
2020-05-23,64.98,64.98,64.98,64.98,100,0.0,44.168754530432764,29.487179487179457,41.79487179487177,-0.041928484800862975,-0.011115467947822096,-0.03081301685304088
2020-05-24,65.07,65.15,64.96,65.08,1400,0.0,47.471418411205214,28.464027881503142,32.39399219981718,-0.04653427319149728,-0.018199228996557133,-0.028335044194940144
2020-05-25,65.03,65.08,64.95,65.08,600,0.0,47.471418411205214,33.851132686083325,30.600780018255268,-0.0496124917517875,-0.02448188154760321,-0.025130610204184292
2020-05-26,65.11,65.15,65.01,65.01,1200,0.0,45.29613611837286,36.24595469255584,32.853705086714065,-0.057042862512673764,-0.030994077740617326,-0.026048784772056438
2020-05-27,65.01,65.03,64.97,64.97,400,0.0,44.05387145642968,29.12621359223226,33.074433656957105,-0.06540520014570461,-0.03787630222163479,-0.027528897924069824
2020-05-28,65.01,65.11,64.96,65.11,900,0.0,49.29534648655821,27.79451698099105,31.055561755259674,-0.06004343960012193,-0.04230972969733222,-0.01773370990278971
2020-05-29,65.1,65.12,65.05,65.05,700,0.0,47.25213727711321,26.395863556893534,27.77219804337224,-0.059944699120251244,-0.045836723581916025,-0.014107975538335218
2020-05-30,65.0,65.11,65.0,65.0,700,0.0,45.557524529938696,23.75478927202963,25.981723269971358,-0.06317281185971524,-0.04930394123747587,-0.01386887062223937
2020-05-31,65.04,65.04,65.04,65.04,300,0.0,47.18924608171273,18.390804597700683,22.847152475541236,-0.06179115874266472,-0.051801384738513645,-0.009989774004151075
2020-06-01,64.53,64.53,63.16,63.24,4309,0.0,19.241565099869234,11.926471221318264,18.02402169701615,-0.20359423782483077,-0.08215995535577708,-0.12143428246905369
2020-06-02,63.4,64.695,63.385,64.695,6248,0.0,46.71374445222532,31.091308278445236,20.469528032488018,-0.19630497798522129,-0.10498895988166593,-0.09131601810355536
2020-06-03,64.695,64.985,64.325,64.98,9582,0.0,50.28145935179026,53.22186979194671,32.079883097236696,-0.16562188292016344,-0.11711554448936543,-0.04850633843079802
2020-06-04,64.945,65.45,64.945,65.445,11732,0.0,55.51484590746738,85.28392104883609,56.53236637307598,-0.10260097501540599,-0.11421263059457354,0.011611655579167546
2020-06-05,65.365,65.495,65.23,65.34,10420,0.0,54.1293094495341,93.40829448995771,77.30469511024681,-0.06043244631491973,-0.10345659373864279,0.043024147423723055
2020-06-06,65.34,65.63,65.23,65.535,9656,0.0,56.31012826105147,96.43246330360016,91.70822628079797,-0.011150180850847846,-0.0849953111610838,0.07384513031023596
2020-06-07,65.545,65.805,65.3,65.8,5857,0.0,59.152284970146226,96.44223153511003,95.42766310955595,0.048727949422740835,-0.05825065904431888,0.10697860846705971
2020-06-08,65.8,65.85,65.55,65.63,6193,0.0,56.608184782187145,95.92879052510392,96.26782845460468,0.08152445662372543,-0.030295635910710016,0.11182009253443545
2020-06-09,65.65,65.715,65.57,65.635,2607,0.0,56.66721644796072,94.54665345523462,95.63922517181616,0.10668953256040936,-0.0028986022164861416,0.1095881347768955
2020-06-10,65.66,65.765,65.6,65.615,4463,0.0,56.3370628036142,91.69764560099152,94.05769652711,0.12359448342178325,0.022400014911167738,0.10119446851061552
2020-06-11,65.64,65.8,65.6,65.615,6718,0.0,56.3370628036142,91.51177199504356,92.58535701708986,0.13543061890096908,0.04500613570912801,0.09042448319184107
2020-06-12,65.65,65.815,65.62,65.81,4671,0.0,59.03581213048949,93.68029739776968,92.29657166460156,0.15871613109804628,0.06774813478691166,0.09096799631113461
2020-06-13,65.825,65.94,65.71,65.73,12723,0.0,57.4665173259931,94.07433161277693,93.0888003351967,0.16876926878978793,0.08795236158748693,0.080816907202301
2020-06-14,65.685,65.84,65.6,65.61,8083,0.0,55.10048664544143,93.02951690692082,93.59471530582245,0.16514971263613631,0.10339183179721681,0.061757880838919504
2020-06-15,65.625,65.76,65.54,65.76,12986,0.0,57.45832884530332,91.17684326120343,92.76023059363371,0.17239764200138552,0.11719299383805057,0.05520464816333495
2020-06-16,65.795,65.875,65.675,65.825,38099,0.0,58.475935046928186,91.32124786136234,91.84253600982885,0.18129675883169227,0.1300137468367789,0.05128301199491336
2020-06-17,65.855,65.95,65.77,65.845,7705,0.0,58.80247598558294,91.7954953290597,91.43119548387513,0.18779838302829432,0.141570674075082,0.04622770895321232
2020-06-18,65.825,65.97,65.59,65.6,8802,0.0,53.275517250071275,77.47716525730456,86.86463614924219,0.17120793608228269,0.14749812647652216,0.023709809605760523
2020-06-19,65.615,65.615,65.275,65.39,17010,0.0,49.02225837172775,53.72462014253014,74.33242690963147,0.13950649832023032,0.1458998008452638,-0.0063933025250334785
2020-06-20,65.41,65.615,65.395,65.49,4617,0.0,51.027256471966176,34.185624473393496,55.1291366244094,0.12105657986482754,0.14093115664917655,-0.019874576784349007
2020-06-21,65.475,65.605,65.46,65.6,6718,0.0,53.20741359009258,33.106487782745944,40.33891079955652,0.11399688215914239,0.13554430175116972,-0.021547419592027328
2020-06-22,65.585,65.585,65.43,65.46,7452,0.0,50.147543049510766,34.77218225419543,34.02143150344495,0.09599857903178588,0.12763515720729296,-0.03163657817550708
2020-06-23,65.455,65.645,65.385,65.57,6806,0.0,52.460841803903165,38.609112709830875,35.495927582257416,0.08957827226214476,0.12002378021826333,-0.03044550795611857
2020-06-24,65.575,65.785,65.57,65.765,9172,0.0,56.32949648279084,46.522781774579464,39.96802557953526,0.09908283792965733,0.11583559176054213,-0.0167527538308848
2020-06-25,65.695,65.755,65.545,65.59,13691,0.0,52.22223761618793,52.75779376498766,45.963229416466,0.09144017185229814,0.11095650777889333,-0.0195163359265952
2020-06-26,65.615,65.75,65.51,65.75,24048,0.0,55.42258900762891,61.39088729016793,53.55715427657836,0.0971738075825499,0.10819996773962466,-0.011026160157074763
2020-06-27,64.07,64.32,63.98,64.26,6291,0.0,33.15197365599677,42.579805502332015,52.242828852495876,-0.01830182035052985,0.08289961012159376,-0.10120143047212361
2020-06-28,64.255,64.67,64.095,64.64,16924,0.0,39.79629513412776,38.52716821517682,47.49928700255893,-0.07825222035108936,0.050669244027057136,-0.1289214643781465
2020-06-29,64.625,64.64,64.225,64.29,14210,0.0,36.22489647076103,20.93802345058668,34.01499905603185,-0.15225037168654865,0.010085320884335981,-0.16233569257088462
2020-06-30,64.325,64.345,64.235,64.305,10014,0.0,36.48795940100671,21.69179229480781,27.052327986857108,-0.2072945031124931,-0.033390643915029834,-0.17390385919746326
2020-07-01,64.27,64.39,64.27,64.37,7562,0.0,37.68743357257557,17.169179229481248,19.932998324958582,-0.24287273140220123,-0.07528706141246412,-0.16758566998973712
2020-07-02,64.305,64.4,64.25,64.3,8794,0.0,36.87965732641911,17.8860600323876,18.915677185558888,-0.2735636768553604,-0.11494238450104338,-0.15862129235431704
2020-07-03,64.33,64.33,64.2,64.245,10922,0.0,36.22271856341808,17.335987416306253,17.46374222605837,-0.29887921899837977,-0.15172975140051068,-0.1471494675978691
2020-07-04,64.2,64.2,64.06,64.145,7956,0.0,35.001898640593126,13.850415512465583,16.357487653719815,-0.32328451020445925,-0.1860407031613004,-0.13724380704315886
2020-07-05,64.11,64.36,64.1,64.31,12052,0.0,38.67455187096711,14.03508771929855,15.073830216023467,-0.32555891772825873,-0.21394434607469207,-0.11161457165356667
2020-07-06,64.35,64.38,64.2,64.22,9632,0.0,37.432135662712504,13.573407202216266,13.819636811326804,-0.33081027498789695,-0.23731753185733306,-0.09349274313056388
2020-07-07,64.23,64.23,64.095,64.155,12356,0.0,36.51965429211374,13.75807940904923,13.788858110188022,-0.3363398537527047,-0.2571219962364074,-0.07921785751629729
2020-07-08,64.18,64.23,64.1,64.225,24708,0.0,38.2649951431419,12.264835550700473,13.198774053988663,-0.3312551664174208,-0.27194863027261007,-0.05930653614481074
2020-07-09,64.225,64.44,64.2,64.38,12354,0.0,42.06349081976527,15.365659272210534,13.79619141065342,-0.3111317770075317,-0.27978525961959444,-0.031346517387937256
2020-07-10,64.36,64.55,64.36,64.405,8974,0.0,42.67613541298853,32.665296618818836,20.098597147243286,-0.28982562545267854,-0.28179333278621127,-0.008032292666467267
2020-07-11,64.44,64.455,64.275,64.34,15186,0.0,41.448901529318796,43.36490409977025,30.46528666359988,-0.2750151007250565,-0.2804376863739803,0.005422585648923783
2020-07-12,64.375,64.455,64.3,64.43,11054,0.0,43.85634857815441,57.09631523036351,44.375505316317536,-0.2530978508589641,-0.2749697192709771,0.021871868412012996
2020-07-13,64.455,64.495,64.335,64.4,25824,0.0,43.21844612349797,59.694165964860616,53.38512843166479,-0.23543507274895603,-0.2670627899665729,0.03162771721761687
2020-07-14,64.4,64.47,64.325,64.335,21002,0.0,41.799804054376004,63.10110250997,59.963861235064705,-0.22409887824397856,-0.2584700076220541,0.034371129378075516
2020-07-15,64.325,64.505,64.325,64.385,22434,0.0,43.340502815945534,63.94557823129312,62.24694890204125,-0.20867480701365082,-0.24851096750037344,0.039836160486722616
2020-07-16,64.38,64.515,64.375,64.465,32922,0.0,45.81222291034023,68.36734693877601,65.13800922667971,-0.1878305938615341,-0.2363748927726056,0.04854429891107148
2020-07-17,64.5,64.51,63.985,64.095,77188,0.0,37.63485960847687,56.14953946180329,62.820821543957486,-0.1988748075587381,-0.2288748757298321,0.03000006817109399
2020-07-18,64.01,64.01,63.74,63.82,5036,0.0,32.93006973873308,37.3328769943467,53.94992113164201,-0.2271986239020407,-0.22853962536427383,0.0013410014622331212
2020-07-19,64.15,64.38,64.07,64.11,6536,0.0,41.26827656547404,25.00819403474272,39.49687016363091,-0.22366658686158303,-0.22756501766373569,0.003898430802152658
2020-07-20,64.12,64.12,63.79,64.025,5226,0.0,39.70998008718268,30.246913580247153,30.86266153644553,-0.2251310411818821,-0.227078222367365,0.001947181185482899
2020-07-21,64.08,64.26,64.015,64.1,7862,0.0,41.79829729956396,41.76954732510294,32.34155164669761,-0.217729903784047,-0.2252085586507014,0.007478654866654416
2020-07-22,64.08,64.1,63.875,64.065,3730,0.0,41.08313262147144,39.91769547325101,37.3113854595337,-0.21224206218991526,-0.2226152593585442,0.010373197168628945
2020-07-23,64.05,64.1,64.03,64.08,4822,0.0,41.544746557685336,42.181069958847424,41.2894375857338,-0.20432717704134973,-0.21895764289510533,0.014630465853755603
2020-07-24,64.19,64.54,64.19,64.54,5654,0.0,53.56109451818856,60.69958847736617,47.59945130315487,-0.15910238466521776,-0.20698659124912783,0.04788420658391007
2020-07-25,64.545,64.74,64.525,64.74,3584,0.0,57.63844195849256,80.65843621399178,61.17969821673514,-0.10590230648260501,-0.18676973429582328,0.08086742781321826
2020-07-26,64.69,64.75,64.5,64.51,3748,0.0,51.98566473372938,92.07920792079231,77.81241087071677,-0.08136204800355529,-0.16568819703736967,0.08432614903381438
2020-07-27,64.57,64.83,64.57,64.83,3678,0.0,58.13721504100495,92.07920792079231,88.2722840185255,-0.035681081411652826,-0.1396867739122263,0.10400569250057348
2020-07-28,64.83,65.345,64.77,65.16,11248,0.0,63.35174960341162,88.237048003866,90.79848794848357,0.026840258014033225,-0.1063813675269744,0.13322162554100764
2020-07-29,65.24,65.24,65.16,65.23,1944,0.0,64.36571756986947,93.76947040498455,91.36190877654764,0.08110238710237638,-0.06888461660110425,0.14998700370348061
