Date,Open,High,Low,Close,Volume,OpenInterest,rsi,stoc k,stoc d,macd,signal,histogram
2020-04-01,155.425,155.44,152.34,152.715,15869,0.0,,,,,,
2020-04-02,152.75,152.855,151.13,152.69,16879,0.0,,,,,,
2020-04-03,152.43,152.79,152.355,152.525,4861,0.0,,,,,,
2020-04-04,152.59,153.08,152.44,152.48,9900,0.0,,,,,,
2020-04-05,152.44,152.5,151.655,151.99,35977,0.0,,,,,,
2020-04-06,151.985,152.18,151.64,151.96,9632,0.0,,,,,,
2020-04-07,151.94,152.0,151.045,151.08,8605,0.0,,,,,,
2020-04-08,151.17,151.23,150.07,150.25,7045,0.0,,,,,,
2020-04-09,150.325,151.05,149.38,151.05,8409,0.0,,,,,,
2020-04-10,150.99,151.01,149.96,149.96,8615,0.0,,,,,,
2020-04-11,149.58,149.74,148.865,149.44,10109,0.0,,,,,,
2020-04-12,149.58,149.665,148.62,148.92,10094,0.0,,,,,,
2020-04-13,148.89,149.56,148.32,148.32,12261,0.0,,,,,,
2020-04-14,148.33,148.56,147.505,147.825,22968,0.0,,,,,,
2020-04-15,147.77,148.415,147.27,148.13,22653,0.0,16.261957321560132,,,,,
2020-04-16,148.075,148.12,146.79,146.99,15483,0.0,13.773431132844507,7.338160622843862,,,,
2020-04-17,146.93,147.085,143.95,145.4,34787,0.0,11.199268354848044,11.287808098580648,,,,
2020-04-18,146.19,147.49,144.24,147.05,8708,0.0,26.5420519733523,18.43955627759595,12.355174999673487,,,
2020-04-19,146.98,147.07,143.665,143.765,4603,0.0,19.36746976951605,17.771138905092258,15.832834427089617,,,
2020-04-20,143.59,145.03,143.58,143.75,8131,0.0,19.341759970673834,13.150236812593468,16.453643998427225,,,
2020-04-21,143.77,144.285,143.365,143.585,3410,0.0,19.042311007019194,1.9968677644874997,10.972747827391075,,,
2020-04-22,143.335,144.82,143.29,144.56,7941,0.0,26.303063230355804,7.060728184647651,7.402610920576206,,,
2020-04-23,145.26,145.86,144.84,145.49,5112,0.0,32.51980540916355,15.88686383502376,8.31481992805297,,,
2020-04-24,145.45,145.45,144.59,144.71,8380,0.0,30.217473624399773,22.292964194612555,15.080185404761322,,,
2020-04-25,144.755,145.375,144.755,145.175,3323,0.0,33.251400856230106,26.693846884458324,21.624558304698212,,,
2020-04-26,145.335,145.335,144.47,144.62,4114,0.0,31.49154478662136,24.26541751302375,24.417409530698208,-2.57710949248073,,
2020-04-27,145.09,145.46,144.8,145.46,3131,0.0,36.93213850009765,30.65240641711253,27.203890271531534,-2.4029804406022492,,
2020-04-28,145.12,145.18,144.59,144.59,2819,0.0,33.92695082011414,29.251481819631234,28.056435249922504,-2.3085718621721014,,
2020-04-29,144.5,144.545,143.605,143.75,3922,0.0,31.28037796907087,25.355377923527328,28.419755386757032,-2.2753050629784184,,
2020-04-30,143.8,143.8,142.755,142.76,5966,0.0,28.46232005713317,11.665086601084832,22.09064878141447,-2.3022862879636534,,
2020-05-01,142.91,143.615,142.91,143.535,2854,0.0,33.512092175787146,8.70082633546203,15.240430286691398,-2.2353651817502396,,
2020-05-02,143.655,143.83,142.97,143.0,3445,0.0,31.84114628843099,7.418845795080553,9.261586243875804,-2.200137931221178,,
2020-05-03,142.66,143.38,142.66,143.24,4058,0.0,33.44434713973759,13.425313588111306,9.84832857288463,-2.128320137430933,,
2020-05-04,143.165,144.3,143.165,144.3,3725,0.0,40.14123069223484,25.017622634221905,15.287260672471255,-1.963239870074716,-2.265924029630469,0.3026841595557528
2020-05-05,144.225,144.57,144.05,144.09,2975,0.0,39.297600820412875,38.020833333333485,25.48792318522223,-1.8282825110910892,-2.1783957259225932,0.35011321483150404
2020-05-06,144.08,144.48,143.895,144.18,8678,0.0,39.88075405455092,47.81250000000008,36.950318655851824,-1.6945320730145568,-2.081622995340986,0.38709092232642917
2020-05-07,144.03,144.03,143.52,143.91,4556,0.0,38.68022744805966,45.610119047619,43.81448412698418,-1.5919693984757828,-1.9836922759679454,0.3917228774921626
2020-05-08,144.05,144.05,143.075,143.65,5635,0.0,37.50926949238557,42.50000000000002,45.3075396825397,-1.5142126660197448,-1.8897963539783054,0.37558368795856056
2020-05-09,143.53,143.79,143.525,143.68,4704,0.0,37.74346030357192,38.80952380952388,42.30654761904763,-1.4336430019471322,-1.798565683572071,0.3649226816249387
2020-05-10,143.565,143.79,143.38,143.38,5559,0.0,36.2792701749526,32.500000000000085,37.93650793650799,-1.378112433207093,-1.7144750334990753,0.3363626002919822
2020-05-11,143.26,143.43,142.565,142.58,7983,0.0,32.64267530480741,20.905490303196057,30.738338037573328,-1.3827182561804818,-1.6481236780353568,0.2654054218548749
2020-05-12,142.71,143.25,142.59,142.69,9785,0.0,33.627841951485365,10.840771148701274,21.415420483965793,-1.3617944051632378,-1.5908578234609332,0.2290634182976954
2020-05-13,142.66,142.77,141.355,142.39,26330,0.0,32.24277570523235,13.000291255344246,14.915517569080516,-1.3538136739655329,-1.5434489935618532,0.1896353195963203
2020-05-14,142.57,142.57,142.38,142.51,1200,0.0,33.42400414386381,24.78420330718043,16.208421903741975,-1.3225602387084905,-1.4992712425911807,0.17671100388269023
2020-05-15,142.54,142.54,142.36,142.38,1300,0.0,32.757751175423124,33.333333333333336,23.705942631952663,-1.293372387852287,-1.4580914716434021,0.16471908379111522
2020-05-16,142.39,142.54,142.36,142.49,1400,0.0,33.95735856320587,34.37013996889604,30.829225536469924,-1.2469901982885574,-1.4158712169724332,0.16888101868387584
2020-05-17,142.49,142.54,142.42,142.44,1100,0.0,33.66337935485596,33.64437532400239,33.78261620874391,-1.2004287654590087,-1.3727827266697483,0.17235396121073965
2020-05-18,142.5,142.53,142.5,142.5,1100,0.0,34.39733552157708,34.88854328667739,34.30101952652526,-1.1454825857155129,-1.3273226984789013,0.1818401127633884
2020-05-19,142.49,142.54,142.41,142.54,1700,0.0,34.91434143203844,35.76078797304322,34.76456886124098,-1.0861887687003957,-1.2790959125232002,0.1929071438228045
2020-05-20,142.55,142.55,142.4,142.5,1100,0.0,34.62051407748707,38.67346442493312,36.44093189488456,-1.0305461625637236,-1.2293859625313048,0.19883979996758128
2020-05-21,142.39,142.51,142.39,142.5,800,0.0,34.62051407748709,40.96405689548553,38.4661030978206,-0.9752074123134662,-1.1785502524877371,0.20334284017427096
2020-05-22,142.37,142.5,142.37,142.45,1300,0.0,34.203227097639996,43.313789955033734,40.98377042515077,-0.9247259708089928,-1.1277853961519884,0.2030594253429956
2020-05-23,142.44,142.51,142.38,142.5,1600,0.0,35.046347469026,44.82595726362239,43.03460137138054,-0.870648192185115,-1.0763579553586138,0.20570976317349876
2020-05-24,142.47,142.51,142.42,142.46,1000,0.0,34.66366885983933,48.41493283194404,45.51822668353338,-0.8215485286800117,-1.0253960700228935,0.20384754134288174
2020-05-25,142.47,142.47,142.37,142.37,1500,0.0,33.77017426895661,51.27920153141093,48.173363875659106,-0.7808972421312319,-0.9764963044445613,0.19559906231332935
2020-05-26,142.43,142.46,142.39,142.42,1300,0.0,34.77603253982872,60.69334499769395,53.46249312034962,-0.7361602256940785,-0.9284290886944647,0.19226886300038626
2020-05-27,142.46,142.48,142.39,142.47,1300,0.0,35.82564594435419,60.40265844194636,57.458401657017056,-0.6887319623807286,-0.8804896634317175,0.19175770105098888
2020-05-28,142.47,142.49,142.37,142.37,1100,0.0,34.625503134627834,44.30304264784195,55.13301536249406,-0.6517014773075118,-0.8347320262068765,0.18303054889936465
2020-05-29,142.42,142.44,142.36,142.36,900,0.0,34.50103570703173,19.214703425227526,41.30680150500526,-0.6160599123377892,-0.790997603433059,0.1749376910952698
2020-05-30,142.45,142.49,142.36,142.45,1800,0.0,36.706234507874775,17.54385964911704,27.020535240728822,-0.5739354963377252,-0.7475851820139923,0.17364968567626704
2020-05-31,142.4,142.48,142.4,142.48,300,0.0,37.46205790132856,36.84210526314977,24.533556112498093,-0.5319982986586069,-0.7044678053429152,0.17246950668430827
2020-06-01,143.745,144.005,143.23,143.37,3430,0.0,54.73238159498479,57.30816402708091,37.231376313115895,-0.4220817101788725,-0.6479905863101068,0.22590887613123423
2020-06-02,143.23,143.23,142.28,142.43,3898,0.0,41.64982544472911,44.417241067512386,46.18917011924767,-0.4061404319092219,-0.5996205554299299,0.19348012352070798
2020-06-03,142.61,143.11,141.745,141.75,2625,0.0,35.111539936871665,23.438355801253255,41.721253631948834,-0.4432674596818913,-0.5683499362803222,0.12508247659843086
2020-06-04,141.745,142.35,141.44,141.72,3587,0.0,34.851601525313896,6.611023483066117,24.822206783943898,-0.4696972682253602,-0.5486194026693297,0.07892213444396956
2020-06-05,141.765,142.82,141.565,142.82,3588,0.0,49.588505925726174,21.646195955309366,17.231858413209558,-0.39730242001041916,-0.5183560061375476,0.12105358612712847
2020-06-06,142.815,142.815,142.12,142.165,3870,0.0,43.3066191927836,30.99415204678355,19.750457161719655,-0.38830585893023795,-0.4923459766960857,0.10404011776584776
2020-06-07,142.215,142.215,141.565,141.565,2733,0.0,38.49581943519048,28.979857050032397,27.20673501737508,-0.424695381059081,-0.47881585756868483,0.05412047650960383
2020-06-08,141.32,141.46,140.9,140.9,3129,0.0,33.98912546527784,11.046133853151348,23.673380983322406,-0.5014142900653269,-0.48333554406801327,-0.018078745997313628
2020-06-09,141.055,141.29,140.88,141.29,2292,0.0,38.53385575982707,5.997764782326166,15.341251895169947,-0.5246964633315656,-0.49160772792072377,-0.03308873541084184
2020-06-10,141.48,141.63,141.36,141.63,2009,0.0,42.26571628687293,12.373333333333314,9.805743989603586,-0.5098355282742943,-0.4952532879914379,-0.014582240282856429
2020-06-11,141.54,141.54,140.93,140.975,1231,0.0,37.53745638816964,13.386666666666635,10.585921594108683,-0.5446329662975415,-0.5051292236526587,-0.03950374264488288
2020-06-12,140.75,140.75,140.27,140.27,1713,0.0,33.22863836578979,9.013333333333337,11.591111111111074,-0.6219285890644812,-0.5284890967350232,-0.09343949232945803
2020-06-13,140.28,140.635,140.11,140.635,2719,0.0,37.24497624394732,5.506272999571931,9.30209099985728,-0.6462835232657653,-0.5520479820411717,-0.09423554122459366
2020-06-14,140.635,140.7,140.37,140.57,2792,0.0,36.8202279367664,8.429610611895278,7.649738981600161,-0.6631851552096464,-0.5742754166748666,-0.08890973853477979
2020-06-15,140.47,141.14,140.47,140.97,1370,0.0,41.25970100710068,17.61764479992938,10.517842803798843,-0.6369606770436178,-0.5868124687486169,-0.050148208295000885
2020-06-16,141.05,141.45,141.05,141.345,1284,0.0,45.150861480728835,26.846927355912843,17.63139425591248,-0.5792410924173055,-0.5852981934823547,0.006057101065049197
2020-06-17,141.3,141.41,141.215,141.35,1717,0.0,45.2029837505707,38.16240893178127,27.542327029207808,-0.5270192971412371,-0.5736424142141312,0.04662311707289413
2020-06-18,141.305,141.7,141.305,141.7,2123,0.0,48.86605631265975,48.53157031570273,37.84696886779893,-0.45217863933640956,-0.5493496592385869,0.09717101990217736
2020-06-19,141.745,142.275,141.745,142.055,2513,0.0,52.34570688546608,58.77730866033224,48.4904293026054,-0.3600706750809479,-0.5114938624070591,0.15142318732611115
2020-06-20,142.135,142.22,141.99,142.115,1855,0.0,52.92873539542839,74.3950560618249,60.56797834595327,-0.27901662131861826,-0.46499841418937093,0.18598179287075267
2020-06-21,142.0,142.05,141.86,141.86,946,0.0,50.1220716373698,81.7816634151966,71.65134271245122,-0.23267493678892492,-0.41853371870928174,0.18585878192035682
2020-06-22,141.7,142.17,141.66,141.805,2417,0.0,49.512227952919496,83.91070053887621,80.02914000529923,-0.1981032473507014,-0.3744476244375657,0.1763443770868643
2020-06-23,141.995,142.01,141.815,141.94,1446,0.0,51.08542655124177,81.2163202463433,82.30289473347203,-0.1579903482484042,-0.3311561691997334,0.1731658209513292
2020-06-24,141.96,142.72,141.79,142.72,4312,0.0,59.02905378457341,87.60585065434937,84.24429047985628,-0.06254018116541715,-0.27743297159287017,0.21489279042745302
2020-06-25,142.6,142.6,142.07,142.12,3957,0.0,52.02948275692284,87.17935104810942,85.33384064960069,-0.03490782597313569,-0.22892794246892328,0.1940201164957876
2020-06-26,142.1,142.16,141.66,142.06,8134,0.0,51.373444789491685,83.90804597701155,86.23108255982345,-0.01764705964330915,-0.18667176590380047,0.16902470626049132
2020-06-27,139.97,140.43,139.97,140.0,2087,0.0,35.03829595227144,50.93834900731459,74.00858201081185,-0.1682530454573623,-0.18298802181451285,0.014734976357150542
2020-06-28,139.97,140.0,139.68,139.87,6399,0.0,34.29715080993955,27.35118425635669,54.06585974689428,-0.2947021449360818,-0.20533084643882665,-0.08937129849725517
2020-06-29,139.82,139.83,139.4,139.58,1890,0.0,32.6385914232134,4.254198612632446,27.514577292101247,-0.4135474263517551,-0.24697416242141235,-0.16657326393034277
2020-06-30,139.57,139.57,139.235,139.355,2138,0.0,31.37102452501307,5.0383384326400344,12.214573767209727,-0.51989575308653,-0.3015584805544359,-0.21833727253209412
2020-07-01,139.39,139.62,139.26,139.29,2023,0.0,30.996510736556232,3.481069183476769,4.257868742916419,-0.6024775389546448,-0.36174229223447774,-0.2407352467201671
2020-07-02,139.23,139.23,138.86,138.86,2950,0.0,28.566872631334377,1.673840267814046,3.3977492946436194,-0.694614521740732,-0.4283167381357286,-0.2662977836050034
2020-07-03,138.99,138.99,138.59,138.695,7756,0.0,27.67058521661994,1.3735217112886426,2.176143720859822,-0.7720481746729888,-0.4970630254431807,-0.2749851492298081
2020-07-04,138.345,138.915,138.345,138.915,3213,0.0,30.788651415770772,5.190314769975684,2.745892249692794,-0.8063674392247719,-0.558923908199499,-0.24744353102527294
2020-07-05,138.925,139.19,138.925,139.17,4884,0.0,34.322818441381315,11.476029055689883,6.0132885123180735,-0.8037244990391628,-0.6078840263674318,-0.195840472671731
2020-07-06,139.26,139.36,138.93,138.98,6908,0.0,32.9718321471407,15.46666666666649,10.71100349744402,-0.8076512610129214,-0.6478374732965297,-0.15981378771639165
2020-07-07,139.05,139.49,139.05,139.2,1535,0.0,36.107786259879326,17.638095238095037,14.860263653483804,-0.7839739234024705,-0.6750647633177179,-0.1089091600847526
2020-07-08,139.28,139.63,139.28,139.63,2222,0.0,41.83573416466725,21.418969279838716,18.174577061533416,-0.7221871327002134,-0.6844892371942171,-0.03769789550599634
2020-07-09,139.67,139.715,139.28,139.28,1036,0.0,38.78763757701238,24.750380376387522,21.26914829810709,-0.6934688535722557,-0.6862851604698248,-0.007183693102430944
2020-07-10,139.07,139.135,139.01,139.08,857,0.0,37.12317851318113,29.986694182485746,25.385347946237328,-0.6790204143287326,-0.6848322112416064,0.005811796912873812
2020-07-11,139.05,139.05,138.68,138.68,849,0.0,33.982325822003915,26.66733646932812,27.134803676067126,-0.6918711196014158,-0.6862399929135684,-0.0056311266878473765
2020-07-12,138.54,138.63,138.42,138.42,1658,0.0,32.08227337261614,20.18133181818556,25.611787489999802,-0.7147955055603461,-0.691951095442924,-0.02284441011742211
2020-07-13,138.32,138.39,138.2,138.2,1221,0.0,30.526918570773844,8.430732297801695,18.426466861771786,-0.742160246632892,-0.7019929256809176,-0.040167320951974395
2020-07-14,138.055,138.095,137.8,137.81,3387,0.0,27.94090163249733,1.857566087330697,10.156543401105978,-0.7862533030671557,-0.7188450011581653,-0.06740830190899039
2020-07-15,137.685,138.36,137.685,138.15,2958,0.0,33.24974961297042,7.8095323841249025,6.032610256419091,-0.7847164862783984,-0.7320192981822119,-0.05269718809618651
2020-07-16,138.21,138.21,137.575,137.9,7174,0.0,31.41692496968551,12.871837680075288,7.512978717176956,-0.794512809463555,-0.7445180004384806,-0.04999480902507436
2020-07-17,137.93,138.1,137.67,138.065,19521,0.0,34.00268044239958,20.3301720301402,13.67051403144679,-0.7799713212528729,-0.7516086646013591,-0.02836265665151383
2020-07-18,139.46,139.46,137.87,138.11,2452,0.0,34.72549573800937,21.028037383178248,18.07668236446457,-0.7561001117288129,-0.75250695402685,-0.00359315770196289
2020-07-19,138.32,138.825,138.17,138.825,2588,0.0,45.02756015229001,35.4361370716514,25.59811549498994,-0.6717440346176033,-0.7363543701450007,0.06461033552739737
2020-07-20,139.02,140.21,138.99,140.06,2665,0.0,57.5036369973426,59.23953844425938,38.56790429969633,-0.4994793698197384,-0.6889793700799484,0.18950000026020997
2020-07-21,139.79,139.79,138.99,139.16,1379,0.0,48.809990332742714,70.95680599644116,55.21082717078397,-0.43061697580637315,-0.6373068912252333,0.20668991541886017
2020-07-22,139.23,139.75,139.185,139.47,5289,0.0,51.52829917643582,75.45857052498407,68.55163832189487,-0.3470282970118035,-0.5792511723825473,0.23222287537074382
2020-07-23,139.355,139.695,139.295,139.51,2192,0.0,51.8833511573116,68.50094876660319,71.63877509600947,-0.27439296978513994,-0.5182795318630659,0.24388656207792592
2020-07-24,139.51,140.12,139.33,140.12,3359,0.0,57.05013200920714,80.64516129032238,74.86822686063654,-0.16569699580659858,-0.4477630246517724,0.28206602884517384
2020-07-25,140.17,140.74,140.17,140.56,4770,0.0,60.35687242666849,88.11059051353283,79.08556685681947,-0.04354833248083878,-0.36692008621758576,0.323371753736747
2020-07-26,140.72,140.72,140.235,140.38,1098,0.0,58.376791219609025,93.17427628443194,87.31000936276239,0.03828949015303351,-0.28587817094346196,0.3241676610964955
2020-07-27,140.03,140.4,140.03,140.345,809,0.0,57.978497504344496,90.15271195365956,90.4791929172081,0.0991790721009238,-0.20886672233458484,0.3080457944355086
2020-07-28,139.83,139.94,139.815,139.815,730,0.0,52.17345576964833,82.3064770932067,88.54448844376606,0.10347513690797427,-0.14639835048607303,0.2498734873940473
2020-07-29,139.765,139.765,139.765,139.765,108,0.0,51.64807838316892,75.82938388625561,82.76285764437394,0.1016731918205096,-0.0967840420247565,0.1984572338452661
