Date,Open,High,Low,Close,Volume,OpenInterest,rsi,stoc k,stoc d,macd,signal,histogram
2020-04-01,42.9,43.07,41.9,42.05,32469,0.0,,,,,,
2020-04-02,42.04,42.81,41.985,42.75,16843,0.0,,,,,,
2020-04-03,42.76,42.84,42.19,42.37,21195,0.0,,,,,,
2020-04-04,42.425,42.825,42.23,42.72,15656,0.0,,,,,,
2020-04-05,42.73,42.96,42.73,42.94,9621,0.0,,,,,,
2020-04-06,42.86,42.86,42.31,42.31,7365,0.0,,,,,,
2020-04-07,42.385,42.46,42.105,42.15,8455,0.0,,,,,,
2020-04-08,42.12,42.585,42.095,42.53,8124,0.0,,,,,,
2020-04-09,42.56,42.93,42.54,42.865,6025,0.0,,,,,,
2020-04-10,42.81,42.9,42.73,42.85,34307,0.0,,,,,,
2020-04-11,42.825,42.87,42.7,42.8,8060,0.0,,,,,,
2020-04-12,42.795,42.94,42.795,42.9,12706,0.0,,,,,,
2020-04-13,42.9,42.93,42.69,42.69,4997,0.0,,,,,,
2020-04-14,42.69,42.8,42.64,42.66,4519,0.0,,,,,,
2020-04-15,42.7,42.8,42.61,42.625,5953,0.0,57.997218358831724,,,,,
2020-04-16,42.59,42.675,42.55,42.665,3980,0.0,58.494555449836135,65.49808145183853,,,,
2020-04-17,42.64,42.64,42.45,42.495,3996,0.0,55.48749913215202,59.25991798824154,,,,
2020-04-18,42.55,42.55,42.44,42.45,4231,0.0,54.68609549452929,51.059730250481685,58.605909896853916,,,
2020-04-19,42.44,42.47,42.295,42.38,8410,0.0,53.39422013324754,40.33701588170259,50.21888804014194,,,
2020-04-20,42.355,42.45,42.24,42.42,6467,0.0,54.06204409881757,37.743270513390975,43.046672215191755,,,
2020-04-21,42.4,42.64,42.4,42.57,5685,0.0,56.57496243058978,42.80078895463547,40.29369178324301,,,
2020-04-22,42.6,42.68,42.515,42.635,5826,0.0,57.65591403786481,50.3677092138632,43.63725622729655,,,
2020-04-23,42.65,42.705,42.48,42.54,8041,0.0,55.482141025217366,51.83291067906449,48.33380294918772,,,
2020-04-24,42.51,42.625,42.46,42.59,19679,0.0,56.41357623404709,49.761904761904816,50.654174884944176,,,
2020-04-25,42.57,42.845,42.47,42.82,13705,0.0,60.506951446464825,58.57142857142878,53.3887480041327,,,
2020-04-26,42.82,42.87,42.67,42.81,41731,0.0,60.242048434246236,71.82194616977262,60.05175983436874,0.03085390665769694,,
2020-04-27,42.705,43.14,42.62,42.985,5978,0.0,63.272425076959195,82.74787209569833,71.04708227896657,0.056865424853249635,,
2020-04-28,42.88,43.14,42.88,43.13,3312,0.0,65.61127986782877,88.09178743961365,80.88720190169487,0.08816373198818894,,
2020-04-29,43.09,43.465,43.08,43.345,5663,0.0,68.78540372375485,90.62358276643981,87.15441410058394,0.12883147994874378,,
2020-04-30,43.33,43.385,43.17,43.22,2442,0.0,65.02737319526952,89.69765684051383,89.47100901552244,0.1492540006591625,,
2020-05-01,43.265,43.38,43.2,43.325,3106,0.0,66.67441912676284,86.2585034013603,88.85991433610467,0.17192971915696376,,
2020-05-02,43.35,43.405,43.11,43.135,3570,0.0,61.06971920219945,80.54421768707456,85.50012597631623,0.1725795872773901,,
2020-05-03,43.135,43.18,43.01,43.11,10045,0.0,60.3508537148035,77.55102040816303,81.45124716553262,0.16912772227455974,,
2020-05-04,43.095,43.095,42.91,42.935,38742,0.0,55.43198881332304,64.77212481236607,74.28912096920122,0.15053577422647635,0.12423792744915908,0.026297846777317266
2020-05-05,42.94,42.94,42.755,42.89,5948,0.0,54.20847792546714,54.680406533014626,65.66785058451457,0.13066418217482578,0.12552317839429245,0.0051410037805333375
2020-05-06,42.88,42.88,42.785,42.845,21592,0.0,52.949851608015614,43.77642304907378,54.40965146481815,0.1100164769243932,0.1224218381003126,-0.012405361175919394
2020-05-07,42.92,42.92,42.745,42.82,4286,0.0,52.224388821598744,38.971807628523855,45.809545736870746,0.09059144885725345,0.11605576025170078,-0.025464311394447325
2020-05-08,42.85,42.85,42.63,42.64,3519,0.0,47.2091277174891,30.404926789836296,37.717719155811295,0.05998105423078215,0.10484081904751706,-0.04485976481673491
2020-05-09,42.665,42.75,42.62,42.67,3436,0.0,48.10364851294636,19.60782747379349,29.66152063071787,0.03770816893391071,0.0914142890247958,-0.05370612009088509
2020-05-10,42.64,42.71,42.595,42.625,3155,0.0,46.82203283673062,8.816954253687209,19.609902839105654,0.01623843636303235,0.07637911849244311,-0.06014068212941076
2020-05-11,42.615,42.64,42.48,42.515,4363,0.0,43.75332388938568,4.306245039256427,10.910342255579032,-0.009542561364732194,0.05919478252100805,-0.06873734388574024
2020-05-12,42.515,42.59,42.51,42.56,4234,0.0,45.33182369492014,5.041134255207738,6.054777849383782,-0.0260428580304648,0.04214725441071348,-0.06819011244117829
2020-05-13,42.56,42.63,42.43,42.43,4126,0.0,41.691725792484036,3.891708967851379,4.413029420771838,-0.049044026551705144,0.023908998218229754,-0.0729530247699349
2020-05-14,42.45,42.52,42.43,42.44,3580,0.0,42.077028479794805,3.0491561456029395,3.993999789554009,-0.06570825799653335,0.005985546975277135,-0.07169380497181048
2020-05-15,42.5,42.5,42.425,42.47,5380,0.0,43.28777839965508,1.8724925867782811,2.937785900077523,-0.07562230533368819,-0.010336023486515931,-0.06528628184717225
2020-05-16,42.455,42.595,42.425,42.55,3545,0.0,46.499339400760896,7.391256383687755,4.104301705356314,-0.07614616230343785,-0.023498051249900315,-0.05264811105353753
2020-05-17,42.56,42.61,42.52,42.52,4514,0.0,45.45970163491978,11.775744201011745,7.013164390492583,-0.07808199141302907,-0.03441483928252607,-0.043667152130503005
2020-05-18,42.53,42.54,42.5,42.515,6064,0.0,45.27800120958173,16.07037467456055,11.745791753086673,-0.07910770377624488,-0.04335341218126983,-0.03575429159497504
2020-05-19,42.52,42.525,42.445,42.46,7799,0.0,43.23107239186318,12.908513234553661,13.584877370041974,-0.08339727666735541,-0.05136218507848696,-0.032035091588868456
2020-05-20,42.455,42.46,42.315,42.315,7397,0.0,38.3134342192459,8.182145075349396,12.38701099482119,-0.09737460840064216,-0.060564669742918,-0.03680993865772416
2020-05-21,42.31,42.55,42.31,42.545,10115,0.0,48.3498117289018,16.863075196408744,12.651244502103921,-0.08886824883669675,-0.06622538556167375,-0.022642863275023004
2020-05-22,42.515,42.61,42.47,42.57,31218,0.0,49.31511050535833,34.20314253647581,19.749454269411306,-0.07919667654201845,-0.06881964375774269,-0.010377032784275764
2020-05-23,42.58,42.58,42.58,42.58,100,0.0,49.71990131423011,56.70314253647556,35.92312008978669,-0.06991898683487818,-0.0690395123731698,-0.000879474461708385
2020-05-24,42.68,42.69,42.48,42.69,1200,0.0,54.065672627189954,75.53030303030273,55.478862701084694,-0.05307841527703516,-0.06584729295394287,0.012768877676907708
2020-05-25,42.61,42.64,42.61,42.63,600,0.0,51.45334519361313,83.90350877192994,72.04565144623608,-0.04406567784252502,-0.061490969931659305,0.017425292089134285
2020-05-26,42.63,42.69,42.61,42.64,600,0.0,51.87074150288747,90.35087719298302,83.26156299840524,-0.03570452255516443,-0.056333680456360335,0.020629157901195905
2020-05-27,42.6,42.69,42.58,42.69,400,0.0,54.00034409091379,90.35087719298302,88.20175438596533,-0.024758266731112144,-0.0500185977113107,0.02526033098019856
2020-05-28,42.62,42.65,42.62,42.64,800,0.0,51.5441997804746,91.22807017543899,90.64327485380169,-0.0198885988720221,-0.043992597943452984,0.024103999071430883
2020-05-29,42.59,42.59,42.585,42.585,200,0.0,48.90894265918975,86.40350877193019,89.32748538011741,-0.020234145718923457,-0.039240907498547084,0.019006761779623627
2020-05-30,42.58,42.62,42.56,42.58,700,0.0,48.66535510827678,76.75438596491257,84.79532163742725,-0.02067314514918195,-0.03552735502867406,0.014854209879492111
2020-05-31,42.63,42.63,42.55,42.55,400,0.0,47.14807178419447,68.85964912280691,77.33918128654989,-0.023174661567203714,-0.03305681633637999,0.009882154769176275
2020-06-01,42.87,43.11,42.46,43.11,7536,0.0,67.51083736747141,78.07017543859622,74.56140350877189,0.019801924276990235,-0.022485068213705946,0.04228699249069618
2020-06-02,43.21,43.89,43.205,43.865,11274,0.0,79.16555006389135,87.19187208527632,78.04056554889314,0.1134752958155758,0.004707004592150406,0.1087682912234254
2020-06-03,43.825,44.23,43.82,44.16,13249,0.0,81.89798441329522,98.25729606188469,87.8397811952524,0.20910571174107417,0.04558674602193516,0.16351896571913901
2020-06-04,44.195,44.245,44.06,44.19,12835,0.0,82.15430592931551,97.23021856421896,94.22646223712665,0.2840400181016065,0.09327740043786943,0.1907626176637371
2020-06-05,44.19,44.32,43.99,44.27,18403,0.0,82.85162958792188,96.86158737688629,97.44970066766331,0.3458940755852069,0.14380073546733693,0.20209334011786997
2020-06-06,44.235,44.38,44.18,44.365,11756,0.0,83.66776975388512,97.81644848799742,97.30275147636756,0.39799176648448054,0.19463894167076567,0.20335282481371486
2020-06-07,44.33,44.39,44.17,44.39,9364,0.0,83.88512489982148,98.84352598566313,97.84052061684895,0.43626782896699723,0.242964719130012,0.19330310983698523
2020-06-08,44.385,44.48,44.26,44.27,11618,0.0,78.48577695196195,96.27423679867996,97.64473709078017,0.4517118342855895,0.2847141421611275,0.16699769212446197
2020-06-09,44.285,44.31,44.02,44.13,10249,0.0,72.61351659419195,90.75907590759095,95.29227956397801,0.44749603407325367,0.31727052054355276,0.1302255135297009
2020-06-10,44.12,44.24,44.08,44.13,4687,0.0,72.61351659419196,84.98349834983526,90.6722703520354,0.43909338679494425,0.34163509379383106,0.0974582930011132
2020-06-11,44.095,44.15,44.05,44.065,5786,0.0,69.80140100442004,81.60066006600677,85.78107810781098,0.4223210177102956,0.357772278577124,0.0645487391331716
2020-06-12,44.035,44.18,44.03,44.065,5259,0.0,69.80140100442004,80.52805280528061,82.37073707370753,0.4043674975703553,0.3670913223757703,0.03727617519458498
2020-06-13,44.085,44.13,43.9,43.99,6589,0.0,66.36222870014684,78.21782178217829,80.11551155115522,0.3797102667191652,0.3696151112444493,0.0100951554747159
2020-06-14,43.97,44.03,43.935,43.995,5866,0.0,66.48079926092979,77.06270627062713,78.60286028602867,0.3564636013318321,0.36698480926192584,-0.010521207930093757
2020-06-15,44.0,44.0,43.915,43.98,5853,0.0,65.73222663366177,70.83899566427237,75.37317457235928,0.33299155749467957,0.3601861589084766,-0.027194601413797037
2020-06-16,43.98,43.99,43.9,43.95,5705,0.0,64.17581740127994,52.1571274774538,66.68627647078443,0.30841384158244267,0.34983169544326986,-0.04141785386082719
2020-06-17,43.94,44.1,43.935,43.995,6928,0.0,65.49558091255678,32.286864589095956,51.76099591027404,0.28923285228842843,0.3377119268123016,-0.04847907452387318
2020-06-18,44.02,44.02,43.92,43.925,8459,0.0,61.6884823331247,13.462208289794566,32.63540011878144,0.2653248652086475,0.3232345144915708,-0.0579096492829233
2020-06-19,43.93,43.93,43.67,43.69,9220,0.0,50.975750000825705,7.719596991627388,17.822889956839305,0.22482345236597467,0.3035523020664516,-0.07872884970047694
2020-06-20,43.735,43.795,43.69,43.745,10835,0.0,53.03155474079622,5.346246629771173,8.84268397039771,0.19491694996939657,0.28182523164704065,-0.08690828167764408
2020-06-21,43.73,43.81,43.7,43.76,11324,0.0,53.60299925112657,7.613168724279422,6.893004115225994,0.17046123498667498,0.25955243231496755,-0.08909119732829257
2020-06-22,43.755,43.8,43.705,43.79,8661,0.0,54.78778107088917,13.04012345678973,8.666512936946775,0.15175135874680734,0.23799221760133552,-0.08624085885452817
2020-06-23,43.78,43.79,43.745,43.775,7521,0.0,54.04466611837917,16.094054580896266,12.249115587321805,0.13416668239081275,0.21722711055923097,-0.08306042816841822
2020-06-24,43.765,43.97,43.745,43.935,8075,0.0,60.23959709534236,29.710612315101297,19.614930117595765,0.1316240820276775,0.20010650485292028,-0.06848242282524278
2020-06-25,43.935,43.95,43.83,43.86,16109,0.0,56.401490010751736,35.878912968696106,27.227859954897895,0.12214912069441652,0.18451502802121955,-0.06236590732680303
2020-06-26,43.855,44.01,43.82,43.99,53710,0.0,61.035632966868675,52.926967888604736,39.50549772413405,0.12370407553935792,0.17235283752484726,-0.04864876198548934
2020-06-27,43.205,43.28,43.09,43.23,3756,0.0,36.56590876496817,40.22716849690054,43.01101645140047,0.0628858313234062,0.15045943628455907,-0.08757360496115288
2020-06-28,43.23,43.27,43.08,43.26,8197,0.0,37.628879995137886,33.69122078448232,42.2817857233292,0.016912724529447587,0.12375009393353678,-0.1068373694040892
2020-06-29,43.24,43.24,43.08,43.1,7574,0.0,34.325218722122855,11.15640975862282,28.358266346668568,-0.03206236169976506,0.09258760280687642,-0.12464996450664148
2020-06-30,43.13,43.27,43.01,43.01,18438,0.0,32.59185194104879,6.535947712418405,17.127859418507857,-0.0772472598941647,0.0586206302666682,-0.1358678901608329
2020-07-01,42.95,43.05,42.88,42.88,14640,0.0,30.21812785444459,0.6535947712419615,6.115317414094403,-0.12213859312459618,0.022468785588415325,-0.14460737871301152
2020-07-02,42.85,43.02,42.84,42.98,8418,0.0,34.188785423666616,3.988603988603852,3.7260488240880814,-0.14794076482224483,-0.011613124493716709,-0.13632764032852812
2020-07-03,42.96,42.96,42.8,42.83,9546,0.0,31.31079189937158,4.815050269595618,3.152416343147152,-0.17843601883240012,-0.044977703361453396,-0.13345831547094672
2020-07-04,42.85,42.88,42.77,42.78,3872,0.0,30.39238661547506,5.083867473896641,4.629173910698712,-0.20428345694482175,-0.07683885407812707,-0.12744460286669468
2020-07-05,42.73,42.77,42.73,42.74,2012,0.0,29.643284010523573,1.3556801519596202,3.7515326318173012,-0.22539716535832355,-0.10655051633416637,-0.11884664902415717
2020-07-06,42.75,42.94,42.74,42.8,8416,0.0,32.33730954132491,2.3521505376345266,2.9305660544969374,-0.2345842911482947,-0.13215727129699203,-0.10242701985130268
2020-07-07,42.86,42.86,42.785,42.82,4238,0.0,33.254754275227796,4.427083333333591,2.7116380076425872,-0.23751341487378852,-0.15322850001235133,-0.08428491486143719
2020-07-08,42.84,42.85,42.74,42.77,9802,0.0,32.083536707258276,5.208333333333619,3.9958557347672534,-0.24109021078551507,-0.1708008421669841,-0.07028936861853097
2020-07-09,42.76,42.94,42.76,42.93,10526,0.0,39.43449319949181,8.59375000000035,6.076388888889195,-0.228381544211679,-0.1823169825759231,-0.046064561635755896
2020-07-10,42.92,43.08,42.92,43.02,2640,0.0,43.161165168767354,23.825757575758086,12.542613636364026,-0.2086424858508522,-0.1875820832309089,-0.021060402619943297
2020-07-11,43.01,43.01,42.92,42.92,5860,0.0,40.20126093290408,34.51248597081982,22.310664515526096,-0.1987769274672786,-0.18982105207818287,-0.00895587538909573
2020-07-12,42.895,42.98,42.895,42.94,4656,0.0,41.07166981453766,42.26711560044928,33.53511971567574,-0.187186795657162,-0.1892942007939787,0.0021074051368167035
2020-07-13,42.95,42.96,42.87,42.88,18576,0.0,39.22698507184376,33.95061728395097,36.91007295174003,-0.1807593499864737,-0.18758723063247773,0.0068278806460040364
2020-07-14,42.86,42.945,42.79,42.79,12532,0.0,36.573468025737036,27.936507936508317,34.71808027363619,-0.18084315352099622,-0.18623841521018142,0.0053952616891851934
2020-07-15,42.78,42.865,42.735,42.78,15024,0.0,36.279808487550355,19.735449735450597,27.207524985303298,-0.17964564172015685,-0.18491986051217651,0.005274218792019669
2020-07-16,42.78,42.87,42.7,42.72,14990,0.0,34.49038966002024,12.230576441103048,19.96751137102066,-0.18144650122981432,-0.1842251886557041,0.00277868742588977
2020-07-17,42.73,42.75,42.59,42.59,75654,0.0,30.930689609235657,6.516290726817142,12.827438967790266,-0.1911600350196636,-0.185612157928496,-0.005547877091167608
2020-07-18,42.97,43.09,42.75,42.75,4286,0.0,39.242178205483775,12.421052631578434,10.38930659983288,-0.18382835881490678,-0.18525539810577818,0.0014270392908714014
2020-07-19,42.89,43.315,42.89,43.255,8014,0.0,56.87952656239268,41.24137931034485,20.05957422291348,-0.13570435769933198,-0.17534519002448895,0.03964083232515697
2020-07-20,43.185,43.3,43.13,43.3,9726,0.0,58.048185188336284,73.88505747126435,42.51582980439588,-0.09286413622474754,-0.1588489792645407,0.06598484303979316
2020-07-21,43.2,43.2,42.99,42.99,3750,0.0,48.33056568217397,81.60919540229914,65.57854406130276,-0.08297092411530826,-0.14367336823469423,0.06070244411938597
2020-07-22,43.03,43.05,42.915,42.985,7508,0.0,48.19043762272722,69.19540229885062,74.89655172413804,-0.07467315480888459,-0.12987332554953232,0.05520017074064773
2020-07-23,42.995,43.17,42.995,43.17,5184,0.0,53.55604435755716,63.21839080459791,71.34099616858255,-0.0525632426194278,-0.11441130896351143,0.06184806634408363
2020-07-24,43.24,43.395,43.24,43.32,6524,0.0,57.40767372365982,75.05532947811811,69.15637419385554,-0.02267583856648514,-0.09606421488410617,0.07338837631762103
2020-07-25,43.29,43.3,43.15,43.24,9370,0.0,54.79755719081079,83.80952380952381,74.0277480307466,-0.005383133527097073,-0.07792799861270436,0.07254486508560729
2020-07-26,43.23,43.23,43.12,43.15,10170,0.0,51.936666740119364,80.33126293995828,79.73203874253339,0.0010471411735863967,-0.062132970655446214,0.0631801118290326
2020-07-27,43.14,43.22,43.12,43.22,9976,0.0,53.950418491825175,76.19047619047582,80.11042097998596,0.011657218033967354,-0.0473749329175635,0.05903215095153085
2020-07-28,43.29,43.425,43.285,43.37,8210,0.0,58.01029454911586,80.41308686973845,78.97827533339084,0.031802922491138474,-0.03153936183582311,0.06334228432696158
2020-07-29,43.38,43.38,43.35,43.35,1844,0.0,57.28510387164904,87.56400242992277,81.38918849671234,0.04562872601182022,-0.016105744266294443,0.06173447027811466
