Date,Open,High,Low,Close,Volume,OpenInterest,rsi,stoc k,stoc d,macd,signal,histogram
2020-04-01,18.18,18.275,18.145,18.275,26822,0.0,,,,,,
2020-04-02,18.265,18.29,18.14,18.15,23556,0.0,,,,,,
2020-04-03,18.15,18.155,18.06,18.12,21417,0.0,,,,,,
2020-04-04,18.115,18.115,18.045,18.07,14385,0.0,,,,,,
2020-04-05,18.075,18.095,18.05,18.095,12174,0.0,,,,,,
2020-04-06,18.095,18.12,18.055,18.065,11552,0.0,,,,,,
2020-04-07,18.065,18.09,18.06,18.075,12951,0.0,,,,,,
2020-04-08,18.09,18.195,18.085,18.185,16746,0.0,,,,,,
2020-04-09,18.19,18.26,18.185,18.24,9259,0.0,,,,,,
2020-04-10,18.235,18.295,18.2,18.235,15014,0.0,,,,,,
2020-04-11,18.225,18.285,18.215,18.285,6926,0.0,,,,,,
2020-04-12,18.285,18.36,18.285,18.345,10556,0.0,,,,,,
2020-04-13,18.345,18.36,18.28,18.28,5686,0.0,,,,,,
2020-04-14,18.265,18.275,18.2,18.22,10217,0.0,,,,,,
2020-04-15,18.23,18.255,18.2,18.245,10229,0.0,47.857142857143,,,,,
2020-04-16,18.24,18.24,18.19,18.19,8466,0.0,44.12360688956445,55.026455026455004,,,,
2020-04-17,18.165,18.19,18.155,18.17,7534,0.0,42.815548665204695,49.735449735449976,,,,
2020-04-18,18.17,18.18,18.075,18.075,8117,0.0,37.177660923285124,31.259600614439346,45.34050179211477,,,
2020-04-19,18.06,18.16,18.015,18.12,12791,0.0,41.13194775933827,26.0606128067559,35.68522105221507,,,
2020-04-20,18.12,18.15,18.1,18.11,10342,0.0,40.52155089362404,22.01184354059515,26.444018987263462,,,
2020-04-21,18.11,18.175,18.09,18.175,8399,0.0,46.11872624923988,34.782608695652236,27.618355014334426,,,
2020-04-22,18.18,18.2,18.16,18.19,12982,0.0,47.3500432671449,41.54589371980688,32.78011531868475,,,
2020-04-23,18.19,18.2,18.16,18.185,25988,0.0,46.964771072901186,48.79227053140102,41.706924315620036,,,
2020-04-24,18.18,18.22,18.145,18.21,37481,0.0,49.19086642577985,52.17391304347834,47.5040257648954,,,
2020-04-25,18.22,18.26,18.205,18.26,74475,0.0,53.40344312385445,58.937198067632984,53.30112721417077,,,
2020-04-26,18.1,18.18,18.03,18.12,10653,0.0,42.72258258138996,52.65700483091822,54.5893719806765,-0.0020787003738789167,,
2020-04-27,18.1,18.13,18.07,18.085,10457,0.0,40.53964356104125,42.79078409513229,51.46166233122782,-0.009367929463852676,,
2020-04-28,18.09,18.14,18.07,18.1,10680,0.0,41.90956799062866,30.683912360931256,42.043900428993915,-0.0137755257085459,,
2020-04-29,18.07,18.12,18.06,18.1,10042,0.0,41.90956799062865,32.1036106750395,35.19276904370101,-0.017071784581641936,,
2020-04-30,18.11,18.29,18.11,18.29,6816,0.0,56.598887383052585,56.46258503401375,39.750036023328164,-0.004303078176441488,,
2020-05-01,18.295,18.305,18.195,18.205,9569,0.0,50.452375884316986,66.73703964344345,51.76774511749889,-0.00103069477433948,,
2020-05-02,18.18,18.195,18.125,18.13,7639,0.0,45.73306946594299,68.39080459770081,63.86347642505265,-0.004438021798062408,,
2020-05-03,18.13,18.145,18.075,18.075,6948,0.0,42.58705799144802,40.51201671891274,58.54662032001898,-0.01144446864800841,,
2020-05-04,18.08,18.1,18.065,18.09,17922,0.0,43.7240721391518,25.94566353186998,44.949494949494486,-0.015606847591435269,-0.008790783457356276,-0.006816064134078993
2020-05-05,18.085,18.115,18.07,18.075,8260,0.0,42.81101846233652,18.181818181817675,28.213166144200105,-0.019886696078831534,-0.011009965981651328,-0.008876730097180206
2020-05-06,18.08,18.1,18.025,18.07,11805,0.0,42.4924877636579,18.084415584415456,20.73729909936768,-0.023412085109374203,-0.013490389807195902,-0.009921695302178301
2020-05-07,18.065,18.065,18.03,18.035,4401,0.0,40.23570344015854,12.002164502164675,16.089466089465905,-0.028699360445443745,-0.01653218393484547,-0.012167176510598274
2020-05-08,18.035,18.06,18.02,18.06,7906,0.0,42.58147946987836,11.225981620718729,13.770853902432924,-0.03052045239882517,-0.019329837627641414,-0.011190614771183757
2020-05-09,18.055,18.055,17.96,17.995,10336,0.0,38.36510517943601,9.25048127565301,10.82620913284544,-0.03678460760561819,-0.02282079162323677,-0.01396381598238142
2020-05-10,18.005,18.02,18.0,18.0,3712,0.0,38.866567747303115,11.924739384693476,10.80040076035504,-0.04087436330774352,-0.026431505960138123,-0.0144428573476054
2020-05-11,18.005,18.02,17.98,17.99,7113,0.0,38.19721016956521,10.14492753623162,10.440049398859337,-0.044410503948355995,-0.0300273055577817,-0.014383198390574295
2020-05-12,17.96,17.985,17.96,17.985,6019,0.0,37.84624863537048,9.178743961352238,10.416136960759081,-0.04707374229699823,-0.03343659290562501,-0.013637149391373227
2020-05-13,17.985,18.05,17.985,18.045,4325,0.0,44.44303361582341,13.526570048308939,10.95008051529757,-0.043837547358791085,-0.03551678379625822,-0.008320763562532862
2020-05-14,18.05,18.105,18.05,18.08,4865,0.0,47.91577667699891,22.22222222222199,14.975845410627693,-0.038010471012800195,-0.03601552123956662,-0.001994949773233577
2020-05-15,18.08,18.095,18.075,18.075,7473,0.0,47.45937962667836,36.11882002261252,23.95587076438112,-0.03341079044528428,-0.03549457508071015,0.00208378463542587
2020-05-16,18.075,18.115,18.07,18.07,5846,0.0,46.97749965272618,47.72607945595883,35.35570723359775,-0.029825162759106405,-0.034360692616389396,0.004535529857282991
2020-05-17,18.065,18.08,18.03,18.065,5125,0.0,46.46937723383591,58.71252171869909,47.51914039909011,-0.027074882802594402,-0.0329035306536304,0.005828647851035998
2020-05-18,18.07,18.115,18.07,18.1,5320,0.0,50.50510265169619,72.50799186283163,59.64886434582982,-0.021819536593906008,-0.030686731841685525,0.008867195247779517
2020-05-19,18.075,18.08,18.05,18.055,10978,0.0,45.731324357020206,73.11827956989357,68.11293105047474,-0.02104318800767757,-0.028758023074883936,0.007714835067206365
2020-05-20,18.055,18.105,18.055,18.1,19106,0.0,50.74506035328049,80.64516129032383,75.42381090768298,-0.016605385690748875,-0.026327495598056926,0.009722109907308051
2020-05-21,18.095,18.14,18.09,18.14,25433,0.0,54.7471798274242,83.87096774193614,79.21146953405115,-0.009748356688128013,-0.023011667816071144,0.013263311127943132
2020-05-22,18.16,18.16,18.16,18.16,100,0.0,56.64407529655486,96.77419354838769,87.0967741935492,-0.0026695065386306283,-0.01894323556058304,0.016273729021952413
2020-05-23,18.09,18.28,18.01,18.13,1300,0.0,53.05176743310815,84.37499999999979,88.34005376344118,0.0005138604621244269,-0.01505181635604155,0.015565676818165976
2020-05-24,18.14,18.23,18.14,18.18,400,0.0,57.84969028671425,73.95833333333297,85.03584229390678,0.006990699446053128,-0.010643313195622613,0.01763401264167574
2020-05-25,18.14,18.26,18.14,18.26,700,0.0,64.16069196078018,71.8749999999997,76.73611111111079,0.018367246234646473,-0.004841201309568796,0.02320844754421527
2020-05-26,18.24,18.24,18.15,18.15,200,0.0,52.51712928467596,72.81073446327655,72.88135593220305,0.018296253020757547,-0.0002137104435035275,0.018509963464261075
2020-05-27,18.13,18.19,18.12,18.19,500,0.0,55.66769910127683,72.11629001883223,72.26734149403613,0.021223010439840095,0.004073633733165197,0.0171493767066749
2020-05-28,18.22,18.22,18.1,18.16,700,0.0,52.83611810195045,59.38480853735055,68.10394433981975,0.020881033939804894,0.007435113774493136,0.013445920165311757
2020-05-29,18.15,18.19,18.09,18.1,1000,0.0,47.61910826356528,51.8518518518517,61.117650136011456,0.0155888183464441,0.009065854688883329,0.006522963657560771
2020-05-30,18.1,18.16,18.09,18.09,600,0.0,46.78987620726138,39.50617283950582,50.24761107623599,0.010467124438868325,0.009346108638880328,0.0011210157999879972
2020-05-31,18.13,18.13,18.13,18.13,100,0.0,50.5028325712589,35.80246913580197,42.3868312757198,0.0095260010133984,0.009382087113783943,0.00014391389961445657
2020-06-01,18.15,18.23,18.0,18.09,13589,0.0,46.97296635139015,35.405643738976515,36.90476190476141,0.00548921199329655,0.008603512089686466,-0.0031143000963899155
2020-06-02,18.08,18.145,18.045,18.05,13465,0.0,43.68477350178656,31.481481481481172,34.229864785419856,-0.0009269527602668859,0.006697419119695795,-0.007624371879962681
2020-06-03,18.01,18.13,18.0,18.08,14049,0.0,46.69843980421707,26.19047619047593,31.025867136977848,-0.0035501365100927273,0.004647907993738091,-0.008198044503830819
2020-06-04,18.085,18.18,18.055,18.17,10917,0.0,54.555446229558704,35.71428571428564,31.128747795414217,0.0016146071219225178,0.004041247819374976,-0.0024266406974524585
2020-06-05,18.16,18.21,18.16,18.17,9638,0.0,54.555446229558704,49.99999999999999,37.30158730158716,0.00564265860430524,0.00436152997636103,0.00128112862794421
2020-06-06,18.18,18.21,18.16,18.16,6371,0.0,53.538471842874465,60.98901098901112,48.9010989010989,0.007936514795868987,0.005076526940262622,0.0028599878556063657
2020-06-07,18.155,18.17,18.11,18.14,5276,0.0,51.47187129921591,58.69963369963367,56.56288156288158,0.008047809364235547,0.005670783425057207,0.0023770259391783406
2020-06-08,18.125,18.15,18.1,18.1,6816,0.0,47.5210173364169,52.3504273504275,57.346357346357415,0.004852409845270245,0.005507108709099815,-0.0006546988638295699
2020-06-09,18.09,18.09,18.03,18.06,6809,0.0,43.89275605713693,40.53325901151994,50.52777335386035,-0.0008972896051488988,0.004226229046250072,-0.005123518651398971
2020-06-10,18.05,18.055,18.035,18.04,3285,0.0,42.15949909042699,28.38164251207725,40.42177629134154,-0.00698725595968952,0.0019835320450621538,-0.008970788004751673
2020-06-11,18.04,18.05,18.03,18.04,7553,0.0,42.15949909042699,20.2898550724633,29.734918865353468,-0.011678970272114952,-0.0007489684183732673,-0.010930001853741685
2020-06-12,18.045,18.05,18.03,18.035,2132,0.0,41.68226572825644,16.666666666666412,21.779388083735626,-0.015620581539430134,-0.0037232910425846408,-0.011897290496845493
2020-06-13,18.035,18.05,18.03,18.05,7714,0.0,43.739779369656745,18.115942028985476,18.357487922705033,-0.01733414499343411,-0.006445461832754535,-0.010888683160679574
2020-06-14,18.06,18.06,18.025,18.05,3258,0.0,43.739779369656745,19.565217391304543,18.115942028985447,-0.018479140349207057,-0.00885219753604504,-0.009626942813162016
2020-06-15,18.045,18.05,17.94,17.97,29891,0.0,35.904432283252916,18.196457326892002,18.625872249060645,-0.025547394370406096,-0.012191236902917253,-0.013356157467488843
2020-06-16,17.97,18.01,17.96,18.0,11843,0.0,40.228493228630384,18.357487922704973,18.706387546967147,-0.028400899436924476,-0.015433169409718698,-0.012967730027205778
2020-06-17,18.0,18.05,17.995,18.03,6905,0.0,44.276896679095735,22.22222222222179,19.59205582393956,-0.02791973218776178,-0.017930481965327316,-0.009989250222434465
2020-06-18,18.03,18.08,18.03,18.035,5437,0.0,44.946180718223495,30.246913580246655,23.60887457505778,-0.02682571531519784,-0.019709528635301423,-0.007116186679896417
2020-06-19,18.045,18.05,18.03,18.03,4495,0.0,44.37223455561038,33.95061728395051,28.80658436213962,-0.026061733830250233,-0.020979969674291186,-0.005081764155959047
2020-06-20,18.04,18.06,18.03,18.04,6418,0.0,45.861256886390194,37.332259796027465,33.843263553408185,-0.024368452224322823,-0.021657666184297514,-0.002710786040025309
2020-06-21,18.04,18.09,18.02,18.05,14262,0.0,47.378168373546934,43.064182194616784,38.11568642486489,-0.021966383134504497,-0.021719409574338912,-0.0002469735601655851
2020-06-22,18.04,18.04,18.0,18.03,22927,0.0,44.68169351418408,51.953071083505826,44.11650435804999,-0.021429532615300673,-0.021661434182531265,0.000231901567230592
2020-06-23,18.02,18.04,17.98,18.02,23213,0.0,43.35309754914328,55.23809523809532,50.08511617207261,-0.02156243283398851,-0.021641633912822717,7.920107883420749e-05
2020-06-24,18.02,18.04,18.01,18.02,18805,0.0,43.35309754914328,55.55555555555529,54.24890729238544,-0.021420831206647506,-0.021597473371587676,0.00017664216494017032
2020-06-25,18.02,18.07,18.02,18.05,19188,0.0,48.66408452670473,59.99999999999968,56.93121693121673,-0.01867261533101683,-0.021012501763473506,0.0023398864324566775
2020-06-26,18.05,18.13,18.035,18.11,42530,0.0,57.288977543483036,72.04678362573092,62.53411306042859,-0.011520336621266836,-0.019114068735032172,0.007593732113765336
2020-06-27,18.18,18.22,18.18,18.19,7180,0.0,65.59013719718311,84.03091060985838,72.02589807852964,0.000596352813680312,-0.015171984425289676,0.01576833723896999
2020-06-28,18.19,18.215,18.18,18.2,20891,0.0,66.46746104096174,90.53884711779482,82.20551378446133,0.01088041031611553,-0.009961505477008635,0.020841915793124166
2020-06-29,18.21,18.21,18.17,18.175,60586,0.0,62.197953554323334,88.27838827838876,87.6160486686806,0.016819425050890402,-0.004605319371428827,0.02142474442231923
2020-06-30,18.175,18.19,18.1,18.1,20480,0.0,51.508540235865,75.18315018315064,84.66679519311135,0.015297918930830434,-0.000624671710976975,0.01592259064180741
2020-07-01,18.11,18.13,18.1,18.115,12242,0.0,53.23944091493898,62.98076923076951,75.48076923076958,0.015128101669464655,0.002525882965111351,0.012602218704353303
2020-07-02,18.12,18.17,18.08,18.105,34684,0.0,51.90915714727979,52.77777777777797,63.64723239723264,0.01402493314082065,0.004825693000253211,0.009199240140567439
2020-07-03,18.11,18.13,18.09,18.12,10902,0.0,53.77495294245985,55.555555555555706,57.104700854701,0.014197380212216615,0.006700030442645893,0.007497349769570722
2020-07-04,18.12,18.17,18.12,18.16,34220,0.0,58.408942971259556,61.805555555555976,56.712962962963154,0.017361578000780753,0.008832339954272865,0.008529238046507888
2020-07-05,18.14,18.2,18.14,18.19,15188,0.0,61.52431582289715,73.61111111111173,63.65740740740774,0.02203595999466046,0.011473063962350386,0.010562896032310073
2020-07-06,18.17,18.19,18.16,18.18,13604,0.0,59.913311065720826,81.94444444444495,72.45370370370415,0.02464938224063573,0.014108327618007455,0.010541054622628276
2020-07-07,18.18,18.18,18.15,18.17,8596,0.0,58.270147374296826,82.34126984127057,79.29894179894235,0.02561830984371838,0.016410324063149642,0.009207985780568737
2020-07-08,18.18,18.19,18.16,18.18,6428,0.0,59.46729519107952,79.84126984127039,81.37566137566192,0.0268832154034655,0.018504902331212814,0.008378313072252685
2020-07-09,18.17,18.17,18.135,18.16,2700,0.0,56.00666405177452,74.5860145860152,78.92285142285199,0.02597243525337234,0.019998408915644722,0.005974026337727617
2020-07-10,18.16,18.2,18.16,18.2,9008,0.0,60.90664857604065,77.76061776061813,77.39596739596784,0.028153762084457412,0.02162947954940726,0.006524282535050153
2020-07-11,18.2,18.2,18.13,18.14,5624,0.0,51.61922531774445,65.90876590876655,72.75179941846658,0.02475561345258015,0.02225470633004184,0.0025009071225383095
2020-07-12,18.135,18.215,18.135,18.205,14592,0.0,58.92626579883195,74.25044091710772,72.63994152883073,0.026996316223016237,0.02320302830863672,0.003793287914379516
2020-07-13,18.21,18.25,18.2,18.205,17074,0.0,58.92626579883195,70.18881626724742,70.11600769770718,0.028444202254291895,0.024251263097767758,0.004192939156524137
2020-07-14,18.21,18.22,18.165,18.2,15438,0.0,58.14285231384576,78.90341321713804,74.44755680049768,0.028855575045128035,0.025172125487239815,0.00368344955788822
2020-07-15,18.195,18.27,18.19,18.24,25386,0.0,62.444460038020836,76.10939112487053,75.06720686975194,0.032039920393557964,0.026545684468503444,0.005494235925054519
2020-07-16,18.25,18.295,18.25,18.29,56480,0.0,67.00857840388844,84.11991240655377,79.71090558285404,0.03815825455095023,0.0288681984849928,0.009290056065957432
2020-07-17,18.29,18.31,18.22,18.26,114234,0.0,62.1297199533504,85.15190415062024,81.79373589401477,0.040123806901601,0.03111932016831444,0.009004486733286559
2020-07-18,18.43,18.54,18.08,18.31,155982,0.0,66.5067411754263,73.74839537869059,81.0067373119548,0.045195122197394966,0.033934480574130545,0.011260641623264421
2020-07-19,18.29,18.3,18.12,18.145,158202,0.0,47.14278806421827,45.93821510297528,68.27950487742864,0.035490937632022934,0.03424577198570902,0.0012451656463139116
2020-07-20,18.15,18.22,18.015,18.05,211832,0.0,39.933532403069776,23.59903381642519,47.76188143269695,0.019905141318609765,0.03137764585228917,-0.011472504533679408
2020-07-21,18.06,18.17,17.995,18.14,86436,0.0,48.040262266553356,15.800868678810517,28.44603919940359,0.014646695303053292,0.028031455742441997,-0.013384760439388705
2020-07-22,18.16,18.29,18.1,18.27,49744,0.0,57.05600616999603,27.910295616717594,22.43673270398436,0.020730286654931263,0.026571221924939853,-0.00584093527000859
2020-07-23,18.27,18.28,18.16,18.24,37982,0.0,54.69735597955985,40.672782874617575,28.127982390048487,0.02286722817956388,0.02583042317586466,-0.0029631949963007803
2020-07-24,18.25,18.33,18.25,18.29,47590,0.0,57.82656501533976,49.84709480122302,39.476724430852656,0.028269478910491586,0.026318234322790048,0.001951244587701538
2020-07-25,18.29,18.47,18.29,18.465,66352,0.0,66.53841299337773,61.77370030581023,50.76452599388353,0.0461399661907258,0.0302825806963772,0.015857385494348602
2020-07-26,18.46,18.52,18.42,18.48,33262,0.0,67.16452567607092,76.4525993883792,62.69113149847073,0.0608118298297633,0.03638843052305442,0.02442339930670888
2020-07-27,18.48,18.495,18.385,18.395,16238,0.0,60.28117315255791,82.8746177370031,73.70030581039742,0.0648332406030292,0.04207739253904938,0.022755848063979817
2020-07-28,18.39,18.55,18.39,18.53,26194,0.0,66.20511235928127,86.26057249910464,81.86259654149556,0.07801430897977113,0.049264775827193734,0.028749533152577396
2020-07-29,18.525,18.525,18.505,18.515,5652,0.0,65.04429061139936,87.82819516764467,85.6544618012507,0.08625572370252144,0.05666296540225928,0.02959275830026216
