Date,Open,High,Low,Close,Volume,OpenInterest,rsi,stoc k,stoc d,macd,signal,histogram
2020-04-01,13.2,13.2,13.2,13.2,100,0.0,,,,,,
2020-04-02,13.22,13.22,13.22,13.22,100,0.0,,,,,,
2020-04-03,13.23,13.23,13.23,13.23,110,0.0,,,,,,
2020-04-04,13.23,13.23,13.23,13.23,210,0.0,,,,,,
2020-04-05,13.195,13.22,13.195,13.2,477,0.0,,,,,,
2020-04-06,13.21,13.21,13.21,13.21,200,0.0,,,,,,
2020-04-07,13.16,13.16,13.13,13.13,335,0.0,,,,,,
2020-04-08,13.165,13.165,13.11,13.11,600,0.0,,,,,,
2020-04-09,13.12,13.125,13.11,13.11,371,0.0,,,,,,
2020-04-10,13.11,13.19,13.09,13.19,2163,0.0,,,,,,
2020-04-11,13.01,13.01,13.01,13.01,100,0.0,,,,,,
2020-04-12,12.98,12.98,12.94,12.94,448,0.0,,,,,,
2020-04-13,12.83,12.93,12.83,12.93,224,0.0,,,,,,
2020-04-14,12.96,12.99,12.96,12.99,538,0.0,,,,,,
2020-04-15,12.925,12.93,12.925,12.93,202,0.0,28.57142857142881,,,,,
2020-04-16,12.84,12.91,12.835,12.91,812,0.0,27.62691853600971,28.333333333333297,,,,
2020-04-17,12.92,12.99,12.92,12.99,339,0.0,36.64838222434233,28.333333333333297,,,,
2020-04-18,13.0,13.0,13.0,13.0,102,0.0,37.693885283663555,34.5299145299145,30.398860398860364,,,
2020-04-19,12.86,12.86,12.86,12.86,100,0.0,30.183670346939593,30.494826810616193,31.119358224621326,,,
2020-04-20,12.84,12.84,12.84,12.84,100,0.0,29.2859773696907,18.08741940320877,27.704053581246484,,,
2020-04-21,12.69,12.69,12.59,12.59,410,0.0,20.91318042004893,3.5575048732942682,17.37991702903974,,,
2020-04-22,12.45,12.45,12.45,12.45,100,0.0,17.837643003476444,0.9259259259259084,7.523616734142977,,,
2020-04-23,12.4,12.49,12.4,12.49,249,0.0,21.39453212241041,3.7974683544303787,2.760299717883514,,,
2020-04-24,12.55,12.55,12.53,12.53,310,0.0,24.8959618093689,10.901293491042352,5.208229257132875,,,
2020-04-25,12.56,12.58,12.56,12.58,200,0.0,29.144697412158948,20.901293491042342,11.866685112171686,,,
2020-04-26,12.59,12.59,12.59,12.59,100,0.0,29.997647719512827,27.6593806921675,19.820655891417392,-0.23607460817224535,,
2020-04-27,12.64,12.73,12.64,12.71,450,0.0,39.421637981195516,37.777777777777786,28.77948398699587,-0.21816437917007292,,
2020-04-28,12.66,12.69,12.65,12.68,820,0.0,38.04278123965385,43.33333333333332,36.256830601092865,-0.2040391071123011,,
2020-04-29,12.7,12.795,12.68,12.79,4231,0.0,45.56154419192998,54.44444444444441,45.18518518518516,-0.1818721377552155,,
2020-04-30,12.57,12.66,12.54,12.54,411,0.0,35.1278508966587,44.999999999999865,47.59259259259252,-0.1823752570594337,,
2020-05-01,12.46,12.46,12.46,12.46,210,0.0,32.55841631449903,32.7777777777777,44.074074074073984,-0.18707285472445712,,
2020-05-02,12.69,12.69,12.69,12.69,100,0.0,45.01158143349951,32.12560386473425,36.63446054750393,-0.17027384600361195,,
2020-05-03,12.715,12.755,12.715,12.755,600,0.0,47.937404158593765,51.24176548089599,38.71504904113598,-0.1499866016097453,,
2020-05-04,12.76,12.805,12.695,12.805,1327,0.0,50.135320422683755,81.24176548089596,54.86971160884207,-0.12839418390389845,-0.18425033061233126,0.05585614670843281
2020-05-05,12.79,12.9,12.79,12.88,6317,0.0,53.31880830603032,92.22727272727282,74.90360122968825,-0.10403095995881628,-0.16820645648162827,0.06417549652281199
2020-05-06,12.83,12.83,12.75,12.76,979,0.0,48.034719657093156,89.33333333333333,87.60079051383404,-0.09333007555786921,-0.15323118029687646,0.059901104739007255
2020-05-07,12.67,12.67,12.6,12.615,7481,0.0,42.547692471921614,67.7424242424242,83.10101010101012,-0.09544955273025657,-0.1416748547835525,0.04622530205329592
2020-05-08,12.59,12.625,12.59,12.595,600,0.0,41.8377922895114,45.969696969696905,67.68181818181814,-0.0976178091732347,-0.13286344566148894,0.03524563648825424
2020-05-09,12.58,12.58,12.525,12.525,500,0.0,39.362338113132594,26.89393939393933,46.868686868686815,-0.10378817750692804,-0.12704839203057677,0.023260214523648737
2020-05-10,12.48,12.515,12.48,12.485,344,0.0,37.97946722266112,17.045454545454408,29.969696969696887,-0.11063062360874376,-0.12376483834621017,0.013134214737466413
2020-05-11,12.435,12.555,12.41,12.555,726,0.0,41.8308459497685,16.68212739641294,20.207173778602233,-0.10914672099781697,-0.12084121487653154,0.011694493878714574
2020-05-12,12.55,12.55,12.55,12.55,100,0.0,41.63197816802998,21.281694495980112,18.336425479282493,-0.10713914235965305,-0.11810080037315586,0.010961658013502809
2020-05-13,12.57,12.595,12.57,12.58,1101,0.0,43.37153454706796,30.95238095238095,22.972067614924672,-0.10195213183277474,-0.11487106666507965,0.012918934832304912
2020-05-14,12.58,12.59,12.4,12.4,3512,0.0,36.36797821707148,21.08843537414969,24.44083694083692,-0.11108536139909297,-0.11411392561188233,0.003028564212789353
2020-05-15,12.45,12.46,12.45,12.46,309,0.0,39.85440911802476,15.564625850340166,22.53514739229027,-0.11218877075847011,-0.1137288946411999,0.0015401238827297825
2020-05-16,12.445,12.46,12.435,12.45,1304,0.0,39.46628996477105,7.333333333333303,14.662131519274388,-0.11257248155845367,-0.11349761202465065,0.00092513046619698
2020-05-17,12.45,12.47,12.45,12.47,693,0.0,40.70990377102808,11.999999999999988,11.632653061224486,-0.10999479079993968,-0.11279704777970846,0.002802256979768783
2020-05-18,12.55,12.56,12.55,12.56,200,0.0,46.07835006150776,18.666666666666632,12.666666666666643,-0.09954224344441087,-0.11014608691264896,0.010603843468238089
2020-05-19,12.505,12.55,12.505,12.55,400,0.0,45.58446544663009,26.96124031007759,19.209302325581405,-0.09101626197276325,-0.10632012192467183,0.015303859951908583
2020-05-20,12.5,12.55,12.5,12.54,500,0.0,45.064294800931364,39.578524260694735,28.40214374581299,-0.08409686039842157,-0.10187546961942179,0.01777860922100022
2020-05-21,12.58,12.59,12.5,12.5,529,0.0,42.95291532948987,43.72667240884284,36.75547899320506,-0.08090819124019255,-0.09768201394357595,0.0167738227033834
2020-05-22,12.49,12.51,12.48,12.51,1442,0.0,43.663552411130375,50.902184235517296,44.7357936350183,-0.07669019470608163,-0.09348365009607709,0.016793455389995465
2020-05-23,12.5,12.5,12.4,12.4,1410,0.0,38.04877596976792,33.61823361823347,42.7490300875312,-0.08128646300891518,-0.09104421267864471,0.009757749669729532
2020-05-24,12.405,12.43,12.37,12.375,2724,0.0,36.88778721437525,19.544159544159537,34.688192465970104,-0.08595548845405432,-0.09002646783372664,0.004070979379672324
2020-05-25,12.37,12.4,12.355,12.37,5793,0.0,36.64694105126401,2.8240740740740193,18.662155745489013,-0.0890328674956411,-0.08982774776610954,0.0007948802704684371
2020-05-26,12.4,12.47,12.39,12.39,600,0.0,38.38003944085224,7.685185185185145,10.017806267806238,-0.08883385828325707,-0.08962896986953904,0.0007951115862819685
2020-05-27,12.47,12.47,12.28,12.4,800,0.0,39.2745410434544,19.84767025089599,10.118976503385058,-0.08686786692559956,-0.08907674928075114,0.002208882355151584
2020-05-28,12.33,12.42,12.33,12.42,400,0.0,41.11562854471766,32.81810035842308,20.116985264834742,-0.08274217150947827,-0.08780983372649656,0.005067662217018293
2020-05-29,12.37,12.44,12.37,12.44,300,0.0,42.97743717693633,45.16129032258076,32.609020310633284,-0.07697141673605756,-0.08564215032840877,0.00867073359235121
2020-05-30,12.33,12.44,12.33,12.43,500,0.0,42.25799064041733,48.387096774193594,42.122162485065815,-0.07237072377413334,-0.08298786501755369,0.01061714124342035
2020-05-31,12.45,12.45,12.32,12.4,300,0.0,40.089798226528366,46.236559139785044,46.59498207885313,-0.07033461705155197,-0.08045721542435334,0.01012259837280137
2020-06-01,12.43,12.43,12.42,12.42,600,0.0,42.218293859918965,44.08602150537649,46.236559139785044,-0.06634240104894218,-0.07763425254927112,0.011291851500328937
2020-06-02,12.45,12.45,12.31,12.31,700,0.0,34.878593678800996,31.18279569892498,40.50179211469551,-0.07123348650503125,-0.07635409934042314,0.005120612835391891
2020-06-03,12.385,12.385,12.38,12.38,200,0.0,41.81135036494717,29.03225806451643,34.76702508960597,-0.06866971030675195,-0.07481722153368892,0.006147511226936964
2020-06-04,12.39,12.41,12.34,12.34,600,0.0,39.240574692608526,22.67414679756928,27.629733520336902,-0.06906937613081432,-0.073667652453114,0.004598276322299685
2020-06-05,12.33,12.4,12.3,12.4,800,0.0,44.73009789709765,37.63015852777454,29.77885446328676,-0.06380906444162271,-0.07169593485081574,0.00788687040919303
2020-06-06,12.39,12.415,12.33,12.415,900,0.0,46.04259016471058,50.56168088204699,36.95532873579695,-0.05776398759748069,-0.06890954540014874,0.011145557802668044
2020-06-07,12.38,12.385,12.28,12.3,800,0.0,38.49506775485514,45.374800637958664,44.52221334926008,-0.06154332639369464,-0.06743630159885793,0.005892975205163284
2020-06-08,12.36,12.385,12.28,12.36,700,0.0,43.682212228262166,41.228070175438546,45.721517231814744,-0.05901667358282303,-0.06575237599565095,0.006735702412827921
2020-06-09,12.4,12.43,12.3,12.4,1100,0.0,46.897548467384254,38.596491228070356,41.7331206804892,-0.05317366441666671,-0.0632366336798541,0.010062969263187393
2020-06-10,12.3,12.44,12.3,12.34,500,0.0,42.937558405138546,46.85242518059862,42.22566219470252,-0.05277616533302165,-0.061144540010487615,0.008368374677465963
2020-06-11,12.34,12.4,12.28,12.4,500,0.0,47.69397971725868,56.34674922600655,47.26522187822519,-0.0470769718591324,-0.058331026380216575,0.011254054521084175
2020-06-12,12.43,12.49,12.33,12.45,964,0.0,51.33443088512,62.27824463118602,55.159139679263745,-0.03808669809059673,-0.05428216072229261,0.016195462631695884
2020-06-13,12.52,12.52,12.52,12.52,101,0.0,55.95613052841408,83.84687208216631,67.4906219797863,-0.02502495427660989,-0.04843071943315607,0.02340576515654618
2020-06-14,12.82,12.82,12.82,12.82,100,0.0,69.37817943224019,93.65079365079356,79.9253034547153,0.009425414287358436,-0.03685949268905317,0.046284906976411605
2020-06-15,12.81,12.81,12.81,12.81,100,0.0,68.62743085213462,99.38271604938275,92.29346059411422,0.03551131086269166,-0.022385331978704206,0.05789664284139587
2020-06-16,12.73,12.79,12.69,12.79,3565,0.0,67.06436204271915,97.53086419753083,96.85479129923573,0.05394885022099949,-0.007118495538763467,0.061067345759762956
2020-06-17,12.76,12.76,12.76,12.76,300,0.0,64.68447493852554,93.8271604938271,96.91358024691357,0.06538625171003076,0.007382453910995379,0.05800379779903538
2020-06-18,12.795,12.795,12.795,12.795,110,0.0,66.19183708055328,92.90123456790114,94.75308641975305,0.07639405912496855,0.021184774953790016,0.055209284171178534
2020-06-19,12.79,12.81,12.77,12.81,705,0.0,66.8449813349922,94.1358024691358,93.6213991769547,0.08534440329194481,0.03401670062142098,0.051327702670523834
2020-06-20,12.74,12.74,12.69,12.69,325,0.0,57.30674742876441,89.8148148148148,92.28395061728394,0.08181154583539652,0.04357566966421609,0.038235876171180426
2020-06-21,12.67,12.73,12.67,12.73,400,0.0,59.38705283118662,85.80246913580248,89.91769547325104,0.0813021954539348,0.051120974822159826,0.030181220631774974
2020-06-22,12.67,12.67,12.67,12.67,100,0.0,55.053642123688526,77.1604938271605,84.25925925925928,0.075190286232516,0.05593483710423106,0.01925544912828494
2020-06-23,12.77,12.77,12.77,12.77,100,0.0,60.25857302980815,82.09876543209874,81.68724279835392,0.07752209198516624,0.060252288080418104,0.017269803904748138
2020-06-24,12.74,12.74,12.74,12.74,201,0.0,58.085404441171825,82.71604938271601,80.65843621399176,0.07607240028726814,0.06341631052178812,0.012656089765480022
2020-06-25,12.71,12.71,12.71,12.71,200,0.0,55.91381180764579,84.4923154446964,83.10237675317039,0.0716765176147014,0.06506835194037078,0.006608165674330618
2020-06-26,12.7,12.72,12.7,12.72,280,0.0,56.49764335092656,76.46762408667182,81.22532963802809,0.06821334437990245,0.06569735042827711,0.002515993951625342
2020-06-27,12.74,12.74,12.74,12.74,100,0.0,57.70406281832081,63.628117913832334,74.86268581506687,0.0663181135619837,0.06582150305501842,0.0004966105069652699
2020-06-28,12.745,12.745,12.745,12.745,411,0.0,58.01752007830427,55.63492063492048,65.24355421180823,0.06447634453299322,0.06555247135061339,-0.0010761268176201627
2020-06-29,12.745,12.93,12.745,12.93,1004,0.0,67.58864995224722,66.74603174603153,62.003023431594805,0.07705642470078722,0.06785326202064816,0.009203162680139057
2020-06-30,12.86,12.86,12.86,12.86,201,0.0,61.84351443894231,75.54945054945028,65.97680097680079,0.08045043138836583,0.0703726958941917,0.010077735494174123
2020-07-01,12.86,12.945,12.86,12.905,2247,0.0,63.964124143649485,86.17715617715605,76.15754615754598,0.08578248299386537,0.07345465331412644,0.01232782967973893
2020-07-02,12.73,12.73,12.73,12.73,100,0.0,51.88705353140584,60.11655011655004,73.94771894771883,0.07502232418912946,0.07376818748912706,0.0012541367000024062
2020-07-03,12.71,12.77,12.71,12.77,230,0.0,54.02385572578369,47.87878787878779,64.72416472416467,0.0689279282687334,0.07280013564504834,-0.00387220737631494
2020-07-04,12.75,12.75,12.75,12.75,100,0.0,52.76208909563819,29.090909090909108,45.69541569541568,0.06177217159869208,0.07059454283577708,-0.008822371237085
2020-07-05,12.79,12.83,12.785,12.83,3310,0.0,57.08021836106339,41.212121212121176,39.393939393939405,0.06184361954554163,0.06884435817772999,-0.0070007386321883636
2020-07-06,12.83,12.83,12.83,12.83,829,0.0,57.08021836106339,46.77798392084113,39.02700474129052,0.06119482668856513,0.06731445187989703,-0.006119625191331898
2020-07-07,12.825,12.83,12.825,12.83,1410,0.0,57.08021836106339,54.76808905380344,47.58606472892196,0.05998913625431257,0.06584938875478014,-0.0058602525004675665
2020-07-08,12.715,12.715,12.715,12.715,100,0.0,49.032848159698105,37.41496598639474,46.32034632034648,0.04918708094252722,0.06251692719232955,-0.013329846249802338
2020-07-09,12.65,12.67,12.65,12.66,317,0.0,45.713431921068626,20.857834659287565,37.68029656649529,0.03577593127155687,0.05716872800817502,-0.021392796736618147
2020-07-10,12.66,12.67,12.66,12.67,301,0.0,46.42361447341874,5.430646835005227,21.23448249356255,0.025658638153029045,0.050866710037145824,-0.02520807188411678
2020-07-11,12.7,12.7,12.685,12.685,362,0.0,47.532393010510134,7.344632768361568,11.211038087551493,0.018636159064117308,0.04442059984254012,-0.02578444077842281
2020-07-12,12.61,12.61,12.61,12.61,125,0.0,42.7666430880934,6.214689265536734,6.329989622967883,0.006938932894012595,0.03692426645283462,-0.029985333558822026
2020-07-13,12.615,12.64,12.6,12.61,605,0.0,42.7666430880934,4.920985834766269,6.160102622888231,-0.0023046367024406322,0.029078485821779573,-0.03138312252422021
2020-07-14,12.625,12.625,12.625,12.625,115,0.0,44.06742867940548,3.3816425120773435,4.83910587079349,-0.008323904771428303,0.021598007703137998,-0.0299219124745663
2020-07-15,12.59,12.59,12.56,12.56,200,0.0,39.841704123280564,3.3816425120773435,3.894756952973694,-0.018130181409281576,0.013652369880654085,-0.031782551289935665
2020-07-16,12.555,12.555,12.505,12.505,204,0.0,36.64005585942248,2.4154589371981388,3.059581320450983,-0.029994014314613793,0.004923093041600511,-0.034917107356214304
2020-07-17,12.55,12.55,12.54,12.54,200,0.0,39.94724249742867,3.5897435897434717,3.1289483463396928,-0.03615520517418247,-0.0032925666015560856,-0.03286263857262638
2020-07-18,12.54,12.65,12.54,12.65,640,0.0,48.96363797533018,18.461538461538336,8.155580329493356,-0.03179539510490592,-0.008993132302226054,-0.022802262802679867
2020-07-19,12.61,12.61,12.5,12.5,2750,0.0,40.118110665420524,18.461538461538336,13.504273504273423,-0.0399830607759295,-0.015191117996966744,-0.02479194277896276
2020-07-20,12.97,13.18,12.97,13.12,1780,0.0,66.80874301589319,45.26395173453997,27.395676219205587,0.0035164383225652074,-0.011449606733060353,0.01496604505562556
2020-07-21,13.24,13.34,13.21,13.3,2439,0.0,70.86843171814601,62.138188608776886,41.954559601618435,0.051916143447339635,0.0012235433030196464,0.05069260014431999
2020-07-22,13.28,13.38,13.185,13.19,1439,0.0,65.58880053382448,88.27455224514047,65.22556419615249,0.08046957460267912,0.01707274956295154,0.06339682503972757
2020-07-23,13.26,13.44,13.26,13.415,619,0.0,70.43981363302544,90.3292038930337,80.24731491565039,0.11987218220754237,0.0376326360918697,0.08223954611567266
2020-07-24,13.42,13.53,13.42,13.52,680,0.0,72.39552009055909,91.59288088486598,90.06554567434677,0.15775317469332073,0.06165674381215991,0.09609643088116082
2020-07-25,13.525,13.525,13.42,13.42,1419,0.0,67.79517240833017,95.22998003167395,92.38402160319127,0.17765705000618404,0.08485680505096474,0.0928002449552193
2020-07-26,13.42,13.42,13.39,13.39,241,0.0,66.43134951472331,91.58576051779944,92.8028738114465,0.18883351015151995,0.10565214607107579,0.08318136408044416
2020-07-27,13.27,13.27,13.27,13.27,171,0.0,61.1336849530799,83.49514563106806,90.1036287268472,0.18586539761408716,0.12169479637967806,0.0641706012344091
2020-07-28,13.35,13.35,13.35,13.35,161,0.0,63.238427066667285,81.22977346278326,85.43689320388364,0.18780359551080927,0.13491655620590431,0.05288703930490496
2020-07-29,13.34,13.36,13.34,13.36,210,0.0,63.50447496741365,80.25889967637546,81.66127292340899,0.18797963550954577,0.1455291720666326,0.04245046344291317
