Date,Open,High,Low,Close,Volume,OpenInterest,rsi,stoc k,stoc d,macd,signal,histogram
2020-04-01,8.195,8.24,8.16,8.16,845,0.0,,,,,,
2020-04-02,8.195,8.195,8.195,8.195,618,0.0,,,,,,
2020-04-03,8.2,8.21,8.2,8.21,200,0.0,,,,,,
2020-04-04,8.16,8.2,8.15,8.2,606,0.0,,,,,,
2020-04-05,8.22,8.22,8.22,8.22,200,0.0,,,,,,
2020-04-06,8.19,8.19,8.19,8.19,200,0.0,,,,,,
2020-04-07,8.2,8.22,8.2,8.22,200,0.0,,,,,,
2020-04-08,8.26,8.26,8.26,8.26,201,0.0,,,,,,
2020-04-09,8.89,8.89,8.89,8.89,100,0.0,,,,,,
2020-04-10,9.02,9.09,9.02,9.09,300,0.0,,,,,,
2020-04-11,9.1,9.1,9.1,9.1,100,0.0,,,,,,
2020-04-12,8.99,8.99,8.99,8.99,200,0.0,,,,,,
2020-04-13,9.1,9.19,9.1,9.1,413,0.0,,,,,,
2020-04-14,9.12,9.12,9.12,9.12,100,0.0,,,,,,
2020-04-15,9.34,9.34,9.34,9.34,200,0.0,89.86486486486474,,,,,
2020-04-16,9.36,9.36,9.36,9.36,100,0.0,90.01024590163922,97.75641025641023,,,,
2020-04-17,8.87,8.87,8.87,8.87,200,0.0,65.29731275014288,86.50137741046831,,,,
2020-04-18,8.64,8.64,8.64,8.64,300,0.0,57.339355646014695,65.98855689764783,83.41544818817545,,,
2020-04-19,8.54,8.54,8.54,8.54,100,0.0,54.24397111057022,42.62673353582446,65.03888928131352,,,
2020-04-20,8.79,8.79,8.79,8.79,262,0.0,60.05028112058032,39.74604578052857,49.45377873800027,,,
2020-04-21,8.58,8.58,8.58,8.58,100,0.0,53.86674889437836,36.622502656985425,39.665093991112805,,,
2020-04-22,8.24,8.24,7.91,7.91,500,0.0,39.78920148690297,26.65099268547546,34.33984704099647,,,
2020-04-23,7.92,7.92,7.92,7.92,200,0.0,40.04106775358588,9.926854754440981,24.40011669896727,,,
2020-04-24,6.995,6.995,6.995,6.995,200,0.0,28.263646162856375,0.22988505747127283,12.26924416579589,,,
2020-04-25,7.31,7.31,7.31,7.31,100,0.0,35.24836334774125,4.669631357682683,4.942123723198296,,,
2020-04-26,7.375,7.375,7.375,7.375,100,0.0,36.619722315669,9.79563072586329,4.898382380339066,-0.4309766603763112,,
2020-04-27,7.21,7.21,7.21,7.21,100,0.0,34.61558555412698,12.82593375616632,9.097065279904081,-0.46320641808304686,,
2020-04-28,7.12,7.12,7.12,7.12,100,0.0,33.53742059352274,10.14799154334039,10.923185341789983,-0.4903584343138725,,
2020-04-29,7.115,7.13,7.115,7.13,381,0.0,33.78420476679955,6.694855532064843,9.889593610523834,-0.5052455303999732,,
2020-04-30,7.41,7.41,7.41,7.41,100,0.0,40.45155476224951,11.042330279539597,9.295059118314926,-0.488815243511306,,
2020-05-01,7.12,7.12,7.12,7.12,100,0.0,36.367177070917826,11.601788959099332,9.779658256901241,-0.4935058706667794,,
2020-05-02,7.19,7.19,7.19,7.19,195,0.0,37.994616378277456,13.320210461157563,11.988109899932148,-0.485972819342245,,
2020-05-03,8.14,8.14,8.14,8.14,100,0.0,54.865631935997975,27.205199628598,17.37573301628495,-0.3987492284829397,,
2020-05-04,7.63,7.63,7.3,7.3,2427,0.0,43.57559181228516,31.29823759772007,23.941215895825195,-0.3928760535534792,-0.461078473192217,0.0682024196387378
2020-05-05,7.11,7.11,7.11,7.11,200,0.0,41.49562498773222,30.756050278340414,29.75316250155281,-0.39895403839730914,-0.4486535862332355,0.04969954783592634
2020-05-06,6.96,6.96,6.85,6.85,300,0.0,38.76854986935168,9.493283333122198,23.849190403060877,-0.41991024830746326,-0.44290491864808107,0.022994670340617807
2020-05-07,6.8,6.8,6.72,6.72,900,0.0,37.443518587502474,3.0789825970549054,14.442772069505821,-0.4419139996808603,-0.44270673485463696,0.0007927351737766486
2020-05-08,6.79,6.79,6.79,6.79,102,0.0,38.65924283376018,1.6431924882629303,4.738486139479995,-0.448533303467074,-0.4438720485771244,-0.004661254889949562
2020-05-09,6.855,6.855,6.855,6.855,100,0.0,39.82861505478458,4.812206572769987,3.1781272193625907,-0.4434226918640549,-0.4437821772345105,0.00035948537045560336
2020-05-10,7.0,7.0,7.0,7.0,104,0.0,42.46364360521298,11.384976525821633,5.946791862284833,-0.42279844981765446,-0.43958543175113934,0.01678698193348488
2020-05-11,7.45,7.45,7.45,7.45,100,0.0,49.8095531265695,26.877934272300504,14.358372456964021,-0.365924203771983,-0.4248531861553081,0.05892898238332511
2020-05-12,7.17,7.17,7.17,7.17,100,0.0,45.88405135957185,34.27230046948359,24.17840375586856,-0.3395307152316773,-0.407788691970582,0.06825797673890466
2020-05-13,6.93,6.93,6.93,6.93,100,0.0,42.77244599113619,32.62910798122067,31.25978090766824,-0.33412805936412493,-0.3930565654492906,0.058928506085165644
2020-05-14,6.785,6.785,6.785,6.785,100,0.0,40.964952849374974,17.018779342723025,27.97339593114241,-0.3376544337201546,-0.3819761391034634,0.04432170538330882
2020-05-15,6.78,6.78,6.78,6.78,100,0.0,40.900768266562395,7.863849765258251,19.170579029733965,-0.33696820925584614,-0.37297455313394,0.03600634387809387
2020-05-16,6.83,6.83,6.83,6.83,100,0.0,41.88142697514012,5.516431924882673,10.133020344287965,-0.32860187146465414,-0.36410001680008286,0.03549814533542872
2020-05-17,7.07,7.075,7.07,7.075,241,0.0,46.56069199695794,16.99427333230155,10.124851674147473,-0.2987581381927553,-0.3510316410786174,0.05227350288586208
2020-05-18,6.51,6.52,6.5,6.5,657,0.0,38.6879674254742,15.585822628076185,12.698842628420117,-0.3178405906071635,-0.3443934309843266,0.0265528403771631
2020-05-19,6.93,6.98,6.93,6.98,231,0.0,46.778074834461556,29.84576826682094,20.80862140906621,-0.29087851667990705,-0.33369044812344273,0.04281193144353568
2020-05-20,6.97,6.97,6.97,6.97,139,0.0,46.640001258343595,33.33333333333335,26.254974742743475,-0.2672372505923999,-0.32039980861723416,0.05316255802483427
2020-05-21,7.07,7.07,7.07,7.07,100,0.0,48.283913265117214,53.333333333333364,38.837478311162535,-0.23769224439173353,-0.3038582957721341,0.06616605138040055
2020-05-22,7.29,7.29,7.29,7.29,100,0.0,51.80194410290267,64.2105263157895,50.29239766081872,-0.19428584643517954,-0.28194380590474316,0.08765795946956362
2020-05-23,6.93,6.93,6.93,6.93,500,0.0,46.25678587550918,62.807017543859665,60.116959064327496,-0.18678184978619772,-0.2629114146810341,0.07612956489483635
2020-05-24,7.11,7.11,7.03,7.03,1488,0.0,47.924358270219464,61.403508771929836,62.80701754385965,-0.17079687406649668,-0.2444885065581266,0.07369163249162991
2020-05-25,7.02,7.02,7.02,7.02,102,0.0,47.764750782879126,55.62513879635799,59.94522170404915,-0.15712435036511874,-0.22701567531952505,0.06989132495440631
2020-05-26,7.1,7.1,7.1,7.1,100,0.0,49.22171750451794,65.85387519431491,60.960840920867575,-0.13823990187697177,-0.2092605206310144,0.07102061875404264
2020-05-27,7.06,7.06,7.06,7.06,100,0.0,48.49339581072969,70.88607594936705,64.12169664667998,-0.12505989349592372,-0.1924203952039963,0.06736050170807256
2020-05-28,7.065,7.065,7.065,7.065,100,0.0,48.59578636611184,72.78481012658229,69.84158709008808,-0.11290963173303936,-0.1765182425098049,0.06360861077676555
2020-05-29,6.99,6.99,6.99,6.99,100,0.0,47.08381162264698,68.14345991561184,70.60478199718706,-0.1080863824118854,-0.16283187049022102,0.054745488078335625
2020-05-30,6.91,6.91,6.91,6.91,200,0.0,45.45908600203776,61.81434599156123,67.5808720112518,-0.10945749610714106,-0.15215699561360504,0.042699499506463984
2020-05-31,6.91,6.925,6.9,6.9,537,0.0,45.24889646001729,54.85232067510554,61.603375527426216,-0.11008207240847145,-0.14374201097257833,0.03365993856410687
2020-06-01,6.81,6.81,6.81,6.81,168,0.0,43.30807118585258,34.17721518987346,50.2812939521801,-0.11649640344332024,-0.13829288946672672,0.021796486023406475
2020-06-02,7.1,7.1,7.1,7.1,208,0.0,50.65287904016101,37.016526019690595,42.01535396155655,-0.09706037900118325,-0.13004638737361804,0.03298600837243479
2020-06-03,6.975,6.975,6.975,6.975,100,0.0,47.7794713833038,31.597222222222218,34.263654477262115,-0.0906981333100374,-0.12217673656090192,0.03147860325086452
2020-06-04,6.995,6.995,6.995,6.995,100,0.0,48.284963758370075,44.444444444444464,37.686064228785774,-0.08308442932626203,-0.11435827511397395,0.03127384578771192
2020-06-05,6.8,6.8,6.8,6.8,120,0.0,43.830093676480786,24.30555555555559,33.44907407407411,-0.09172800108454382,-0.10983222030808792,0.018104219223544105
2020-06-06,6.8,6.8,6.8,6.8,100,0.0,43.830093676480786,12.847222222222264,27.19907407407413,-0.09745469689420005,-0.10735671562531036,0.00990201873111031
2020-06-07,6.95,6.95,6.95,6.95,200,0.0,48.101800504687155,16.666666666666735,17.939814814814884,-0.08886501757818532,-0.10365837601588537,0.01479335843770005
2020-06-08,6.915,6.915,6.915,6.915,100,0.0,47.199815109735745,29.444444444444542,19.65277777777787,-0.0839145278852591,-0.09970960638976013,0.01579507850450103
2020-06-09,6.875,6.875,6.875,6.875,100,0.0,46.135069202473176,37.7777777777779,27.962962962963086,-0.08227053136931772,-0.09622179138567166,0.013951260016353939
2020-06-10,6.62,6.62,6.62,6.62,197,0.0,39.948239037729735,21.11111111111118,29.44444444444457,-0.10038682433979762,-0.09705479797649685,-0.0033320263633007663
2020-06-11,6.835,6.835,6.835,6.835,900,0.0,46.46668565152076,23.263888888888932,27.384259259259366,-0.09628549462333957,-0.0969009373058654,0.0006154426825258213
2020-06-12,7.125,7.13,7.125,7.13,200,0.0,53.86623842672316,48.26388888888891,30.8796296296297,-0.06844216798368219,-0.09120918344142875,0.022767015457746564
2020-06-13,6.79,6.79,6.79,6.79,100,0.0,45.978108969635684,59.37500000000002,43.634259259259316,-0.07297013522630102,-0.08756137379840322,0.014591238572102191
2020-06-14,6.865,6.865,6.865,6.865,1700,0.0,47.794222436212216,60.45751633986931,56.032135076252764,-0.06970321343375208,-0.083989741725473,0.014286528291720918
2020-06-15,6.78,6.78,6.78,6.78,100,0.0,45.910455609924554,37.581699346405266,52.471405228758215,-0.07312994748877788,-0.08181778287813397,0.008687835389356094
2020-06-16,6.7,6.71,6.7,6.71,500,0.0,44.35983530425861,32.352941176470615,43.464052287581744,-0.08056536650637547,-0.08156729960378227,0.0010019330974068014
2020-06-17,7.08,7.08,7.08,7.08,156,0.0,53.3320724956438,46.405228758169955,38.77995642701529,-0.055957043896158964,-0.07644524846225761,0.02048820456609865
2020-06-18,6.97,6.97,6.97,6.97,174,0.0,50.713804048797236,58.8235294117647,45.86056644880177,-0.04481426072409622,-0.07011905091462534,0.025304790190529114
2020-06-19,7.05,7.05,7.05,7.05,100,0.0,52.538737301973676,81.04575163398692,62.09150326797388,-0.02919168974058106,-0.061933578679816484,0.03274188893923542
2020-06-20,7.12,7.12,7.12,7.12,100,0.0,54.13888129755477,83.66013071895424,74.50980392156863,-0.011035069286368326,-0.05175387680112685,0.04071880751475852
2020-06-21,7.03,7.03,7.03,7.03,100,0.0,51.72429086283112,87.58169934640524,84.09586056644882,-0.00386352825487446,-0.04217580709187637,0.03831227883700191
2020-06-22,7.0,7.0,7.0,7.0,114,0.0,50.90922239782659,84.31372549019609,85.1851851851852,-0.0005939331076376675,-0.03385943229502863,0.03326549918739096
2020-06-23,7.01,7.01,7.01,7.01,110,0.0,51.1853521067325,77.12418300653594,83.00653594771244,0.0027722047781759684,-0.026533104880387712,0.02930530965856368
2020-06-24,6.67,6.67,6.5,6.63,300,0.0,41.607768925763835,57.20510426392777,72.88100425355327,-0.024935490095082002,-0.026213581923326575,0.0012780918282445722
2020-06-25,6.46,6.53,6.46,6.53,300,0.0,39.51247223187529,35.85109002141486,56.7267924306262,-0.05433684089213475,-0.03183823371708821,-0.022498607175046544
2020-06-26,6.45,6.52,6.45,6.52,200,0.0,39.299343950586504,13.843481007660088,35.633225097667584,-0.0775505847827942,-0.04098070393022941,-0.03656988085256479
2020-06-27,6.51,6.54,6.51,6.54,200,0.0,39.99644944778895,11.442786069651717,20.379119032908896,-0.09325878202154048,-0.05143631954849162,-0.041822462473048855
2020-06-28,6.44,6.6,6.44,6.57,1900,0.0,41.0893357547674,14.332748024582926,13.206338367298253,-0.1021098336243007,-0.061571022363653444,-0.04053881126064726
2020-06-29,6.63,6.66,6.44,6.55,1100,0.0,40.55896650085874,16.24231782265141,14.005950638962029,-0.10947621498117321,-0.0711520608871574,-0.03832415409401581
2020-06-30,6.44,6.56,6.44,6.56,600,0.0,40.96924827094255,17.647058823529346,16.07404155692124,-0.11320228339489091,-0.07956210538870412,-0.033640178006186794
2020-07-01,6.51,6.57,6.49,6.57,500,0.0,41.40480283799406,17.647058823529346,17.178811823236714,-0.11403379245526946,-0.08645644280201718,-0.027577349653252273
2020-07-02,6.57,6.6,6.5,6.5,500,0.0,39.223131883450385,15.19607843137249,16.83006535947707,-0.11896977485351279,-0.09295910921231632,-0.026010665641196473
2020-07-03,6.6,6.6,6.45,6.48,700,0.0,38.59736464723951,11.274509803921546,14.705882352941137,-0.12307665821562885,-0.09898261901297883,-0.02409403920265002
2020-07-04,6.5,6.62,6.46,6.53,900,0.0,41.12618190250561,9.986706547025562,12.15243159410654,-0.12090311488719419,-0.10336671818782191,-0.017536396699372278
2020-07-05,6.53,6.56,6.43,6.44,700,0.0,38.0856536889321,7.620242720115544,9.627153023687557,-0.12500187022944864,-0.10769374859614726,-0.01730812163330138
2020-07-06,6.52,6.52,6.48,6.49,300,0.0,40.708282654307034,9.107734268459046,8.904894511866724,-0.12280001905623639,-0.11071500268816509,-0.0120850163680713
2020-07-07,6.59,6.59,6.48,6.57,1100,0.0,44.74148003174186,23.467432950191697,13.398469979588768,-0.11329372518484426,-0.11123074718750092,-0.0020629779973433404
2020-07-08,6.49,6.55,6.49,6.55,300,0.0,43.93682667836999,40.28402465433957,24.286397290996778,-0.10615011915814332,-0.11021462158162941,0.004064502423486091
2020-07-09,6.57,6.58,6.46,6.58,700,0.0,45.51958579047745,58.574879227053195,40.77544561052816,-0.09695042646875418,-0.10756178255905438,0.0106113560903002
2020-07-10,6.58,6.59,6.44,6.59,900,0.0,46.06617592528048,62.31884057971012,53.72591482036764,-0.0878401210685924,-0.103617450260962,0.0157773291923696
2020-07-11,6.59,6.6,6.51,6.58,600,0.0,45.57377251538975,66.66666666666667,62.52012882447668,-0.08049911118449415,-0.09899378244566844,0.01849467126117428
2020-07-12,6.46,6.59,6.46,6.59,800,0.0,46.19315807523261,68.11594202898546,65.70048309178743,-0.07303251812789746,-0.09380152958211425,0.020769011454216793
2020-07-13,6.55,6.59,6.48,6.49,900,0.0,41.1499504971413,55.45385202135778,63.412153572336656,-0.07432755185132844,-0.0899067340359571,0.015579182184628657
2020-07-14,7.03,7.03,7.03,7.03,100,0.0,64.00395854568075,67.0480549199085,63.539282990083926,-0.03141821870756267,-0.07820903097027822,0.046790812262715545
2020-07-15,6.97,6.97,6.97,6.97,200,0.0,61.16186456913096,73.85964912280704,65.45385202135778,-0.002228077712218557,-0.06301284031866629,0.06078476260644773
2020-07-16,7.085,7.085,7.085,7.085,200,0.0,64.42274798766331,96.66666666666663,79.19145690312739,0.029840871246666012,-0.044442098005599825,0.07428296925226584
2020-07-17,6.96,7.0,6.79,7.0,2400,0.0,60.38698183837585,92.34096692111956,87.62242757019776,0.04784542246805312,-0.02598459391086924,0.07383001637892236
2020-07-18,6.79,6.93,6.79,6.83,1400,0.0,53.20777414300708,82.69720101781171,90.568278201866,0.04784505180141263,-0.011218664768412866,0.059063716569825495
2020-07-19,6.89,6.97,6.81,6.85,2400,0.0,53.90212638838256,70.55249817543444,81.86355537145526,0.04889496023294537,0.000804060231858781,0.048090900001086595
2020-07-20,6.87,6.93,6.87,6.87,600,0.0,54.6272070730006,63.7670868098704,72.33892866770555,0.05075577213533844,0.010794402612554713,0.03996136952278373
2020-07-21,6.95,6.97,6.88,6.97,1400,0.0,58.170016745551905,70.80103359173124,68.37353952567872,0.05961246781800611,0.02055801565364499,0.03905445216436112
2020-07-22,6.97,6.98,6.93,6.97,1000,0.0,58.170016745551905,77.00258397932815,70.52356812697663,0.06587213004439274,0.029620838531794542,0.0362512915125982
2020-07-23,6.95,6.97,6.84,6.94,1400,0.0,56.63150425097037,80.62015503875968,76.14125753660639,0.06763258187367693,0.03722318720017102,0.03040939467350591
2020-07-24,6.86,6.955,6.81,6.955,1200,0.0,57.24046527566605,79.62997416020671,79.08423772609821,0.06943769277270384,0.04366608831467759,0.025771604458026252
2020-07-25,6.98,6.98,6.98,6.98,200,0.0,58.29163238701324,79.97312661498711,80.0744186046512,0.07205494270473167,0.04934385919268841,0.022711083512043262
2020-07-26,7.0,7.0,7.0,7.0,135,0.0,59.15666925013428,82.78347107438016,80.79552394985802,0.0748797972930193,0.05445104681275459,0.020428750480264712
2020-07-27,7.09,7.09,7.09,7.09,358,0.0,62.88690119814311,89.7168044077135,84.15780069902695,0.0834191586109867,0.06024466917240101,0.023174489438585688
2020-07-28,7.1,7.1,7.1,7.1,600,0.0,63.28810374140534,95.31680440771349,89.27235996326908,0.0899566165255079,0.06618705864302239,0.023769557882485512
2020-07-29,6.98,6.98,6.98,6.98,200,0.0,55.53039999197649,87.09677419354846,90.71012766965852,0.084480760287307,0.06984579897187931,0.014634961315427686
