Date,Open,High,Low,Close,Volume,OpenInterest,rsi,stoc k,stoc d,macd,signal,histogram
2020-04-01,1551.32,1551.32,1548.4,1548.5,3444,0.0,,,,,,
2020-04-02,1546.22,1546.225,1536.2,1537.86,4649,0.0,,,,,,
2020-04-03,1537.76,1537.76,1531.75,1532.32,2512,0.0,,,,,,
2020-04-04,1533.7,1533.7,1528.0,1528.46,4776,0.0,,,,,,
2020-04-05,1529.99,1529.99,1526.51,1528.65,2993,0.0,,,,,,
2020-04-06,1528.34,1533.19,1528.34,1531.22,2393,0.0,,,,,,
2020-04-07,1528.9,1528.99,1523.96,1527.06,2876,0.0,,,,,,
2020-04-08,1527.27,1527.27,1515.44,1516.78,5620,0.0,,,,,,
2020-04-09,1516.43,1517.35,1511.33,1517.35,3377,0.0,,,,,,
2020-04-10,1516.09,1517.03,1509.45,1510.33,4820,0.0,,,,,,
2020-04-11,1509.0,1518.93,1508.8,1518.53,1531,0.0,,,,,,
2020-04-12,1515.64,1519.01,1511.78,1512.36,3731,0.0,,,,,,
2020-04-13,1512.725,1517.395,1512.24,1516.32,1631,0.0,,,,,,
2020-04-14,1514.2,1514.2,1511.73,1512.04,1162,0.0,,,,,,
2020-04-15,1511.69,1515.72,1511.06,1515.72,3435,0.0,26.954443194600742,,,,,
2020-04-16,1513.66,1518.77,1510.47,1516.56,4683,0.0,27.871881408065576,17.63527920924231,,,,
2020-04-17,1517.23,1518.68,1511.76,1516.39,13838,0.0,27.795793364947585,25.25594059419903,,,,
2020-04-18,1496.27,1496.27,1496.27,1496.27,200,0.0,20.620826057464214,19.092502607113673,20.661240803518336,,,
2020-04-19,1495.83,1501.93,1488.4,1497.17,3990,0.0,21.59576981652252,16.68739705416905,20.34528008516058,,,
2020-04-20,1496.53,1499.4,1490.78,1493.3,4296,0.0,20.433596396868907,10.550734117623396,15.443544592968701,,,
2020-04-21,1499.97,1505.8,1497.48,1497.48,2601,0.0,25.12079619779351,18.33737334238967,15.1918348380607,,,
2020-04-22,1497.3,1502.975,1497.3,1499.77,5900,0.0,27.635871308115696,24.192193507309412,17.693433655774154,,,
2020-04-23,1499.94,1499.95,1491.145,1499.825,3007,0.0,27.69868406191405,32.60968180344419,25.04641621771442,,,
2020-04-24,1498.7,1508.78,1497.02,1508.78,2507,0.0,37.24928615297819,47.01622563432415,34.606033648359244,,,
2020-04-25,1510.74,1511.25,1509.175,1510.81,966,0.0,39.20963967892199,59.03844059675473,46.22144934484101,,,
2020-04-26,1510.98,1511.75,1507.31,1511.75,1104,0.0,40.14214935057948,72.22533398836386,59.426666739814245,-7.683626932483321,,
2020-04-27,1513.44,1513.56,1513.44,1513.56,210,0.0,41.987486457068286,77.647121846997,69.63696547737186,-6.65200823719465,,
2020-04-28,1513.45,1514.37,1513.45,1514.37,261,0.0,42.83678883731236,81.74733838217522,77.20659807251202,-5.703338225362131,,
2020-04-29,1511.9,1511.9,1503.22,1503.22,2925,0.0,35.1978746608208,72.38502908572039,77.25982977163086,-5.784541626628879,,
2020-04-30,1501.31,1505.27,1501.31,1505.27,1337,0.0,37.40790329212051,63.341172218116384,72.49117989533732,-5.6187090592268305,,
2020-05-01,1505.445,1505.445,1501.605,1501.605,2122,0.0,35.102975211269,51.78620984015089,62.50413704799589,-5.7171170584504125,,
2020-05-02,1502.19,1502.68,1500.415,1500.415,1506,0.0,34.362623654960274,50.941798169381066,55.35639340921611,-5.823993786520759,,
2020-05-03,1501.46,1504.88,1495.815,1495.815,2496,0.0,31.58912936363916,39.4852807031778,47.404429570903254,-6.208310382171021,,
2020-05-04,1494.81,1501.77,1494.78,1501.77,1559,0.0,38.50847237632952,37.78560901940591,42.73756263065493,-5.9636204171426925,-6.128362858353411,0.16474244121071813
2020-05-05,1500.78,1505.64,1499.595,1505.64,1607,0.0,42.57352161052659,43.167700276202616,40.146196666262114,-5.395232320130617,-5.981736750708852,0.586504430578235
2020-05-06,1508.19,1508.19,1506.96,1507.585,1169,0.0,44.55727825238383,59.64836742016556,46.8672255719247,-4.733273186344604,-5.732044037836003,0.9987708514913987
2020-05-07,1507.38,1512.165,1507.38,1510.095,1867,0.0,47.09705117614444,70.45820922012186,57.75809230549668,-3.960475879972819,-5.377730406263366,1.417254526290547
2020-05-08,1510.585,1513.69,1509.705,1513.69,1841,0.0,50.5883690547819,81.83075802424838,70.64577822151193,-3.0230936498528536,-4.906803054981263,1.8837094051284096
2020-05-09,1513.32,1513.32,1508.91,1510.61,2500,0.0,47.68483892450491,85.17100561511025,79.15332428649349,-2.499924168706457,-4.425427277726302,1.9255031090198456
2020-05-10,1511.12,1511.45,1508.41,1510.06,2302,0.0,47.16426147217359,85.11145142079329,84.03773835338396,-2.1054190291333725,-3.9614256280077167,1.8560065988743442
2020-05-11,1510.125,1513.375,1510.1,1513.375,2421,0.0,50.66053195088867,84.57546367194175,84.95264023594842,-1.5078959821273656,-3.4707196988316467,1.962823716704281
2020-05-12,1512.79,1512.87,1506.63,1506.63,3895,0.0,44.24510485344868,78.52837118266298,82.738428758466,-1.560629822996134,-3.088701723664544,1.5280719006684103
2020-05-13,1505.7,1511.25,1504.605,1509.51,3324,0.0,47.31309348192965,78.49380932417965,80.53254805959479,-1.3544169652950586,-2.741844771990647,1.3874278066955883
2020-05-14,1508.76,1512.32,1508.34,1511.4,8473,0.0,49.28532715803825,76.15018508725562,77.72412186469943,-1.0266500031038959,-2.3988058182132965,1.3721558151094007
2020-05-15,1511.82,1511.99,1511.78,1511.99,700,0.0,49.915606366901415,85.59844879252597,80.08081440132042,-0.7110872834032307,-2.0612621112512834,1.3501748278480528
2020-05-16,1511.81,1511.81,1511.74,1511.78,400,0.0,49.67894699837695,89.59985898113864,83.78283095364009,-0.4725001123167658,-1.74350971146438,1.2710095991476142
2020-05-17,1511.88,1511.88,1511.75,1511.81,600,0.0,49.71562511685189,90.32258064516094,88.50696280627518,-0.27779506246497476,-1.4503667816644992,1.1725717191995244
2020-05-18,1511.84,1511.91,1511.79,1511.79,400,0.0,49.68962253629235,88.82591230330111,89.58278397653356,-0.12367805688336375,-1.185029036708272,1.0613509798249083
2020-05-19,1511.92,1511.92,1511.9,1511.9,500,0.0,49.84499897481727,85.62513534137504,88.25787609661235,0.007253250132180256,-0.9465725793401817,0.9538258294723619
2020-05-20,1511.88,1511.95,1511.83,1511.95,800,0.0,49.92070802008577,82.55492888398031,85.66865884288548,0.11374070434499117,-0.7345099226031472,0.8482506269481384
2020-05-21,1511.88,1511.88,1511.87,1511.88,600,0.0,49.80735327380233,80.40726472206974,82.86244298247503,0.19029081001781378,-0.549549776078955,0.7398405860967688
2020-05-22,1511.88,1511.89,1511.83,1511.83,1100,0.0,49.72050700406335,81.10257509266233,81.3549228995708,0.24410880380696653,-0.3908180601017707,0.6349268639087373
2020-05-23,1511.86,1511.89,1511.84,1511.84,600,0.0,49.73938257962874,81.65244124758595,81.05409368743933,0.2842897527434616,-0.2557964975327243,0.5400862502761858
2020-05-24,1511.83,1511.88,1511.83,1511.88,300,0.0,49.82053099612491,82.61117445838069,81.78873026620965,0.3157216671211245,-0.14149286460195457,0.457214531723079
2020-05-25,1511.84,1511.88,1511.84,1511.88,300,0.0,49.82053099612491,84.49072589073138,82.918113865566,0.33674984314779977,-0.0458443230520037,0.38259416619980346
2020-05-26,1511.89,1511.92,1511.8,1511.8,800,0.0,49.634649332556556,88.07830388115603,85.06006807675602,0.3430055384035313,0.0319256492391033,0.311079889164428
2020-05-27,1511.81,1511.88,1511.81,1511.845,500,0.0,49.74822539598921,89.78232952056594,87.45045309748446,0.3475875727103812,0.09505803393335889,0.25252953877702233
2020-05-28,1511.88,1511.88,1511.85,1511.85,500,0.0,49.761781389590176,75.10840332575444,84.32301224249215,0.34761523408815265,0.14556947396431766,0.202045760123835
2020-05-29,1511.87,1511.91,1511.79,1511.79,900,0.0,49.588907096072994,51.95828348087546,72.28300544239863,0.33888915415218435,0.184233410001891,0.15465574415029334
2020-05-30,1511.85,1511.85,1511.79,1511.79,300,0.0,49.58890709607299,29.269841269811824,52.112176025480586,0.3281904971752283,0.21302482743655848,0.11516566973866982
2020-05-31,1511.8,1511.86,1511.78,1511.86,600,0.0,49.824759398031944,30.28944911294144,37.17252462120959,0.3216523414560015,0.2347503302404471,0.08690201121555441
2020-06-01,1515.6,1540.04,1515.6,1535.58,7629,0.0,81.46683400097237,50.42559982234909,36.661630068367465,2.2050580332263507,0.6288118708376279,1.5762461623887227
2020-06-02,1535.14,1539.3,1534.27,1535.68,2515,0.0,81.51974590907585,71.94954414884889,50.88819769471316,3.663509124690563,1.235751321608215,2.427757803082348
2020-06-03,1536.785,1537.39,1533.56,1533.99,1778,0.0,77.49314592440982,82.46048596367088,68.27854331162297,4.629606029687466,1.914522263224065,2.7150837664634007
2020-06-04,1533.18,1534.775,1528.245,1528.72,3712,0.0,66.4677271826998,74.36895494220367,76.25966168490784,4.9133616557712685,2.5142901417335057,2.3990715140377628
2020-06-05,1529.835,1532.02,1528.54,1528.54,1470,0.0,66.12169035527597,65.94715734843142,74.25886608476868,5.0653256174521175,3.0244972368772283,2.0408283805748892
2020-06-06,1529.5,1531.605,1528.93,1528.97,2310,0.0,66.5694405376602,60.02594951639559,66.78068726901027,5.160963187231118,3.4517904269480066,1.7091727602831117
2020-06-07,1530.14,1530.14,1526.655,1526.655,1076,0.0,61.83148542942397,57.59023354564771,61.18778013682495,4.992406147174734,3.759913570993352,1.2324925761813814
2020-06-08,1526.79,1527.3,1521.535,1521.775,2041,0.0,53.2308089674424,49.610757254069654,55.742313438704365,4.414164521522025,3.890763761099087,0.523400760422938
2020-06-09,1522.74,1524.08,1519.685,1521.475,1335,0.0,52.7450833269658,40.770228827553815,49.3237398757571,3.8868907177027268,3.8899891524198154,-0.003098434717088594
2020-06-10,1522.395,1524.64,1522.395,1523.42,1020,0.0,55.575396899398015,36.9544703939611,42.44515215852823,3.5846461053915846,3.8289205430141693,-0.24427443762258472
2020-06-11,1524.58,1525.18,1521.84,1522.005,839,0.0,53.08438468222103,37.22576079264005,38.31682000471836,3.194116610214678,3.701959756454271,-0.5078431462395931
2020-06-12,1522.425,1522.65,1521.09,1521.14,736,0.0,51.56287486529268,36.83062042934705,37.00361720531611,2.782743169717378,3.518116439106893,-0.7353732693895152
2020-06-13,1521.25,1528.05,1521.25,1525.635,1367,0.0,58.25827631486563,39.44326492097235,37.83321538098652,2.7873053668240573,3.371954224650326,-0.5846488578262687
2020-06-14,1525.125,1526.32,1524.38,1526.32,845,0.0,59.18419362436026,42.00347756723985,39.42578763918646,2.8137594486959188,3.260315269459445,-0.44655582076352607
2020-06-15,1526.325,1526.485,1524.815,1525.84,860,0.0,58.20980254447414,41.42282008047073,40.956520856227684,2.7641293481831326,3.1610780852041827,-0.39694873702105005
2020-06-16,1526.81,1528.38,1524.87,1528.38,1410,0.0,61.79433480155972,41.450662630442714,41.62565342605114,2.896366399368844,3.1081357480371152,-0.21176934866827102
2020-06-17,1528.28,1528.28,1525.98,1526.4,392,0.0,57.64359700167656,41.66304536260059,41.51217602450472,2.8090151842081923,3.0483116352713306,-0.23929645106313835
2020-06-18,1525.205,1525.205,1524.12,1524.12,595,0.0,53.21124353230335,43.18823005648634,42.10064601650992,2.526685711541404,2.9439864505253457,-0.4173007389839416
2020-06-19,1525.73,1526.715,1525.54,1526.565,711,0.0,57.0272181904203,46.057463396579756,43.63624627188893,2.471736002625221,2.8495363609453213,-0.3778003583201004
2020-06-20,1526.07,1529.78,1526.07,1529.16,1053,0.0,60.691536784273346,61.43307201174653,50.226255154937576,2.6075248517352065,2.8011340591032985,-0.19360920736809195
2020-06-21,1529.99,1533.295,1529.99,1532.94,3656,0.0,65.32923329117946,81.91207970387795,63.13420503740145,2.985735205291803,2.8380542883409996,0.14768091695080354
2020-06-22,1532.385,1532.385,1527.96,1527.96,1158,0.0,55.96162351221379,82.93966667029774,75.42827279530745,2.85076342867319,2.840596116407438,0.01016731226575196
2020-06-23,1528.84,1534.215,1528.84,1533.22,2330,0.0,62.13716988949872,83.53718437656752,82.79631025024779,3.132130117320685,2.898902916590088,0.23322720073059688
2020-06-24,1532.98,1535.52,1532.17,1535.04,1252,0.0,64.01738334704731,83.29784199909142,83.25823101531893,3.462065498827087,3.011535433037488,0.4505300657895992
2020-06-25,1533.955,1534.5,1531.245,1531.245,1357,0.0,57.594897321238115,86.48895488895504,84.44132708820469,3.3783730997356543,3.0849029663771215,0.2934701333585328
2020-06-26,1531.49,1533.04,1527.34,1530.165,6800,0.0,55.876854984063726,76.50717938033966,82.09799208946207,3.1881483072879746,3.105552034559292,0.08259627272868242
2020-06-27,1520.405,1524.78,1519.31,1521.42,1506,0.0,44.34255360553764,48.621532617456914,70.5392222955839,2.305172776940026,2.945476183035439,-0.6403034060954131
2020-06-28,1522.06,1523.38,1518.42,1518.81,2219,0.0,41.58358567257098,25.92369307751203,50.35080169176956,1.3789079280693386,2.6321625320422193,-1.2532546039728807
2020-06-29,1521.58,1521.58,1516.35,1516.35,1840,0.0,39.11339354169517,5.099119379777915,26.548115024915642,0.4412484831925667,2.1939797222722888,-1.752731239079722
2020-06-30,1516.025,1520.0,1516.025,1520.0,1460,0.0,44.391658445156615,7.5568484346710605,12.859886963987021,-0.007245366590268532,1.7537347044997775,-1.760980071090046
2020-07-01,1517.9,1517.9,1513.8,1513.8,1280,0.0,38.31552017932281,6.7966145165426495,6.484194110330559,-0.8531337632396117,1.2323610109518996,-2.0854947741915115
2020-07-02,1512.65,1512.65,1510.49,1512.44,1398,0.0,37.115433226909175,9.393498256055297,7.915653735756354,-1.6146345439394736,0.662961899973625,-2.2775964439130987
2020-07-03,1512.13,1513.42,1509.46,1512.25,1622,0.0,36.941352713719304,6.165571383411368,7.451894718669791,-2.2080082662091627,0.08876786673706749,-2.2967761329462304
2020-07-04,1511.22,1514.19,1511.145,1513.92,1143,0.0,39.621894960423894,11.870355215593571,9.14314161835343,-2.5145203475747167,-0.4318897761252894,-2.0826305714494273
2020-07-05,1514.25,1516.77,1514.25,1514.375,1057,0.0,40.36569090658065,15.560245587106728,11.198724062037243,-2.689713341834704,-0.8834544892671723,-1.8062588525675316
2020-07-06,1514.44,1514.69,1512.005,1512.005,568,0.0,37.75660208508219,15.246866206191031,14.22582233629713,-2.985380635436286,-1.3038397185009951,-1.6815409169352908
2020-07-07,1513.46,1516.27,1513.46,1515.5,1692,0.0,43.551095930166284,17.267843438219597,16.02498507717247,-2.904203949392695,-1.623912564679335,-1.28029138471336
2020-07-08,1515.33,1518.47,1515.005,1518.47,2241,0.0,47.982728386965476,22.975212032199124,18.496640558869935,-2.5705845634681737,-1.813246964437103,-0.7573375990310707
2020-07-09,1518.21,1520.01,1517.56,1517.87,1710,0.0,47.17694644264744,31.60850993263132,23.950521801016695,-2.3277706905817013,-1.9161517096660226,-0.4116189809156787
2020-07-10,1515.67,1516.31,1512.85,1515.75,1135,0.0,44.343396685480734,37.568562619508434,30.71742819477964,-2.2801214090829944,-1.988945649549417,-0.2911757595335773
2020-07-11,1515.42,1518.95,1515.42,1517.95,4427,0.0,47.84425604127426,45.90487968461796,38.36065074558592,-2.041306485867608,-1.9994178168130554,-0.041888669054552574
2020-07-12,1518.32,1518.32,1514.86,1514.89,2634,0.0,43.72454553715451,48.950266920543044,44.141236408223165,-2.075040588922775,-2.0145423712349997,-0.0604982176877753
2020-07-13,1515.76,1515.79,1513.1,1513.1,1932,0.0,41.47477994073746,46.76524305887029,47.20679655467711,-2.2206152783371635,-2.0557569526554325,-0.1648583256817311
2020-07-14,1510.22,1511.22,1506.56,1506.67,2330,0.0,34.58980047663856,26.707397910812755,40.80763596340871,-2.8222978380968016,-2.2090651297437063,-0.6132327083530953
2020-07-15,1505.92,1509.22,1504.51,1506.545,3237,0.0,34.47000411793306,16.14974859749419,29.874129855725755,-3.271510124653787,-2.4215541287257225,-0.8499559959280645
2020-07-16,1505.69,1506.51,1501.55,1502.33,2786,0.0,30.619119488525115,6.057409412304362,16.304851973537115,-3.922414222387488,-2.7217261474580754,-1.2006880749294124
2020-07-17,1503.89,1504.29,1498.29,1501.45,33109,0.0,29.868866573182387,10.634395772444833,10.947184594081142,-4.4578813733483,-3.0689571926361205,-1.3889241807121797
2020-07-18,1504.1,1508.085,1502.02,1507.22,1507,0.0,40.213111000326585,19.962778512697017,12.218194565815415,-4.366319951755258,-3.3284297444599487,-1.0378902072953098
2020-07-19,1506.62,1507.97,1503.165,1506.98,2668,0.0,39.949164608079805,31.890730509515365,20.829301598219082,-4.263970462452789,-3.5155378880585166,-0.7484325743942728
2020-07-20,1506.28,1514.67,1505.715,1514.0,4762,0.0,50.23780798499208,51.151012891344614,34.334840637852345,-3.5751898601508856,-3.527468282476991,-0.04772157767389462
2020-07-21,1513.93,1521.65,1513.64,1518.33,4447,0.0,55.322486748089936,66.04217647602945,49.69463995896316,-2.649390928317416,-3.351852811645076,0.7024618833276599
2020-07-22,1514.65,1520.71,1513.53,1519.54,1954,0.0,56.655338332318635,83.02826235946053,66.74048390894488,-1.7973331791220062,-3.0409488851404625,1.2436157060184563
2020-07-23,1519.79,1522.78,1519.37,1522.11,1355,0.0,59.424146697119035,91.33977548379598,80.13673810642867,-0.9042698920989096,-2.613613086532152,1.7093431944332425
2020-07-24,1521.47,1522.28,1521.12,1521.12,2621,0.0,57.8900664303565,93.81779279027286,89.39527687784313,-0.2732457225838516,-2.1455396137424922,1.8722938911586406
2020-07-25,1519.915,1519.915,1515.715,1519.08,1035,0.0,54.75334847851364,91.79256839526317,92.31671222311068,0.0615253016526367,-1.7041266306634666,1.7656519323161033
2020-07-26,1515.04,1515.04,1513.78,1513.78,402,0.0,47.54541961697111,80.45460732271665,88.68832283608424,-0.09968287367951234,-1.3832378792666757,1.2835550055871634
2020-07-27,1515.9,1515.9,1514.56,1514.56,430,0.0,48.61747849326056,71.5257928406152,81.25765618619835,-0.16262736576391035,-1.1391157765661226,0.9764884108022123
2020-07-28,1510.43,1510.43,1508.15,1508.15,414,0.0,41.170654328888126,56.6489723696749,69.54312417766891,-0.7214285790405484,-1.0555783370610077,0.3341497580204593
2020-07-29,1509.21,1509.21,1509.21,1509.21,118,0.0,42.73278461965794,50.428746427113396,59.53450387913451,-1.0664559845531585,-1.057753866559438,-0.00870211799372056
