Date,Open,High,Low,Close,Volume,OpenInterest,rsi,stoc k,stoc d,macd,signal,histogram
2020-04-01,204.49,204.79,204.135,204.79,847,0.0,,,,,,
2020-04-02,204.82,205.24,204.77,205.1,4303,0.0,,,,,,
2020-04-03,205.035,205.31,204.87,205.125,61159,0.0,,,,,,
2020-04-04,205.18,205.18,204.995,205.005,1425,0.0,,,,,,
2020-04-05,204.62,204.62,204.22,204.535,853,0.0,,,,,,
2020-04-06,204.54,204.76,204.54,204.55,1835,0.0,,,,,,
2020-04-07,204.51,204.51,204.165,204.335,1462,0.0,,,,,,
2020-04-08,204.265,204.45,204.265,204.31,1778,0.0,,,,,,
2020-04-09,204.3,205.36,204.3,205.33,14687,0.0,,,,,,
2020-04-10,205.29,205.615,204.99,205.405,16475,0.0,,,,,,
2020-04-11,205.37,205.475,204.975,204.975,5313,0.0,,,,,,
2020-04-12,204.95,204.95,204.91,204.91,210,0.0,,,,,,
2020-04-13,205.125,205.125,204.39,204.535,1178,0.0,,,,,,
2020-04-14,204.33,204.36,203.52,203.52,2834,0.0,,,,,,
2020-04-15,203.51,203.51,203.125,203.325,990,0.0,33.1802525832378,,,,,
2020-04-16,203.235,203.4,202.7,202.7,990,0.0,28.738621586476114,2.677376171351913,,,,
2020-04-17,202.46,202.67,202.17,202.62,1584,0.0,28.217927607823015,7.031512600960178,,,,
2020-04-18,202.355,202.865,202.355,202.66,1551,0.0,28.911466569720872,9.095307208514951,6.268065326942346,,,
2020-04-19,202.705,203.26,202.705,203.26,1600,0.0,38.50866999851025,19.64199322689905,11.922937678791394,,,
2020-04-20,203.235,203.29,203.03,203.03,735,0.0,36.47579275515217,23.60909530720862,17.448798580874207,,,
2020-04-21,203.36,203.43,203.09,203.43,2145,0.0,42.19139457918932,31.0595065312048,24.770198355104156,,,
2020-04-22,203.14,203.62,203.12,203.3,5549,0.0,40.903296113955015,31.446540880503495,28.705047572972305,,,
2020-04-23,203.31,203.325,202.37,203.03,6788,0.0,38.28872092349614,31.446540880503495,31.317529430737263,,,
2020-04-24,204.6,204.6,204.6,204.6,335,0.0,55.92931487067659,43.76327960377311,35.5521204549267,,,
2020-04-25,203.99,203.99,203.99,203.99,200,0.0,49.95433184411054,53.35973408098613,42.8565181884209,,,
2020-04-26,203.08,204.78,203.08,203.37,7845,0.0,44.7244840069756,58.57487458968095,51.899296091480046,-0.44559723124777406,,
2020-04-27,203.27,204.77,203.01,204.285,10827,0.0,52.60979107159203,61.078048116382,57.67088559568302,-0.3596473613516764,,
2020-04-28,204.21,204.7,204.04,204.48,6193,0.0,54.112176840941586,70.04978898029832,63.23423722878707,-0.27265361871113214,,
2020-04-29,204.38,204.57,204.035,204.41,13781,0.0,53.45701938177959,85.1213282247763,72.0830551071522,-0.20697300987640688,,
2020-04-30,204.505,204.66,203.96,204.52,2143,0.0,54.39151160569098,88.12260536398465,81.09790752301976,-0.1443802478562759,,
2020-05-01,204.475,204.475,203.91,204.165,1988,0.0,50.843559119304004,83.50041474108309,85.58144944328133,-0.12201406396181369,,
2020-05-02,204.175,204.175,203.0,203.03,3519,0.0,41.51869428251523,64.0211271833866,78.54804909615144,-0.1936415373896807,,
2020-05-03,202.96,203.03,202.36,202.71,6764,0.0,39.32864262391352,38.82929243042313,62.11694478496427,-0.27308025261217495,,
2020-05-04,202.575,202.85,202.51,202.625,6742,0.0,38.74402879850701,17.599705085559222,40.15004156645631,-0.3389871633692678,-0.26188605404180026,-0.07710110932746755
2020-05-05,202.67,203.08,202.6,202.73,1947,0.0,39.93187243447152,13.567493112947131,23.332163542976485,-0.37838446195823394,-0.285185735625087,-0.09319872633314696
2020-05-06,202.89,202.895,202.57,202.895,1194,0.0,41.84045594359458,16.115702479338356,15.76096689261489,-0.3917768245340767,-0.3065039534068849,-0.08527287112719178
2020-05-07,203.03,203.35,203.03,203.35,434,0.0,46.85510728857377,26.101928374655134,18.59504132231353,-0.3615084268424198,-0.3175048480939919,-0.04400357874842792
2020-05-08,203.3,203.5,203.22,203.5,1420,0.0,48.43363007515249,36.70798898071594,26.30853994490313,-0.3217083041285207,-0.31834553930089765,-0.0033627648276230437
2020-05-09,203.55,204.095,203.55,203.59,2936,0.0,49.40466693073315,46.28099173553682,36.363636363635955,-0.27968019312331194,-0.3106124700653805,0.03093227694206857
2020-05-10,204.05,204.05,203.61,203.815,9667,0.0,51.84599561574291,52.76910942697403,45.25269671440893,-0.22561622930871295,-0.293613221914047,0.06799699260533404
2020-05-11,203.81,204.17,203.81,203.95,3799,0.0,53.3019587969859,59.7162027377037,52.92210130007152,-0.16991806701167889,-0.2688741909335734,0.09895612392189451
2020-05-12,203.93,203.93,203.27,203.4,959,0.0,47.05920541117215,57.846517745489116,56.777276636722284,-0.16821816131442802,-0.24874298500974434,0.08052482369531633
2020-05-13,203.22,203.325,203.01,203.035,1629,0.0,43.42439591830194,47.50464511334047,55.022455198844426,-0.19408611939988418,-0.23781161188777233,0.04372549248788815
2020-05-14,203.115,203.17,202.95,202.98,714,0.0,42.8868498136016,34.626546065028485,46.65923630795269,-0.21652869488679016,-0.23355502848757592,0.01702633360078576
2020-05-15,202.98,202.98,202.65,202.66,1388,0.0,39.79985832671489,25.063724170190483,35.731638449519814,-0.25717141135220345,-0.23827830506050143,-0.018893106291702016
2020-05-16,202.59,202.59,202.18,202.405,1506,0.0,37.484401180458185,19.049959695643953,26.24674331028764,-0.30642514748490157,-0.25190767354538146,-0.05451747393952011
2020-05-17,202.34,202.34,201.97,201.98,633,0.0,33.94031315864548,9.430001245898417,17.84789503724429,-0.3754253664209557,-0.27661121212049633,-0.09881415430045937
2020-05-18,202.02,202.35,202.02,202.05,2077,0.0,35.02989852219878,5.132480584741894,11.20414717542809,-0.41962296967375323,-0.3052135636311477,-0.11440940604260552
2020-05-19,202.06,202.06,201.69,201.78,4393,0.0,32.783772666311734,2.5733137829913146,5.7119318712105445,-0.47100715490404355,-0.3383722818857269,-0.13263487301831667
2020-05-20,201.745,201.96,201.615,201.73,3411,0.0,32.369842838947164,3.9221247893364652,3.87597305235656,-0.509886420769277,-0.37267510966243694,-0.1372113111068401
2020-05-21,201.8,201.82,201.35,201.47,24354,0.0,30.232244004705123,4.128443293527172,3.5412939552849863,-0.5552774533330194,-0.4091955783965534,-0.14608187493646596
2020-05-22,201.62,201.62,201.34,201.42,1100,0.0,29.82435869257131,3.8610509153970707,3.970539666086905,-0.5885008839361205,-0.44505663950446683,-0.1434442444316537
2020-05-23,201.46,201.52,201.41,201.52,400,0.0,31.806015432081537,4.4808661002931816,4.156786769739143,-0.5998468665005419,-0.4760146849036819,-0.12383218159685999
2020-05-24,201.49,201.54,201.47,201.5,1100,0.0,31.613736128040543,4.9469964664309805,4.429637827373746,-0.6034957489484327,-0.5015108977126321,-0.10198485123580059
2020-05-25,201.4,201.4,201.4,201.4,200,0.0,30.617088020056045,4.776912197406992,4.734924921377053,-0.6074543235278611,-0.522699582875678,-0.08475474065218314
2020-05-26,201.5,201.5,201.4,201.49,700,0.0,32.674277239697815,5.175662542308262,4.96652373538208,-0.5964537272749908,-0.5374504117555405,-0.05900331551945026
2020-05-27,201.49,201.5,201.41,201.41,500,0.0,31.772487892880477,4.566137997198855,4.839570912304705,-0.5874195994155968,-0.5474442492875519,-0.039975350128044984
2020-05-28,201.48,201.48,201.45,201.48,300,0.0,33.50191004803057,6.6394656802823535,5.460422073263158,-0.5680632929797014,-0.5515680580259819,-0.016495234953719518
2020-05-29,201.48,201.5,201.48,201.48,600,0.0,33.50191004803057,7.8539073259577785,6.353170334479663,-0.5464244398692131,-0.5505393343946281,0.004114894525415025
2020-05-30,201.47,201.47,201.47,201.47,100,0.0,33.36180224807369,10.869290831521452,8.454221279253861,-0.5240415841288666,-0.5452397843414758,0.02119820021260921
2020-05-31,200.67,200.67,200.67,200.67,100,0.0,24.525279777829482,8.023762376237153,8.915653511238796,-0.5643508386442022,-0.549061995202021,-0.015288843442181177
2020-06-01,200.54,201.565,199.66,200.37,7232,0.0,22.15539451009903,14.15154015401538,11.014864453924664,-0.6134324387500385,-0.5619360839116245,-0.05149635483841397
2020-06-02,200.41,202.02,200.19,202.02,2601,0.0,50.49151375090218,43.194444444444535,21.78991565823236,-0.5132720691605641,-0.5522032809614125,0.03893121180084835
2020-06-03,201.89,202.595,201.57,202.58,5248,0.0,56.30494931352529,76.35742002650034,44.56780154165342,-0.3842772261014602,-0.5186180699894221,0.13434084388796186
2020-06-04,202.59,203.69,202.59,203.53,22126,0.0,64.02286533508939,98.50623447370181,72.6860329815489,-0.20305018694006094,-0.4555044933795499,0.25245430643948896
2020-06-05,203.54,204.14,203.48,203.99,5384,0.0,67.05709599057985,97.39016304513056,90.75127251511093,-0.022054071506602213,-0.3688144090049604,0.34676033749835816
2020-06-06,203.97,204.12,203.71,203.88,3660,0.0,65.63163678776678,95.62599698688435,97.17413150190559,0.1112284015139835,-0.2728058469011716,0.3840342484151551
2020-06-07,203.97,204.085,203.93,203.94,1952,0.0,66.05549709841148,95.46130952380986,96.15915651860827,0.219170756142546,-0.1744105262924281,0.3935812824349741
2020-06-08,204.03,204.03,203.17,203.17,2530,0.0,56.436152950433105,89.36011904761921,93.48247518610448,0.23981880314616433,-0.0915646604047096,0.33138346355087395
2020-06-09,203.22,203.34,203.041,203.06,1365,0.0,55.19947090452852,83.25892857142877,89.3601190476193,0.24448814136104602,-0.024354100051558476,0.2688422414126045
2020-06-10,203.25,203.25,202.99099999999999,203.02,1906,0.0,54.729818391464576,76.41369047619075,83.01091269841294,0.24216938194123827,0.028950596347000875,0.2132187855942374
2020-06-11,203.205,203.315,203.13,203.13,971,0.0,55.84248170871533,76.11607142857177,78.59623015873046,0.24636785382668336,0.07243404784293737,0.17393380598374597
2020-06-12,202.9,203.33,202.9,203.33,884,0.0,57.87000091600857,78.12500000000041,76.884920634921,0.26280405996112677,0.11050805026657526,0.1522960096945515
2020-06-13,203.455,203.755,203.36,203.48,4693,0.0,59.37654927848528,81.54761904761932,78.59623015873052,0.28465232334320945,0.1453369048819021,0.13931541846130735
2020-06-14,203.51,203.565,203.4,203.4,3040,0.0,58.18156972721586,83.55654761904798,81.07638888888926,0.29214424111162884,0.17469837212784745,0.1174458689837814
2020-06-15,203.535,203.535,203.19,203.19,5465,0.0,55.049626459912204,81.56645569620277,82.22354078762338,0.2779325614018262,0.1953452099826432,0.082587351419183
2020-06-16,203.155,203.45,203.14,203.145,3630,0.0,54.37416748695619,73.57185221278633,79.56495184267904,0.26004098827988287,0.20828436564209116,0.05175662263779171
2020-06-17,202.885,202.885,202.66,202.67,729,0.0,47.718425424975,47.464901367931795,67.53440309230699,0.20516820605294583,0.2076611337242621,-0.0024929276713162585
2020-06-18,202.47,202.54,202.32,202.4,1409,0.0,44.392102458793694,23.61364713693089,48.216800239216354,0.13830014925346745,0.19378893683010318,-0.05548878757663572
2020-06-19,202.35,202.53,202.22,202.34,2007,0.0,43.663700642531516,5.29089473062309,25.456481078495273,0.07954825119969655,0.17094079970402187,-0.09139254850432532
2020-06-20,202.26,202.665,202.26,202.56,1198,0.0,47.09173332312906,9.64731895732355,12.85062027495919,0.05016088661398044,0.1467848170860136,-0.09662393047203316
2020-06-21,202.62,202.85,202.51,202.85,6283,0.0,51.29859407722973,19.784327436873134,11.574180374939937,0.04969886721931971,0.12736762711267482,-0.07766875989335512
2020-06-22,202.92,202.92,202.75,202.75,1100,0.0,49.827335680558384,29.18829337778402,19.53997992399358,0.04079330937773307,0.11005276356568648,-0.06925945418795341
2020-06-23,202.84,203.19,202.79,203.06,3427,0.0,54.21149504592073,41.352481388833986,30.10836740116373,0.058080484181289194,0.09965830768880704,-0.04157782350751785
2020-06-24,203.02,203.59,203.02,203.53,2698,0.0,59.92858118558957,58.197611292074136,42.9127953528974,0.10845555863784284,0.1014177578786142,0.007037800759228635
2020-06-25,203.74,203.84,203.19,203.19,2861,0.0,54.61601867694487,66.64722992989387,55.399107536934004,0.11956474166061071,0.1050471546350135,0.014517587025597203
2020-06-26,203.255,203.255,202.76,203.1,11454,0.0,53.2698490149427,66.5131834693904,63.786008230452815,0.1197264691951716,0.10798301754704513,0.011743451648126471
2020-06-27,201.25,201.84,201.25,201.735,1852,0.0,37.97984062392011,44.30779986335538,59.156071087546565,0.009599885705767974,0.0883063911787897,-0.07870650547302173
2020-06-28,201.815,202.08,201.35,202.08,3646,0.0,42.47412566478927,35.03106280884077,48.61734871386219,-0.04926965846067333,0.060791181250897094,-0.11006083971157042
2020-06-29,201.84,201.84,201.52,201.66,6878,0.0,38.7890085607994,22.20077220077248,33.84654495765623,-0.12833531661425468,0.022965881677866742,-0.1513011982921214
2020-06-30,201.53,201.68,201.53,201.6,1378,0.0,38.27807598957399,20.463320463320496,25.8983851576446,-0.19360515913788845,-0.020348326485284295,-0.17325683265260416
2020-07-01,201.495,201.495,201.27,201.39,2662,0.0,36.46751242177726,11.583011583011292,18.082368082368106,-0.2592883102987287,-0.06813632324797317,-0.1911519870507555
2020-07-02,201.39,201.72,201.39,201.515,1726,0.0,38.33717191003164,9.716859716859299,13.92106392106371,-0.2978231061050849,-0.11407367981939552,-0.18374942628568935
2020-07-03,201.6,201.6,201.2,201.2,1718,0.0,35.50184702200794,5.212355212354873,8.837408837408502,-0.34974839505758837,-0.16120862286703408,-0.1885397721905543
2020-07-04,201.44,201.48,201.44,201.48,410,0.0,39.76621866461196,6.945906945906779,7.291707291706999,-0.3641086824698334,-0.20178863478759396,-0.16232004768223945
2020-07-05,201.205,201.5,201.205,201.46099999999998,2624,0.0,39.575009348663535,6.83080808080802,6.3296900796899065,-0.37272590272195316,-0.23597608837446582,-0.13674981434748734
2020-07-06,201.54,201.765,201.54,201.765,3020,0.0,44.19825724039198,13.964646464646336,9.247120497120394,-0.350978985224657,-0.25897666774450406,-0.09200231748015292
2020-07-07,201.82,201.84,201.71,201.71,1244,0.0,43.549050429386035,16.868686868686954,12.554713804713787,-0.3343285058723495,-0.27404703537007313,-0.06028147050227639
2020-07-08,201.61,201.64,201.46,201.46,1262,0.0,40.62783488109863,16.85606060606099,15.896464646464777,-0.33741626699662675,-0.2867208816953839,-0.050695385301242846
2020-07-09,201.69,202.115,201.69,202.115,1318,0.0,50.07659981988048,24.564071370641447,19.42960628179648,-0.283739541188055,-0.28612461359391816,0.0023850724058631645
2020-07-10,201.99,202.54,201.95,202.345,2526,0.0,52.91051789893402,46.607264495924106,29.342465490875536,-0.22010404898830416,-0.2729205006727954,0.05281645168449123
2020-07-11,202.475,202.5,202.4,202.46,4230,0.0,54.30716263852635,74.66771979518555,48.61301855391705,-0.15856508445591544,-0.25004941742941944,0.091484332973504
2020-07-12,202.46,202.51,202.24,202.33,2350,0.0,52.41462420592192,87.9353233830857,69.7367692247318,-0.1189141568654577,-0.2238223653166271,0.10490820845116941
2020-07-13,202.405,202.535,202.13,202.4,3106,0.0,53.35718999431579,89.30348258706597,83.96884192177909,-0.08090942263515899,-0.1952397767803335,0.1143303541451745
2020-07-14,202.28,202.28,202.0,202.125,4728,0.0,49.231465091616876,80.97014925373247,86.0696517412947,-0.07214891094324116,-0.17062160361291503,0.09847269266967387
2020-07-15,202.175,202.175,201.885,201.885,5744,0.0,45.89607886463727,69.90049751243843,80.05804311774563,-0.08360835151574975,-0.15321895319348197,0.06961060167773223
2020-07-16,201.82,201.99,201.48,201.61,7756,0.0,42.35516107316314,50.248756218906344,67.03980099502576,-0.11357106590708099,-0.14528937573620176,0.03171830982912077
2020-07-17,201.7,201.915,201.435,201.63,46974,0.0,42.70139236385669,37.85054130098609,52.6665983441103,-0.13415642828314844,-0.1430627862455911,0.008906357962442657
2020-07-18,201.77,201.82,200.07,200.77,16868,0.0,33.40908435552737,30.25743396318141,39.452243827691284,-0.21735970161731188,-0.15792216931993527,-0.05943753229737661
2020-07-19,201.04,201.28,200.79,200.85,9160,0.0,34.82979894533301,30.584744777530137,32.897573347232544,-0.27368865136207887,-0.181075465728364,-0.09261318563371487
2020-07-20,200.565,200.74,200.44,200.57,5286,0.0,32.2373847876739,26.720647773279648,29.18760883799707,-0.33703824274206795,-0.21226802113110482,-0.12477022161096313
2020-07-21,200.94,200.95,199.68,199.68,7808,0.0,25.69160594601739,17.27395411605944,24.85978222228975,-0.4538273728233264,-0.26057989146954913,-0.19324748135377728
2020-07-22,199.78,200.575,199.695,200.575,7626,0.0,39.086335867378786,17.17887375782101,20.391158549053372,-0.46876099470668464,-0.30221611211697624,-0.1665448825897084
2020-07-23,200.58,200.91,200.56,200.855,5542,0.0,42.5739218456036,24.125874125873878,19.526233999918116,-0.4527829378379806,-0.3323294772611771,-0.1204534605768035
2020-07-24,201.261,201.261,201.21,201.21,588,0.0,46.73767810536301,41.98927167403507,27.764673185909995,-0.40678550937576574,-0.34722068368409487,-0.059564825691670875
2020-07-25,201.1,201.35,200.85,201.295,4610,0.0,47.715200783316746,50.41384476585861,38.842996855255855,-0.359331278992272,-0.3496428027457303,-0.009688476246541733
2020-07-26,201.195,201.285,200.92,200.98,4042,0.0,44.45877943286817,51.8972562755398,48.10012423847783,-0.34318530044114937,-0.34835130228481415,0.00516600184366478
2020-07-27,200.98,201.43,200.97,201.43,4992,0.0,49.736245028593764,56.46975616327609,52.92695240155817,-0.29072693775364655,-0.33682642937858065,0.0460994916249341
2020-07-28,201.615,202.15,201.4,202.09,4108,0.0,56.29547031233886,69.81167643113235,59.39289628998275,-0.19366438080183457,-0.30819401966323146,0.11452963886139689
2020-07-29,202.03,202.03,201.99,201.99,900,0.0,55.121758620771786,85.80771529563854,70.69638263001566,-0.1233884244344381,-0.2712329006174728,0.1478444761830347
