Date,Open,High,Low,Close,Volume,OpenInterest,rsi,stoc k,stoc d,macd,signal,histogram
2020-04-01,177.69,177.69,177.69,177.69,212,0.0,,,,,,
2020-04-02,178.41,178.41,178.41,178.41,610,0.0,,,,,,
2020-04-03,178.095,178.095,178.095,178.095,102,0.0,,,,,,
2020-04-04,177.9,177.9,177.805,177.805,553,0.0,,,,,,
2020-04-05,177.82,178.17,177.56,177.99,2432,0.0,,,,,,
2020-04-06,177.77,179.71,177.77,179.71,241,0.0,,,,,,
2020-04-07,178.325,178.58,178.17,178.58,400,0.0,,,,,,
2020-04-08,178.325,178.325,177.91,177.91,404,0.0,,,,,,
2020-04-09,177.55,178.325,177.43,178.325,530,0.0,,,,,,
2020-04-10,178.92,178.92,178.47,178.575,663,0.0,,,,,,
2020-04-11,178.655,178.655,178.15,178.155,548,0.0,,,,,,
2020-04-12,178.335,178.335,178.0,178.08,804,0.0,,,,,,
2020-04-13,177.715,177.715,177.67,177.67,244,0.0,,,,,,
2020-04-14,177.74,177.89,177.38,177.89,500,0.0,,,,,,
2020-04-15,177.775,177.785,177.775,177.785,457,0.0,50.685920577617324,,,,,
2020-04-16,177.875,177.875,177.64,177.82,300,0.0,50.95288073799919,19.38483547925583,,,,
2020-04-17,178.21,178.45,178.21,178.45,500,0.0,55.61097544561305,27.396280400571985,,,,
2020-04-18,178.52,178.785,178.52,178.785,213,0.0,57.900576915037824,41.702432045779354,29.49451597520239,,,
2020-04-19,178.88,179.205,178.88,179.205,777,0.0,60.64158939261071,61.51645207439182,43.53838817358105,,,
2020-04-20,179.465,179.465,179.335,179.335,200,0.0,61.4776285670689,77.46386581721755,60.22758331246291,,,
2020-04-21,179.345,179.4,179.225,179.345,550,0.0,61.545296027720276,88.77859086121673,75.91963625094205,,,
2020-04-22,179.41,180.11,179.41,180.11,200,0.0,66.40673852866733,96.00319744204637,87.41521804016024,,,
2020-04-23,180.35,180.5,180.24,180.24,300,0.0,67.16636697788313,95.30375699440451,93.3618484325559,,,
2020-04-24,179.815,179.815,179.57,179.57,349,0.0,59.676585435537895,87.28632478632483,92.86442640759192,,,
2020-04-25,179.78,179.78,179.78,179.78,100,0.0,61.13929189060666,79.59401709401716,87.39469962491552,,,
2020-04-26,179.685,179.81,179.685,179.75,470,0.0,60.79998708740517,74.35897435897435,80.41310541310547,0.6709305452511387,,
2020-04-27,179.795,180.005,179.76,179.87,1284,0.0,61.71523812108426,77.56410256410267,77.17236467236474,0.6645414935820213,,
2020-04-28,179.85,179.85,179.42,179.5,788,0.0,57.274829052024984,73.60139860139874,75.17482517482527,0.6224470343701967,,
2020-04-29,179.575,179.87,179.475,179.61,2884,0.0,58.23688233993788,71.24125874125906,74.13558663558683,0.5911485602370874,,
2020-04-30,181.76,181.76,179.35,179.35,448,0.0,55.07988861511686,55.3429199908075,66.72852577782179,0.5391494872240798,,
2020-05-01,179.5,179.5,179.495,179.495,305,0.0,56.496273864359445,43.69546251001665,56.75988041402775,0.5038322706215865,,
2020-05-02,179.64,179.64,179.38,179.415,620,0.0,55.45729685887602,26.927219179273077,41.98853389336575,0.46403864199436384,,
2020-05-03,178.85,178.85,178.85,178.85,100,0.0,48.65223509475974,16.222993827160476,28.94855850548341,0.3825018829047053,,
2020-05-04,179.655,180.76,179.655,180.76,400,0.0,64.5076530652715,28.07070924016797,23.740307415533852,0.46662548324295017,0.5450239332697921,-0.07839845002684198
2020-05-05,180.41,180.41,179.96,179.96,588,0.0,56.62128287693648,34.59335624284095,26.29568643672314,0.46339895378437745,0.5286989373727092,-0.06529998358833178
2020-05-06,180.97,180.97,180.97,180.97,101,0.0,62.80398596191809,58.87743413516635,40.51383320605843,0.536159946900483,0.530191139278264,0.0059688076222189634
2020-05-07,180.51,180.51,180.34,180.36,501,0.0,57.47579458737982,54.29553264604863,49.25544100801866,0.5383953694626769,0.5318319853151466,0.006563384147530216
2020-05-08,180.485,181.17,180.485,181.17,881,0.0,62.07665551286438,68.15578465063031,60.44291714394845,0.5986265937554265,0.5451909070032026,0.05343568675222388
2020-05-09,182.36,182.36,182.11,182.26,400,0.0,67.21685194467406,76.25537247530376,66.23556325732758,0.7259459108650503,0.5813419077755722,0.14460400308947818
2020-05-10,182.81,183.66,182.795,183.46,1001,0.0,71.75567917898309,90.90602630121515,78.4390611423831,0.9131511204425067,0.6477037503089591,0.2654473701335476
2020-05-11,182.745,182.745,182.39,182.42,800,0.0,63.54446297495571,89.07112240445558,85.41084039365819,0.9664526251491452,0.7114535252769963,0.25499909987214886
2020-05-12,182.65,182.65,182.295,182.32,5705,0.0,62.800306414631045,80.73458073458076,86.90390981341717,0.9892221502025222,0.7670072502621016,0.22221489994042065
2020-05-13,181.195,181.195,181.195,181.195,253,0.0,54.99724946103172,65.03811503811495,78.2812727257171,0.9060447450425784,0.7948147492181971,0.11122999582438131
2020-05-14,180.8,181.305,180.8,181.16,309,0.0,54.7692467623258,56.306306306306304,67.35966735966734,0.8277599433355931,0.8014037880416763,0.026356155293916772
2020-05-15,181.46,181.46,181.46,181.46,100,0.0,56.436345106644794,50.34650034650044,57.23030723030723,0.7809241591681655,0.7973078622669741,-0.016383703098808655
2020-05-16,181.45,181.565,181.45,181.56,386,0.0,57.0052068042245,52.87595287595303,53.17625317625326,0.7433072438328168,0.7865077385801428,-0.04320049474732601
2020-05-17,181.47,181.47,181.15,181.15,374,0.0,53.89763864808817,49.31041672614726,50.84428998286691,0.6726580110905047,0.7637377930822151,-0.0910797819917104
2020-05-18,181.42,181.42,181.42,181.42,100,0.0,55.61365001761104,44.3762517919821,48.854207131360795,0.631178891294212,0.7372260127246146,-0.10604712143040262
2020-05-19,180.83,180.94,180.83,180.94,509,0.0,51.91413520150629,31.620029397205396,41.76889930511158,0.5531974852852102,0.7004203072367338,-0.14722282195152359
2020-05-20,180.89,181.04,180.27,181.03,1289,0.0,52.5514764546562,26.650209224044158,34.21549680441055,0.4929761844487075,0.6589314826791285,-0.165955298230421
2020-05-21,181.07,181.23,180.79,181.03,510,0.0,52.5514764546562,20.970015756240155,26.413418125829903,0.4401762913779521,0.6151804444188933,-0.1750041530409412
2020-05-22,180.79,180.79,180.735,180.735,201,0.0,50.030668403449575,19.518190757128764,22.379471912471022,0.3702598362213223,0.5661963227793791,-0.19593648655805684
2020-05-23,180.595,180.595,180.595,180.595,100,0.0,48.83347803297707,15.24090462143551,18.576370378268138,0.30009441025848105,0.5129759402751995,-0.2128815300167185
2020-05-24,180.15,180.15,179.39,179.39,306,0.0,39.96831972482275,7.767944936086503,14.175680104883588,0.1455762627348065,0.439496004767121,-0.29391974203231447
2020-05-25,179.195,179.195,179.075,179.19,300,0.0,38.71216277396845,4.2679346219169245,9.092261393146307,0.006901631338934067,0.3529771300814836,-0.34607549874254956
2020-05-26,179.845,179.845,179.845,179.845,100,0.0,44.827832819920005,11.38015933196676,7.805346296656722,-0.04957452296082465,0.272466799473022,-0.32204132243384664
2020-05-27,179.21,179.21,179.21,179.21,100,0.0,40.59827964216973,13.187388247629665,9.611827400504442,-0.1439125410252018,0.18919093137337725,-0.33310347239857907
2020-05-28,179.085,179.27,179.085,179.27,200,0.0,41.163162345492545,14.725568942437066,13.097705507344491,-0.21139773989582977,0.10907319711953585,-0.3204709370153656
2020-05-29,178.795,178.795,178.795,178.795,100,0.0,38.07614369273536,4.417670682731479,10.776875957599396,-0.29975340579284193,0.027307876537060294,-0.3270612823299022
2020-05-30,178.595,178.595,178.21,178.21,200,0.0,34.63146783816427,2.6104417670685756,7.2512271307457015,-0.41222860379428994,-0.060599419529209754,-0.35162918426508016
2020-05-31,178.14,178.14,177.955,177.955,310,0.0,33.22064506089643,2.2796579438969882e-14,2.3427041499333536,-0.5159943161453384,-0.1516783988524355,-0.3643159172929029
2020-06-01,178.245,178.245,177.61,177.61,300,0.0,31.35928126834031,2.2796579438969882e-14,0.870147255689535,-0.618933329341786,-0.24512938495030562,-0.3738039443914804
2020-06-02,177.28,177.35,176.99,177.35,310,0.0,29.995279149602297,2.8301886792452025,0.9433962264150774,-0.7132709228222893,-0.33875769252470234,-0.374513230297587
2020-06-03,177.15,177.15,176.935,176.935,240,0.0,27.908641346073836,2.8301886792452025,1.886792452830137,-0.8121591123261567,-0.4334379764849932,-0.37872113584116346
2020-06-04,177.0,177.14,177.0,177.14,300,0.0,30.481323342142673,4.602778389577971,3.4210519160227864,-0.8640269632214768,-0.51955577383229,-0.34447118938918675
2020-06-05,177.3,177.3,176.98,176.98,251,0.0,29.593651870780164,2.1824257759064483,3.2051309482432018,-0.9075812399831023,-0.5971608670624525,-0.3104203729206497
2020-06-06,177.08,177.135,177.08,177.135,354,0.0,31.669657101978075,4.256039047031263,3.6804144041718883,-0.9189974825742695,-0.661528190164816,-0.2574692924094535
2020-06-07,177.29,177.29,177.29,177.29,100,0.0,33.77265412929843,6.549886908290595,4.329450577076096,-0.9051042540338017,-0.7102434029386132,-0.19486085109518847
2020-06-08,177.25,177.25,177.25,177.25,100,0.0,33.48623347263161,9.74829826539733,6.851408073573055,-0.887095550715344,-0.7456138324939594,-0.14148171822138456
2020-06-09,177.2,177.2,176.895,176.895,420,0.0,30.975447048125048,7.674684994272513,7.990956722653473,-0.8911959050873008,-0.7747302470126277,-0.11646565807467313
2020-06-10,176.845,176.845,176.83,176.83,212,0.0,30.52415589408217,3.608247422680414,7.0104102274500795,-0.8894375399361536,-0.7976717055973329,-0.09176583433882068
2020-06-11,177.235,177.44,176.96,176.96,1836,0.0,32.637980814414306,2.2052586938082865,4.4960637035870645,-0.8675534927102149,-0.8116480630199094,-0.05590542969030543
2020-06-12,177.02,177.02,177.02,177.02,100,0.0,33.64149691251319,5.793549534223757,3.8690185502374788,-0.8357348973883347,-0.8164654298935946,-0.019269467494740122
2020-06-13,176.98,177.13,176.93,177.04,1200,0.0,33.9944792198221,10.740546000654398,6.24645140956214,-0.7996863124793094,-0.8131096064107377,0.01342329393142827
2020-06-14,177.04,177.08,177.04,177.07,300,0.0,34.55681629569729,14.188997554195533,10.241031029691223,-0.7599367224511013,-0.8024750296188106,0.04253830716770923
2020-06-15,177.08,177.11,177.08,177.1,400,0.0,35.151791846978455,25.354805074435163,16.761449543095026,-0.7177404713184501,-0.7855281179587386,0.06778764664028847
2020-06-16,177.08,177.12,176.99,176.99,300,0.0,33.93358629144787,29.150978006911647,22.89826021184744,-0.685276280586919,-0.7654777504843747,0.08020146989745569
2020-06-17,177.06,177.13,176.97,176.97,900,0.0,33.704874886831774,31.147540983605406,28.55110802165073,-0.6536273986111212,-0.7431076801097241,0.08948028149860288
2020-06-18,177.05,177.1,177.05,177.1,300,0.0,36.69174569642925,31.1475409836054,30.48201999137414,-0.6110121503553216,-0.7166885741588436,0.10567642380352193
2020-06-19,177.07,177.1,176.96,177.1,400,0.0,36.69174569642925,37.158469945353374,33.15118397085472,-0.5706610339115343,-0.6874830661093817,0.11682203219784737
2020-06-20,177.1,177.1,176.94,177.07,1000,0.0,36.25458107902279,42.62295081967013,36.97632058287629,-0.5349368140890647,-0.6569738157053183,0.12203700161625364
2020-06-21,177.01,177.01,177.01,177.01,100,0.0,35.34749205046437,37.704918032784576,39.16211293260268,-0.5056379317313713,-0.6267066389105289,0.12106870717915763
2020-06-22,175.69,175.69,175.69,175.69,100,0.0,22.192309336862536,22.950819672129473,34.426229508194716,-0.5822198565881536,-0.6178092824460539,0.03558942585790037
2020-06-23,174.76,175.63,174.76,175.63,400,0.0,21.795243962912494,20.656961096157648,27.104232933690554,-0.6403712808310331,-0.6223216821230498,-0.018049598707983283
2020-06-24,175.11,175.62,175.11,175.62,388,0.0,21.72547500563161,21.517412935323563,21.70839790120355,-0.6794315558836388,-0.6337436568751676,-0.045687899008471144
2020-06-25,175.36,175.505,175.36,175.505,200,0.0,20.897022837605263,31.995612654029657,24.72332889517028,-0.7114653149034211,-0.6492879884808184,-0.06217732642260276
2020-06-26,173.8,173.8,173.8,173.8,200,0.0,12.988805480158035,21.174717131641568,24.89591424033159,-0.864466518523983,-0.6923236944894513,-0.17214282403453174
2020-06-27,173.74,173.74,173.67,173.67,316,0.0,12.597354676145045,10.478199718706101,21.216176501459103,-0.9848581564771735,-0.7508305868869958,-0.23402756959017768
2020-06-28,174.06,174.135,174.06,174.135,300,0.0,21.688672611497935,4.4797687861272,12.044228545491615,-1.0308646174777607,-0.8068373930051488,-0.22402722447261192
2020-06-29,173.385,173.385,173.385,173.385,183,0.0,18.36974105122431,4.4797687861272,6.479245763653494,-1.1149908804557072,-0.8684680904952605,-0.24652278996044663
2020-06-30,173.48,173.88,173.48,173.82,354,0.0,25.491448376502518,8.35159789160118,5.770378487951853,-1.1334944667722766,-0.9214733657506639,-0.21202110102161276
2020-07-01,174.04,174.04,174.04,174.04,102,0.0,28.87128730461761,9.748904026963451,7.526756901563938,-1.117524405148231,-0.9606835736301773,-0.15684083151805361
2020-07-02,174.7,174.7,174.7,174.7,115,0.0,37.96301652968267,21.547917037281948,13.216139651948852,-1.0396273550992134,-0.9764723299239846,-0.06315502517522886
2020-07-03,174.355,174.39,174.17,174.17,323,0.0,34.18429577510996,24.719605204127358,18.672142089457576,-1.0090284998744892,-0.9829835639140856,-0.02604493596040358
2020-07-04,174.1,174.44,174.1,174.44,1134,0.0,37.59226067949998,28.54367970792531,24.937067316444864,-0.9520176759819208,-0.9767903863276527,0.02477271034573192
2020-07-05,173.64,173.64,173.64,173.64,100,0.0,32.261796442012184,20.43230227244405,24.565195728165563,-0.9603195355990408,-0.9734962161819304,0.013176680582889566
2020-07-06,173.21,173.24,173.21,173.24,301,0.0,29.973272598477052,13.802008140620545,20.925996706996624,-0.9877888611042351,-0.9763547451663914,-0.011434115937843714
2020-07-07,173.23,173.23,172.89,172.89,500,0.0,28.09528356813729,4.1008587153331275,12.778389709465898,-1.025973787228196,-0.9862785535787524,-0.039695233649443606
2020-07-08,172.78,173.19,172.77,173.19,2253,0.0,32.02658094701049,5.532053122214234,7.811639992722626,-1.020267119237218,-0.9930762667104456,-0.027190852526772336
2020-07-09,174.67,174.67,174.67,174.67,400,0.0,47.32668309320635,37.93402860002575,15.85564681252436,-0.8861064292814831,-0.9716822992246531,0.08557586994317001
2020-07-10,176.15,176.15,176.15,176.15,202,0.0,57.603714929126255,71.26736193335908,38.24448121853301,-0.6528340205779273,-0.907912643495308,0.2550786229173807
2020-07-11,176.66,176.66,176.66,176.66,202,0.0,60.4661723991443,99.48186528497406,69.56108527278629,-0.4219472727836262,-0.8107195693529716,0.3887722965693454
2020-07-12,177.2,177.2,177.2,177.2,200,0.0,63.29220884437309,100.0,90.24974240611105,-0.1931676581552324,-0.6872091871134238,0.4940415289581914
2020-07-13,176.38,176.38,176.38,176.38,274,0.0,56.6677604728897,93.82994732881868,97.77060420459757,-0.0771361349204085,-0.5651945766748208,0.48805844175441226
2020-07-14,176.42,176.42,176.02,176.02,410,0.0,53.99578387935897,84.95109104589932,92.92701279157266,-0.014067150791447602,-0.4549690914981461,0.4409019407066985
2020-07-15,175.88,176.17,175.88,176.17,622,0.0,54.94896367301696,77.20090293453734,85.32731376975177,0.04747199233850097,-0.35448087473081674,0.4019528670693177
2020-07-16,175.6,175.6,175.6,175.6,326,0.0,50.65400252251006,71.33182844243798,77.82794080762488,0.049675343880949185,-0.27364963100846357,0.32332497488941275
2020-07-17,175.53,175.57,175.53,175.57,474,0.0,50.430581112303216,67.94582392776515,72.1595184349135,0.04844235327880142,-0.20923123415101058,0.257673587429812
2020-07-18,175.59,175.59,175.335,175.335,1008,0.0,48.62144929365774,61.66290443942817,66.98018560321044,0.028177846644325655,-0.16174941799194334,0.189927264636269
2020-07-19,175.28,175.45,175.28,175.45,1256,0.0,49.57476948847188,60.53423626787056,63.38098821168796,0.021153770544430017,-0.12516878028466866,0.14632255082909867
2020-07-20,176.09,176.09,175.51,175.57,1102,0.0,50.60470635563105,60.53423626787056,60.91045899172311,0.02498215798132719,-0.0951385926314695,0.12012075061279669
2020-07-21,175.64,175.64,174.98,175.195,3798,0.0,47.34996081235429,59.48081264108338,60.18309505894152,-0.002217620043666102,-0.07655439811390882,0.07433677807024272
2020-07-22,174.19,174.19,174.19,174.19,200,0.0,39.93657754353635,39.315274642588335,53.110107850514105,-0.1036736555898301,-0.08197824960909308,-0.02169540598073702
2020-07-23,173.03,173.03,173.03,173.03,400,0.0,33.430536649749314,18.246802106847202,39.01429646350632,-0.2745161489027623,-0.12048582946782693,-0.1540303194349354
2020-07-24,172.88,172.88,172.59,172.59,1326,0.0,31.344658847253598,0.0,19.187358916478523,-0.440338431140475,-0.18445634980235656,-0.2558820813381184
2020-07-25,173.14,173.3,173.035,173.3,818,0.0,38.06054394162825,5.133767172812786,7.793523093220007,-0.5085998952168609,-0.24928505888525743,-0.25931483633160346
2020-07-26,174.28,174.28,174.28,174.28,204,0.0,45.923564240097186,19.842209296398554,8.325325489737123,-0.47810845088679343,-0.2950497372855646,-0.18305871360122883
2020-07-27,174.11,174.11,174.11,174.11,256,0.0,44.85970073574689,33.071103987434384,19.34902681888192,-0.46233186685742567,-0.32850616319993686,-0.1338257036574888
2020-07-28,174.63,174.63,174.63,174.63,202,0.0,48.76919524097429,46.93175022244282,33.28168783542527,-0.40322107461949486,-0.34344914548384853,-0.05977192913564633
2020-07-29,175.0,175.0,175.0,175.0,200,0.0,51.40910712744599,55.175689051237974,45.05951442037175,-0.32279841888185956,-0.33931900016345073,0.016520581281591173
