Date,Open,High,Low,Close,Volume,OpenInterest,rsi,stoc k,stoc d,macd,signal,histogram
2020-04-01,50.97,51.21,50.88,51.21,39293,0.0,,,,,,
2020-04-02,51.185,51.23,50.97,51.01,17889,0.0,,,,,,
2020-04-03,50.98,50.98,50.715,50.895,19681,0.0,,,,,,
2020-04-04,50.935,51.0,50.915,50.945,11229,0.0,,,,,,
2020-04-05,50.94,51.05,50.915,50.95,21193,0.0,,,,,,
2020-04-06,50.98,51.01,50.82,50.85,32150,0.0,,,,,,
2020-04-07,50.85,50.885,50.68,50.85,22914,0.0,,,,,,
2020-04-08,50.865,50.9,50.695,50.725,32850,0.0,,,,,,
2020-04-09,50.72,50.93,50.71,50.91,19377,0.0,,,,,,
2020-04-10,50.905,50.99,50.82,50.92,19419,0.0,,,,,,
2020-04-11,50.905,51.04,50.905,51.03,16111,0.0,,,,,,
2020-04-12,51.04,51.16,50.98,51.115,12263,0.0,,,,,,
2020-04-13,51.13,51.15,50.95,50.95,18022,0.0,,,,,,
2020-04-14,50.96,51.07,50.96,51.065,52400,0.0,,,,,,
2020-04-15,51.07,51.07,50.95,51.025,8813,0.0,42.91187739463589,,,,,
2020-04-16,51.01,51.01,50.79,50.79,13373,0.0,35.941742779560485,51.881313131313185,,,,
2020-04-17,50.815,50.84,50.64,50.71,13446,0.0,33.92175487015888,33.03515928515939,,,,
2020-04-18,50.71,50.71,50.5,50.535,24308,0.0,29.955674697812285,13.893745143745045,32.93673918673921,,,
2020-04-19,50.52,50.52,50.39,50.465,21715,0.0,28.51930325082742,9.501609501609533,18.810171310171324,,,
2020-04-20,50.46,50.54,50.4,50.465,34354,0.0,28.51930325082742,8.26118326118338,10.552179302179324,,,
2020-04-21,50.47,50.62,50.44,50.545,38370,0.0,32.79077796410186,13.20346320346357,10.3220853220855,,,
2020-04-22,50.55,50.65,50.48,50.57,33843,0.0,34.115745997704764,17.748917748918004,13.071188071188322,,,
2020-04-23,50.585,50.65,50.505,50.6,37317,0.0,35.75255616843121,23.593073593073793,18.18181818181846,,,
2020-04-24,50.59,50.68,50.465,50.66,61019,0.0,39.015794054991524,28.571428571428573,23.30447330447346,,,
2020-04-25,50.67,50.685,50.31,50.55,185553,0.0,35.45984275346461,30.19098548510297,27.451829216535117,,,
2020-04-26,50.53,50.711000000000006,50.39,50.49,13899,0.0,33.657881768406995,28.24293353705096,29.00178253119417,-0.17143065722454054,,
2020-04-27,50.41,50.795,50.4,50.645,26636,0.0,41.875284127471296,31.247604304879815,29.89384110901125,-0.15751342703132565,,
2020-04-28,50.605,50.79,50.56,50.745,32651,0.0,46.48108838097284,40.914786967418486,33.468441603116425,-0.13683738141520507,,
2020-04-29,50.72,50.72,50.52,50.565,11179,0.0,40.292074579419726,45.91478696741833,39.35905941323889,-0.13343777437789583,,
2020-04-30,50.61,50.655,50.52,50.615,11678,0.0,42.579233441480504,50.40419444838475,45.744589461073865,-0.12526500220476322,,
2020-05-01,50.64,50.64,50.495,50.53,15810,0.0,39.7888772878301,46.445521994053145,47.588167803285415,-0.12421493851122278,,
2020-05-02,50.57,50.64,50.41,50.43,13758,0.0,36.73852970270254,42.55008753160835,46.46660132468208,-0.12995389215861053,,
2020-05-03,50.43,50.44,50.32,50.415,46653,0.0,36.289122474106925,30.584192439862107,39.85993398850787,-0.13416584852440394,,
2020-05-04,50.395,50.435,50.33,50.385,12821,0.0,35.35755318162073,20.618556701030265,31.250945557500245,-0.1383300211924876,-0.1390165491822728,0.0006865279897851906
2020-05-05,50.38,50.43,50.335,50.335,9680,0.0,33.80018530576447,14.08934707903721,21.764032073309863,-0.14400474312683542,-0.1400141879711853,-0.003990555155650111
2020-05-06,50.38,50.425,50.31,50.425,13573,0.0,39.00781825443568,14.776632302404773,16.494845360824087,-0.1396301834671121,-0.13993738707037068,0.00030720360325858787
2020-05-07,50.435,50.46,50.345,50.35,6730,0.0,36.435571568204374,12.371134020618063,13.745704467353354,-0.1405945007312397,-0.1400688098025445,-0.0005256909286951994
2020-05-08,50.345,50.42,50.345,50.42,10353,0.0,40.38673782268701,18.213058419243556,15.120274914088801,-0.13416375783867096,-0.1388877994097698,0.004724041571098847
2020-05-09,50.43,50.45,50.35,50.38,5935,0.0,38.89876959827703,15.120274914089284,15.234822451316973,-0.13078737799020956,-0.13726771512585775,0.00648033713564819
2020-05-10,50.355,50.41,50.32,50.341,16542,0.0,37.45001066594232,14.501718213058332,15.945017182130394,-0.12976272280420176,-0.13576671666152657,0.0060039938573248075
2020-05-11,50.335,50.505,50.335,50.445,8507,0.0,43.49380581105536,16.31658075601361,15.312857961053746,-0.11918485651540323,-0.1324503446323019,0.013265488116898677
2020-05-12,50.435,50.44,50.33,50.35,16372,0.0,39.7185147099708,14.757616712764865,15.191971893945606,-0.11711747003254658,-0.12938376971235085,0.012266299679804277
2020-05-13,50.37,50.42,50.32,50.345,22514,0.0,39.524061248120546,16.008675032402056,15.694290833726846,-0.11456191116383962,-0.12641939800264862,0.011857486838808995
2020-05-14,50.36,50.42,50.335,50.385,11971,0.0,41.97164525908141,14.209432608159318,14.991908117775415,-0.1080632606409111,-0.12274817053030113,0.01468490988939003
2020-05-15,50.395,50.445,50.345,50.445,12595,0.0,45.5326086367213,24.593763724197657,18.270623788253012,-0.0969539103948378,-0.11758931850320847,0.020635408108370668
2020-05-16,50.44,50.455,50.34,50.385,11122,0.0,42.710055850787796,34.03263403263276,24.27861012166325,-0.0919314404254763,-0.11245774288766205,0.020526302462185758
2020-05-17,50.39,50.42,50.335,50.36,14078,0.0,41.55418904186471,35.00388500388362,31.210094253571345,-0.08894310708281239,-0.10775481572669213,0.018811708643879738
2020-05-18,50.335,50.45,50.335,50.375,18711,0.0,42.55866173980088,32.47863247863083,33.838383838382406,-0.08439164241737984,-0.10308218106482968,0.018690538647449836
2020-05-19,50.39,50.39,50.2,50.2,29164,0.0,35.0008679967419,19.658119658118753,29.046879046877734,-0.09382406591407033,-0.10123055803467781,0.007406492120607483
2020-05-20,50.2,50.31,50.15,50.245,39289,0.0,38.047533816318044,20.03129890453773,24.056017013762443,-0.09655517758908871,-0.10029548194556001,0.0037403043564712968
2020-05-21,50.25,50.27,50.07,50.18,69410,0.0,35.46191236823823,17.349306567373294,19.012908376676595,-0.1027797787294702,-0.10079234130234206,-0.001987437427128133
2020-05-22,50.15,50.26,50.08,50.09,1000,0.0,32.19907340189418,18.881873617181956,18.75415969636433,-0.11366481063456035,-0.10336683516878573,-0.010297975465774628
2020-05-23,50.11,50.12,50.11,50.12,200,0.0,34.366877258295574,13.793103448275767,16.674761210943675,-0.11850448166408256,-0.1063943644678451,-0.01211011719623746
2020-05-24,50.13,50.22,50.13,50.22,400,0.0,41.12433878320517,16.858237547892543,16.511071537783426,-0.11296856031496816,-0.10770920363726971,-0.005259356677698446
2020-05-25,50.22,50.22,50.18,50.22,800,0.0,41.12433878320517,28.312683485096812,19.65467482708838,-0.10734390899797575,-0.10763614470941092,0.00029223571143517646
2020-05-26,50.22,50.22,50.22,50.22,600,0.0,41.12433878320517,37.46827884758891,27.546399960192762,-0.10171383849037596,-0.10645168346560394,0.004737844975227973
2020-05-27,50.22,50.22,50.16,50.21,800,0.0,40.60222590313226,38.095238095238095,34.625400142641276,-0.09694140332357648,-0.10454962743719845,0.00760822411362197
2020-05-28,50.18,50.18,50.18,50.18,200,0.0,39.0024352983248,34.63203463203469,36.7318505249539,-0.09449073299832378,-0.10253784854942352,0.008047115551099743
2020-05-29,50.21,50.21,50.155,50.21,600,0.0,41.48535435346059,33.76623376623399,35.49783549783559,-0.0891007122819758,-0.099850421295934,0.010749709013958192
2020-05-30,50.17,50.17,50.17,50.17,200,0.0,39.194494343999054,30.416951469583225,32.93840662261729,-0.08705325203660408,-0.09729098744406801,0.010237735407463935
2020-05-31,49.9,50.11,49.75,49.8,19851,0.0,25.285376477523897,23.27409432672594,29.152426520847712,-0.11397272618012977,-0.10062733519128036,-0.013345390988849404
2020-06-01,49.83,50.18,49.78,50.16,13746,0.0,45.53705766018076,32.50704887218017,28.73269822282977,-0.10504669907115272,-0.10151120796725484,-0.003535491103897878
2020-06-02,50.17,50.48,50.14,50.47,15901,0.0,56.47706312861864,56.611831376385915,37.464324858430665,-0.07212691487954714,-0.0956343493497133,0.02350743447016615
2020-06-03,50.54,50.815,50.5,50.805,25352,0.0,64.72355211638971,87.25122328338365,58.79003451064991,-0.01878945530060605,-0.08026537053989186,0.061475915239285805
2020-06-04,50.8,50.94,50.79,50.93,16358,0.0,67.219397678496,98.95027790523265,80.9377775216674,0.03318478744985498,-0.0575753389419425,0.09076012639179748
2020-06-05,50.93,50.965,50.87,50.9,16743,0.0,66.01226933130819,97.62363416357094,94.60837845072909,0.07113401140021125,-0.03183346887351175,0.102967480273723
2020-06-06,50.9,51.07,50.87,51.05,17578,0.0,69.0090087914903,97.43157270390368,98.0018282575691,0.11202147732827683,-0.003062479633154036,0.11508395696143087
2020-06-07,51.05,51.07,50.785,50.8,7457,0.0,59.580099164900005,90.89350293053967,95.3162365993381,0.12283619875535123,0.02211725604454702,0.10071894271080421
2020-06-08,50.84,50.93,50.83,50.9,10282,0.0,61.82686683381055,88.38383838383817,92.23630467276051,0.13788663635484966,0.04527113210660755,0.09261550424824211
2020-06-09,50.9,50.97,50.885,50.91,12560,0.0,62.05401718422191,84.84848484848462,88.04194205428747,0.14890465286323717,0.06599783625793347,0.0829068166053037
2020-06-10,50.93,50.99,50.91,50.91,10291,0.0,62.054017184221905,87.62626262626237,86.95286195286171,0.15584008285854622,0.08396628557805602,0.0718737972804902
2020-06-11,50.9,51.15,50.9,51.15,9134,0.0,67.44591555634793,91.9191919191917,88.13131313131288,0.17864316809294678,0.10290166208103417,0.07574150601191261
2020-06-12,51.15,51.23,51.11,51.12,19889,0.0,66.18002112321217,93.48211848211838,91.00919100919081,0.19207985119006565,0.12073729990284048,0.07134255128722518
2020-06-13,51.11,51.19,51.1,51.14,10649,0.0,66.62969272931845,95.49549549549558,93.63226863226855,0.20201366442923785,0.13699257280811994,0.06502109162111791
2020-06-14,51.15,51.16,51.02,51.09,14138,0.0,64.32697884014385,92.27710469089801,93.75157288950398,0.2035058125291016,0.15029522075231627,0.05321059177678533
2020-06-15,51.095,51.13,51.03,51.045,10249,0.0,62.242087095202415,89.09708981363555,92.28989666667637,0.1987659762822318,0.1599893718582994,0.03877660442393241
2020-06-16,51.06,51.115,51.02,51.06,8782,0.0,62.67633533063975,83.36155976303714,88.24525142252355,0.19398387123089122,0.16678827173281777,0.02719559949807346
2020-06-17,51.05,51.1,51.0,51.0,6704,0.0,59.71778833797497,69.35148614815928,80.60337857494397,0.18324024053561772,0.17007866549337777,0.013161575042239942
2020-06-18,50.98,51.07,50.92,51.02,27229,0.0,60.38899182069112,59.27864142424801,70.66389577848146,0.17433009978535807,0.17092895235177383,0.003401147433584245
2020-06-19,51.025,51.205,51.0,51.17,18197,0.0,65.08757439985936,62.546816479401826,63.72564801726969,0.17732836444216105,0.1722088347698513,0.005119529672309747
2020-06-20,51.18,51.34,51.15,51.295,21646,0.0,68.44651090634775,77.07257819617446,66.29934536660808,0.1876281061027072,0.17529268903642248,0.012335417066284715
2020-06-21,51.29,51.31,51.225,51.27,44221,0.0,67.05694166407335,88.2277518761329,75.94904885056972,0.19156519024014074,0.17854718927716615,0.01301800096297459
2020-06-22,51.265,51.36,51.21,51.3,35958,0.0,67.89913451224633,88.5116075828148,84.60397921837405,0.19485988362143303,0.18180972814601953,0.013050155475413494
2020-06-23,51.31,51.495,51.3,51.475,44145,0.0,72.34117786370837,90.09386210624608,88.94440718839792,0.20918068460539274,0.1872839194378942,0.021896765167498555
2020-06-24,51.49,51.56,51.46,51.501000000000005,39651,0.0,72.94029142280513,91.68922752514102,90.09823240473395,0.2200909339847854,0.19384532234727242,0.02624561163751299
2020-06-25,51.49,51.51,51.29,51.34,93434,0.0,63.73401599821998,84.44142050759739,88.74150337966148,0.2132873865300624,0.19773373518383044,0.015553651346231961
2020-06-26,50.56,50.73,50.545,50.63,11871,0.0,39.848122577496014,55.019996765686635,77.05021493280833,0.1488881697318618,0.18796462209343673,-0.03907645236157492
2020-06-27,50.63,50.77,50.45,50.73,32961,0.0,43.08356890597466,33.07486982055937,57.51209569794778,0.10471341959387104,0.1713143815935236,-0.06660096199965257
2020-06-28,50.71,50.72,50.66,50.69,11768,0.0,42.10792018657448,18.40707702776636,35.50064787133743,0.06571937410578244,0.15019538009597536,-0.08447600599019292
2020-06-29,50.705,50.795,50.68,50.68,16346,0.0,41.85274966870589,22.52252252252208,24.668156456949248,0.03362182423213511,0.12688066892320732,-0.0932588446910722
2020-06-30,50.67,50.76,50.65,50.74,19432,0.0,44.0437927053149,22.822822822822534,21.250807457703633,0.012877341291449795,0.10408000339685582,-0.09120266210540602
2020-07-01,50.695,50.76,50.63,50.63,10930,0.0,40.99401425481755,21.021021021020875,22.122122122121805,-0.012297137836341676,0.08080457515021633,-0.093101712986558
2020-07-02,50.64,50.65,50.53,50.555,29608,0.0,39.010573737355585,17.26726726726712,20.37037037037015,-0.03786350025456642,0.05707096006925979,-0.09493446032382621
2020-07-03,50.555,50.605,50.485,50.485,24520,0.0,37.201403169526266,9.609609609609382,15.965965965965765,-0.06304667878445969,0.033047432298515894,-0.09609411108297558
2020-07-04,50.49,50.59,50.46,50.58,13998,0.0,41.187751185904645,8.108108108107752,11.66166166166139,-0.07448026106532524,0.01154189362574767,-0.08602215469107291
2020-07-05,50.61,50.64,50.5,50.515,23582,0.0,39.34733911178062,6.906906906906575,8.208208208207875,-0.0877746031820692,-0.008321405735815704,-0.0794531974462535
2020-07-06,50.515,50.61,50.51,50.59,10854,0.0,42.537858517908106,10.06006006005985,8.35835835835803,-0.09120721192672931,-0.024898566973998427,-0.0663086449527309
2020-07-07,50.61,50.63,50.59,50.6,7040,0.0,42.96863178366219,10.660660660660545,9.209209209208963,-0.09205945852808384,-0.03833074528481552,-0.05372871324326832
2020-07-08,50.59,50.695,50.59,50.67,93150,0.0,46.01925474693038,15.626947702419349,12.115889474379886,-0.086094016879251,-0.047883399603702616,-0.038210617275548385
2020-07-09,50.66,50.79,50.65,50.74,25656,0.0,48.95944104604375,39.44206716971272,21.909891844264177,-0.07485506382812446,-0.05327773244858698,-0.021577331379537476
2020-07-10,50.75,50.76,50.68,50.69,18802,0.0,46.99063064656329,58.12596846230928,37.73166111148043,-0.06918517110911893,-0.056459220180693374,-0.012725950928425551
2020-07-11,50.69,50.73,50.68,50.69,15394,0.0,46.99063064656328,74.09330160790171,57.22044574664121,-0.0639545124704739,-0.05795827863864948,-0.0059962338318244185
2020-07-12,50.705,50.73,50.58,50.58,28850,0.0,42.617910857477455,58.01427644386652,63.411182171359144,-0.06790252051744972,-0.05994712701440953,-0.007955393503040184
2020-07-13,50.585,50.61,50.52,50.61,19866,0.0,44.14449111029163,49.97738579828058,60.69498795001624,-0.06782870892443782,-0.06152344339641519,-0.00630526552802263
2020-07-14,50.61,50.62,50.41,50.41,44286,0.0,37.06501816998062,27.09181365897747,45.02782530037482,-0.08295231854329899,-0.06580921842579196,-0.017143100117507026
2020-07-15,50.41,50.45,50.34,50.41,90484,0.0,37.06501816998062,20.336700336699796,32.46863326465259,-0.09385597487097641,-0.07141856971482885,-0.02243740515614756
2020-07-16,50.425,50.46,50.21,50.26,194112,0.0,32.52761598682339,8.058748403575358,18.495754133084176,-0.11329495376164544,-0.07979384652419218,-0.03350110723745327
2020-07-17,50.28,50.28,50.28,50.28,1700,0.0,33.69314979716572,12.081736909322514,13.492395216532524,-0.12563837079836304,-0.08896275137902636,-0.03667561941933668
2020-07-18,50.28,50.495,50.055,50.21,43484,0.0,31.633475906855395,13.926030182187729,11.355505165028504,-0.13946140841063226,-0.09906248278534754,-0.040398925625284715
2020-07-19,50.175,50.215,50.01,50.035,42374,0.0,27.162951227633044,12.120843032173084,12.709536707894413,-0.16266223379447808,-0.11178243298717366,-0.05087980080730442
2020-07-20,50.035,50.115,49.88,50.115,39486,0.0,31.90089199168108,16.705913134484547,14.250928782948423,-0.17260405158758374,-0.12394675670725569,-0.04865729488032805
2020-07-21,50.115,50.33,50.115,50.215,64132,0.0,37.38388974500273,21.947496947496955,16.924751038051497,-0.17044901935611279,-0.13324720923702713,-0.03720181011908566
2020-07-22,50.2,50.31,50.175,50.295,31486,0.0,41.445616709923854,36.08058608058617,24.91133205418919,-0.16043639844135527,-0.13868504707789275,-0.021751351363462512
2020-07-23,50.29,50.31,50.235,50.265,48014,0.0,40.38760923181996,42.055860805860895,33.36131461131464,-0.15315657979371622,-0.14157935362105745,-0.011577226172658772
2020-07-24,50.275,50.37,50.265,50.33,49096,0.0,43.73877637815961,47.43185735832791,41.85610141492496,-0.14052245886131232,-0.14136797466910841,0.0008455158077960989
2020-07-25,50.33,50.47,50.315,50.465,41850,0.0,50.02278402665667,55.17156862745111,48.21976226387994,-0.11825330475345197,-0.13674504068597715,0.018491735932525177
2020-07-26,50.465,50.465,50.355,50.355,37574,0.0,45.557669232094405,61.98463169051407,54.862685892097666,-0.10823327455779008,-0.13104268746033973,0.022809412902549647
2020-07-27,50.35,50.44,50.35,50.44,35888,0.0,49.322059574079866,69.56279809220989,62.23966613672499,-0.09236876913888636,-0.12330790379604906,0.030939134657162692
2020-07-28,50.45,50.49,50.38,50.4,35752,0.0,47.6522494262597,74.80590346443991,68.78444441572127,-0.08207756097149144,-0.11506183523113754,0.032984274259646104
2020-07-29,50.395,50.465,50.365,50.465,24948,0.0,50.58020753332433,85.11682414121465,76.49517523262145,-0.0678941065842551,-0.10562828950176106,0.037734182917505965
