Date,Open,High,Low,Close,Volume,OpenInterest,rsi,stoc k,stoc d,macd,signal,histogram
2020-04-01,249.7,250.67,249.7,250.4,1726,0.0,,,,,,
2020-04-02,250.45,251.19,250.17,250.26,5568,0.0,,,,,,
2020-04-03,254.72,254.72,254.72,254.72,100,0.0,,,,,,
2020-04-04,250.01,251.25,250.01,251.17,505,0.0,,,,,,
2020-04-05,252.105,252.98,251.86,252.6,2142,0.0,,,,,,
2020-04-06,252.5,253.51,252.5,253.005,1514,0.0,,,,,,
2020-04-07,253.03,253.34,252.32,253.315,1065,0.0,,,,,,
2020-04-08,253.915,254.595,253.915,254.51,2789,0.0,,,,,,
2020-04-09,254.46,254.93,254.01,254.01,1375,0.0,,,,,,
2020-04-10,254.42,254.42,253.53,254.4,2271,0.0,,,,,,
2020-04-11,254.465,254.91,254.38,254.38,2999,0.0,,,,,,
2020-04-12,253.995,254.575,253.865,254.51,1511,0.0,,,,,,
2020-04-13,254.5,254.5,253.24,253.24,1951,0.0,,,,,,
2020-04-14,253.03,253.14,252.21,252.365,2219,0.0,,,,,,
2020-04-15,252.43,252.54,251.25,251.48,3713,0.0,53.4704370179948,,,,,
2020-04-16,251.695,251.695,250.18,250.63,2185,0.0,50.49957979269771,31.14523258043293,,,,
2020-04-17,250.81,251.085,249.98,250.755,2101,0.0,50.93134532404833,19.378746817771205,,,,
2020-04-18,250.965,251.14,250.43,250.855,1414,0.0,51.2973330303468,15.31165311653118,21.945210838245103,,,
2020-04-19,251.035,251.035,250.12,250.19,812,0.0,48.69619327052895,12.525252525252574,15.738550819851648,,,
2020-04-20,250.075,250.165,249.24,249.24,1190,0.0,45.17226235179704,7.306397306397334,11.714434316060357,,,
2020-04-21,249.36,249.36,248.575,248.575,1890,0.0,42.83547759733435,1.4141414141414625,7.081930415263784,,,
2020-04-22,248.75,248.75,247.25,247.72,3916,0.0,39.97238075983938,2.0399305555555487,3.586823092031443,,,
2020-04-23,247.625,248.93,247.27,248.93,3134,0.0,45.521934255749976,9.35063551639109,4.268235828696029,,,
2020-04-24,248.74,249.475,248.725,248.935,2172,0.0,45.54433793173498,16.68309852770529,9.357888199883972,,,
2020-04-25,248.995,249.9,248.85,249.775,3475,0.0,49.31543161256947,26.13349789251384,17.3890773122034,,,
2020-04-26,249.735,249.885,248.88,249.13,2951,0.0,46.64434256341974,27.466471092597818,23.427689170938976,-1.672424888195195,,
2020-04-27,249.07,249.74,248.93,249.37,4276,0.0,47.77777876337114,32.13174435745798,28.577237780856546,-1.5853500971557253,,
2020-04-28,249.14,249.395,248.39,248.96,4286,0.0,45.98077021231234,31.416461696073156,30.338225715376314,-1.5317689919577901,,
2020-04-29,248.985,249.15,247.96,248.685,6256,0.0,44.764605301994386,33.53393839079671,32.36071481477595,-1.4942707586322683,,
2020-04-30,244.13,244.425,241.63,242.105,1259,0.0,26.62112705724823,23.201116240104284,29.383838775658052,-1.972763359204805,,
2020-05-01,241.975,243.49,241.975,243.485,945,0.0,32.77507724699154,18.92799677642827,25.221017135776425,-2.2150836205171345,,
2020-05-02,243.37,243.87,243.11,243.11,976,0.0,31.98996179319974,13.412278745169452,18.513797253900673,-2.4096070888328427,,
2020-05-03,243.07,244.43,243.07,243.92,5387,0.0,35.57960762985719,20.690930329509793,17.677068617035843,-2.469936221116285,,
2020-05-04,243.68,243.78,242.29,242.29,2086,0.0,31.92759660574393,16.849220188378222,16.984143087685826,-2.6190837040036854,-1.9966987477350813,-0.6223849562686041
2020-05-05,242.615,244.8,242.615,244.8,1884,0.0,41.82922407330717,24.3808893696369,20.640346629174978,-2.5058621170464903,-2.098531421597363,-0.40733069544912714
2020-05-06,245.04,245.175,243.92,244.225,1186,0.0,40.380176905910034,25.896815800080628,22.37564178603192,-2.4344678581250605,-2.1657187089029026,-0.26874914922215787
2020-05-07,243.755,244.995,243.57,244.995,886,0.0,43.21697733947277,36.799677549375296,29.025794239697607,-2.2893644603020107,-2.1904478591827243,-0.09891660111928635
2020-05-08,244.34,244.51,244.34,244.51,218,0.0,41.865737189173906,35.63079403466341,32.77576246137311,-2.188279297217832,-2.1900141467897463,0.0017348495719140544
2020-05-09,244.14,244.29,244.14,244.29,281,0.0,41.23591291877087,35.91226696607113,36.11424618336995,-2.101693721613799,-2.172350061754557,0.07065634014075783
2020-05-10,244.31,244.43,243.67,243.67,502,0.0,39.4353827531864,30.733897796883394,34.09231959920598,-2.059363783785983,-2.149752806160842,0.09038902237485891
2020-05-11,243.185,243.93,243.185,243.93,200,0.0,40.60657846782005,28.99903868865253,31.881734483869014,-1.981990028692536,-2.116200250667181,0.13421022197464483
2020-05-12,243.675,243.715,243.27,243.27,701,0.0,38.567708161798095,25.52757716307815,28.42017121620469,-1.9514323569960652,-2.0832466719329576,0.13181431493689244
2020-05-13,243.22,243.22,243.22,243.22,100,0.0,38.410363370178025,32.09350162555549,28.873372492428718,-1.9092412198322108,-2.0484455815128086,0.1392043616805978
2020-05-14,242.78,242.78,242.6,242.6,203,0.0,36.42589084833846,28.730554909521942,28.78387789938519,-1.9038864403467812,-2.019533753279603,0.11564731293282193
2020-05-15,242.41,242.41,242.3,242.3,294,0.0,35.470934429651166,21.576591513625015,27.466882682900813,-1.9019260126547692,-1.9960122051546363,0.09408619249986705
2020-05-16,243.72,243.79,243.72,243.79,202,0.0,43.406688079883935,23.956979347198228,24.754708590115058,-1.7598552956578715,-1.9487808232552835,0.188925527597412
2020-05-17,243.82,244.15,243.82,244.15,200,0.0,45.161455789607814,38.93703061813993,28.156867159654386,-1.5997730496272027,-1.8789792685296676,0.2792062189024649
2020-05-18,243.87,244.075,243.87,244.075,200,0.0,44.84945539468371,59.401200612864784,40.765070192734306,-1.4621043605760633,-1.7956042869389468,0.3334999263628835
2020-05-19,244.23,244.23,243.92,243.92,234,0.0,44.17029457402772,60.852786778187514,53.06367266973073,-1.3499467909710177,-1.7064727877453612,0.3565259967743435
2020-05-20,244.165,244.27,244.0,244.005,507,0.0,44.66515876607737,60.4507542147287,60.23491386859365,-1.239909415457447,-1.6131601132877784,0.3732506978303314
2020-05-21,243.935,244.4,243.935,244.4,350,0.0,47.015507603095244,71.54525221459801,64.2829310691714,-1.1080578031267692,-1.5121396512555767,0.40408184812880754
2020-05-22,243.47,243.62,243.47,243.62,300,0.0,43.12057135454984,73.4199205142512,68.47197564785928,-1.0543500407237616,-1.4205817291492138,0.3662316884254522
2020-05-23,243.28,243.595,242.8,243.26,22999,0.0,41.41522788998972,67.35495931850515,70.7733773491181,-1.0289738731348166,-1.3422601579463342,0.31328628481151766
2020-05-24,243.21,243.79,242.9,243.79,7701,0.0,44.871901841171805,59.33154482450197,66.70214155241943,-0.9550868600878175,-1.264825498374631,0.3097386382868135
2020-05-25,243.76,243.83,243.67,243.74,1900,0.0,44.60452033610597,61.53141068633975,62.73930494311562,-0.8903025978990229,-1.1899209182795094,0.2996183203804865
2020-05-26,243.78,243.84,243.68,243.68,400,0.0,44.26366493061958,68.41269841269816,63.091884641179945,-0.8341861235584815,-1.1187739593353039,0.28458783577682234
2020-05-27,243.76,243.82,243.76,243.82,300,0.0,45.31376528023349,68.88888888888867,66.27766599597551,-0.769545739120133,-1.0489283152922697,0.2793825761721367
2020-05-28,243.79,243.83,243.69,243.82,800,0.0,45.31376528023349,70.15873015872968,69.15343915343882,-0.7101318112653416,-0.9811690144868841,0.27103720322154246
2020-05-29,243.71,243.82,243.71,243.8,800,0.0,45.17275839083825,69.08730158730121,69.3783068783065,-0.6570852089714947,-0.9163522533838062,0.2592670444123115
2020-05-30,243.8,243.81,243.78,243.78,500,0.0,45.02188296132212,65.37698412698383,68.20767195767155,-0.6096317717444322,-0.8550081570559315,0.2453763853114993
2020-05-31,243.79,243.81,243.78,243.78,600,0.0,45.02188296132211,61.66666666666646,65.37698412698381,-0.565505782216178,-0.7971076820879808,0.2316018998718028
2020-06-01,243.71,243.78,243.7,243.74,400,0.0,44.67577359477922,60.4166666666664,62.4867724867722,-0.5276805108511269,-0.74322224784061,0.2155417369894831
2020-06-02,243.74,243.785,243.74,243.785,200,0.0,45.18629745262226,60.52083333333297,60.86805555555526,-0.4884421300284032,-0.6922662242781686,0.20382409424976544
2020-06-03,245.32,245.32,244.685,245.0,503,0.0,56.782352385531354,69.2046957671956,63.380731922398304,-0.3552104398677898,-0.6248550673960929,0.2696446275283031
2020-06-04,245.35,246.08,245.35,246.08,239,0.0,64.0605621196479,82.95469576719557,70.89340828924135,-0.1606248086608275,-0.5320090156490398,0.3713842069882123
2020-06-05,246.935,247.13,246.36,246.36,305,0.0,65.67454422075429,89.83955912362394,80.666316886005,0.015994985688308816,-0.4224082153815701,0.4384032010698789
2020-06-06,247.46,247.46,246.555,246.555,421,0.0,66.79299880816598,87.45686628040472,86.75037372374136,0.1697455939597603,-0.303977453513304,0.4737230474730643
2020-06-07,247.17,247.17,247.06,247.06,337,0.0,69.5592921983541,83.93883637715051,87.07842059372634,0.3285559497967654,-0.17747077285129015,0.5060267226480555
2020-06-08,247.24,247.24,246.125,246.125,696,0.0,59.65114829114783,78.09398624823552,83.16322963526353,0.37464889582525984,-0.06704683911598014,0.44169573494124
2020-06-09,245.27,245.27,245.005,245.005,305,0.0,50.39166135170014,63.00302885918372,75.01195049485653,0.3171473703965546,0.009792002786526803,0.3073553676100278
2020-06-10,244.97,245.02,244.32,244.32,702,0.0,45.717459763178844,38.75801720629286,59.951677437904,0.21383822801917063,0.05060124783305557,0.16323698018611504
2020-06-11,244.47,244.47,243.915,244.155,1240,0.0,44.64326563627801,21.23085858870887,40.99730155139512,0.11729872070901592,0.06394074240824765,0.05335797830076827
2020-06-12,244.665,245.0,244.665,245.0,302,0.0,50.99378560548705,21.12880241548625,27.039226070162623,0.10773302443229227,0.07269919881305659,0.03503382561923568
2020-06-13,244.83,245.19,244.83,245.15,334,0.0,52.04547537103956,28.413120567376073,23.59092719052369,0.11097661823902172,0.08035468269824962,0.030621935540772097
2020-06-14,245.55,245.55,245.55,245.55,100,0.0,54.82932931766019,40.78014184397185,30.10735494227802,0.14416203654073456,0.09311615346674662,0.05104588307398794
2020-06-15,245.77,245.77,245.77,245.77,105,0.0,56.330875567194354,47.44528330664246,38.87951523933008,0.18606899348318962,0.11170672147003521,0.0743622720131544
2020-06-16,245.95,245.95,245.67,245.67,243,0.0,55.42892929744095,51.09278903341757,46.43940472801058,0.20880442705939117,0.1311262625879064,0.07767816447148476
2020-06-17,246.4,246.4,246.4,246.4,100,0.0,60.41208378173524,58.058323349055314,52.1987985630384,0.2824711692964854,0.16139524392962223,0.12107592536686318
2020-06-18,246.77,246.77,246.655,246.655,205,0.0,62.00988905319456,65.6323460272683,58.26115280324702,0.3573101135643242,0.20057821785656263,0.15673189570776155
2020-06-19,246.625,246.625,246.58,246.58,206,0.0,61.22716065020825,74.18899858956281,65.9598893219621,0.4058897979500955,0.24164053387526924,0.16424926407482626
2020-06-20,246.26,246.26,246.0,246.0,309,0.0,55.40298193475007,71.72501069316452,70.5154517699985,0.3930574732044363,0.2719239217411027,0.1211335514633336
2020-06-21,246.705,246.74,246.705,246.74,200,0.0,60.55808104042503,74.28182586225797,73.39861171499507,0.43755570910792585,0.30505027921446737,0.13250542989345848
2020-06-22,246.765,247.315,246.765,247.22,409,0.0,63.50494081900425,81.62501842842401,75.87728499461548,0.5057232077889466,0.34518486492936323,0.1605383428595834
2020-06-23,247.365,247.48,247.365,247.37,300,0.0,64.40006913255903,93.02757812359478,82.9781408047589,0.5653333767522497,0.38921456729394055,0.17611880945830916
2020-06-24,247.285,247.415,247.22,247.415,316,0.0,64.6799533623319,97.43234881610447,90.69498178937441,0.6091836985696375,0.43320839354908,0.17597530502055753
2020-06-25,247.42,247.7,247.42,247.7,400,0.0,66.4775099623402,98.36372136512405,96.27454943494108,0.6593321421750602,0.478433143274276,0.1808989989007842
2020-06-26,248.26,248.26,248.05,248.06,510,0.0,68.64805180608785,97.44860476749318,97.74822498290722,0.719826425430881,0.526711799705597,0.19311462572528404
2020-06-27,248.0,248.045,247.91,248.045,469,0.0,68.44917983298582,95.41183895803977,97.07472169688565,0.7578225000565908,0.5729339397757958,0.18488856028079503
2020-06-28,248.11,248.11,247.32,247.47,4313,0.0,61.1375429367941,85.24452879072972,92.70165750542087,0.7330864046772376,0.6049644327560841,0.1281219719211535
2020-06-29,248.205,248.205,247.43,247.505,1920,0.0,61.40777141068565,77.4713036705658,86.04255713977841,0.7081440347398029,0.6256003531528279,0.082543681586975
2020-06-30,247.835,247.835,247.37,247.58,1062,0.0,62.01725926401884,70.08633159075684,77.60072135068411,0.6865151804043421,0.6377833186031309,0.04873186180121125
2020-07-01,247.82,248.53,247.82,248.53,1544,0.0,68.74962185938004,80.25364175806689,75.9370923397965,0.7375294377722525,0.6577325424369552,0.07979689533529732
2020-07-02,248.33,248.42,247.92,247.92,2372,0.0,61.24324589536531,81.93361082934007,77.42452805938791,0.7204320104932833,0.6702724360482208,0.05015957444506247
2020-07-03,247.08,247.08,247.08,247.08,202,0.0,52.70876731193307,72.85902503293806,78.34875920678165,0.631817991850312,0.662581547208639,-0.030763555358327088
2020-07-04,247.17,247.17,247.08,247.08,400,0.0,52.70876731193307,46.375006768097926,67.05588087679199,0.5551908491317477,0.6411034075932608,-0.08591255846151313
2020-07-05,247.15,247.15,247.15,247.15,200,0.0,53.337227045108726,28.34957446750907,49.194535422848325,0.49441242279516473,0.6117652106336415,-0.1173527878384768
2020-07-06,247.84,247.98,247.84,247.98,400,0.0,60.10678879707007,34.80998062806463,36.511520621223845,0.5073704942090274,0.5908862673487187,-0.08351577313969138
2020-07-07,248.11,248.11,248.11,248.11,250,0.0,61.059671760270994,51.63882647911188,38.26612719156183,0.5221111997987009,0.5771312538387152,-0.05502005404001431
2020-07-08,247.875,248.11,247.875,248.11,600,0.0,61.059671760270994,68.04597701149432,51.49826137289025,0.5277102004766334,0.5672470431662988,-0.0395368426896654
2020-07-09,248.32,248.59,248.32,248.375,1038,0.0,63.141069977504905,75.94351830707195,65.20944059922601,0.5472226916006377,0.5632421728531666,-0.016019481252528833
2020-07-10,248.43,248.465,248.14,248.14,802,0.0,60.074503175631556,75.66491588642732,73.21813706833116,0.5375276610955098,0.5580992705016352,-0.020571609406125457
2020-07-11,248.1,248.105,247.66,247.66,1000,0.0,54.27611476966652,64.79028697571664,72.13290705640527,0.4855155698325575,0.5435825303678197,-0.05806696053526217
2020-07-12,247.5,247.5,247.5,247.5,206,0.0,52.45852196753249,45.4746136865333,61.97660551622573,0.4264688821498339,0.5201598007242225,-0.0936909185743886
2020-07-13,247.36,247.36,246.58,246.58,1102,0.0,43.44868372164357,22.075055187637492,44.11331861662912,0.3019568746246364,0.4765192155043053,-0.17456234087966893
2020-07-14,246.67,246.67,245.975,245.98,2940,0.0,38.77171887556903,9.33525804177773,25.62830897198282,0.15310038012910354,0.411835448429265,-0.25873506830016146
2020-07-15,245.89,245.89,245.43,245.43,1022,0.0,35.04745774148891,0.0637348629700026,10.491349364128387,-0.00914445607256198,0.3276394675288996,-0.3367839236014616
2020-07-16,245.19,245.8,245.19,245.37,2866,0.0,34.656363604446625,1.8284407453230076,3.742477883356892,-0.14094147069127416,0.23392327988486486,-0.374864750576139
2020-07-17,245.545,245.545,245.09,245.225,2270,0.0,33.67827968421783,3.05042016806722,1.6475319254533887,-0.254162020940214,0.1363062197198491,-0.39046824066006314
2020-07-18,245.01,245.35,244.77,244.85,4058,0.0,31.223970856565927,3.7485004472991945,2.875787120229786,-0.3698856768795338,0.03506784039997253,-0.4049535172795063
2020-07-19,249.07,249.07,248.08,248.08,1804,0.0,58.96374680273304,27.64270929362848,11.480543302998278,-0.19867331983053305,-0.01168039164612859,-0.18699292818440447
2020-07-20,248.115,248.115,248.115,248.115,200,0.0,59.15598711406218,52.2872275660539,27.892812435660503,-0.05947647804194389,-0.02123960892529165,-0.03823686911665224
2020-07-21,247.24,249.82,247.24,249.46,1430,0.0,65.78862405084502,82.54624299639296,54.15872661869176,0.15755211855076823,0.014518736569920327,0.1430333819808479
2020-07-22,250.07,250.09,250.07,250.09,770,0.0,68.37885429745924,90.22066160104401,75.01804405449694,0.3760497128208158,0.08682493182009943,0.28922478100071636
2020-07-23,250.475,251.055,250.47,251.055,820,0.0,71.8896497927079,97.62376237623772,90.1302223245582,0.6199318768464082,0.19344632082536117,0.426485556021047
2020-07-24,250.175,250.175,250.175,250.175,200,0.0,64.82177434014147,95.3328029700345,94.39240898243872,0.7337434654494075,0.3015057497501704,0.4322377156992371
2020-07-25,250.62,250.89,250.55,250.69,1190,0.0,66.87433662416947,93.3969769291965,95.45118075848956,0.8556329611873821,0.41233119203761276,0.4433017691497693
2020-07-26,250.53,250.6,249.96,249.96,1208,0.0,61.40509470338169,87.58949880668257,92.10642623530451,0.8831460081480316,0.5064941552596965,0.376651852888335
2020-07-27,250.12,250.12,250.12,250.12,516,0.0,62.13602449489301,87.2977989923097,89.42809157606291,0.9074010049616845,0.5866755252000941,0.3207254797615904
2020-07-28,249.97,249.97,249.54,249.54,400,0.0,57.85838037580942,81.19862105542289,85.36197295147171,0.8697956491323282,0.643299549986541,0.22649609914578717
2020-07-29,249.19,249.19,249.19,249.19,210,0.0,55.380705018718345,77.114823654203,81.87041456731185,0.802500334461115,0.675139706881456,0.12736062757965905
