Date,Open,High,Low,Close,Volume,OpenInterest,rsi,stoc k,stoc d,macd,signal,histogram
2020-04-01,103.905,103.92,103.805,103.81,715,0.0,,,,,,
2020-04-02,103.8,104.0,103.8,103.89,907,0.0,,,,,,
2020-04-03,103.875,103.875,103.875,103.875,101,0.0,,,,,,
2020-04-04,104.48,104.48,104.48,104.48,111,0.0,,,,,,
2020-04-05,104.385,104.43,104.25,104.43,364,0.0,,,,,,
2020-04-06,104.4,104.44,104.36,104.36,644,0.0,,,,,,
2020-04-07,104.295,104.67,104.295,104.67,200,0.0,,,,,,
2020-04-08,104.33,104.33,104.29,104.32,304,0.0,,,,,,
2020-04-09,104.22,104.22,104.2,104.2,399,0.0,,,,,,
2020-04-10,104.09,104.09,104.0,104.0,444,0.0,,,,,,
2020-04-11,103.77,103.77,103.74,103.765,300,0.0,,,,,,
2020-04-12,103.81,103.81,103.69,103.745,443,0.0,,,,,,
2020-04-13,103.79,103.79,103.53,103.59,632,0.0,,,,,,
2020-04-14,103.26,103.34,103.26,103.34,303,0.0,,,,,,
2020-04-15,103.24,103.305,103.24,103.24,495,0.0,38.86718749999993,,,,,
2020-04-16,103.305,103.52,103.305,103.48,601,0.0,44.473253275109265,7.485658549488487,,,,
2020-04-17,103.48,103.6,103.46,103.6,749,0.0,47.08606754161318,13.98601398601412,,,,
2020-04-18,103.59,103.59,103.425,103.47,938,0.0,44.635677438931836,19.347319347319548,13.606330627607385,,,
2020-04-19,103.245,103.515,103.18,103.515,802,0.0,45.68929284149195,21.247320911750347,18.193551415028004,,,
2020-04-20,103.48,103.58,103.3,103.58,3130,0.0,47.250833331907685,21.804258381439386,20.79963288016976,,,
2020-04-21,103.54,103.54,103.54,103.54,100,0.0,46.36732399708994,26.87773562882967,23.309771640673137,,,
2020-04-22,103.845,103.845,103.73,103.73,305,0.0,51.049395310347975,37.01153359819827,28.564509202822446,,,
2020-04-23,104.225,104.225,104.225,104.225,200,0.0,60.68008534850052,61.39632107023422,41.76186343242073,,,
2020-04-24,103.96,103.96,103.82,103.835,623,0.0,51.99960975733773,71.85468040731188,56.75417835858146,,,
2020-04-25,103.76,103.845,103.545,103.545,1326,0.0,46.65502644381347,65.86921850079726,66.3734066594478,,,
2020-04-26,103.56,103.675,103.54,103.675,1001,0.0,49.17679847708751,48.32535885167433,62.01641925326117,-0.12523113086795945,,
2020-04-27,103.62,103.625,103.205,103.205,1100,0.0,41.53247106334618,28.229665071769926,47.474747474747176,-0.1568348446813843,,
2020-04-28,103.285,103.285,103.14,103.195,1150,0.0,41.38506697941222,18.276629991400185,31.610551304948146,-0.18060601824255684,,
2020-04-29,103.185,103.315,103.14,103.23,2820,0.0,42.158836279481605,5.252133265715244,17.252809442961784,-0.19437994603842412,,
2020-04-30,103.35,103.645,103.31,103.51,8352,0.0,48.06539743011787,15.821812596006247,13.116858617707223,-0.18062014649343894,,
2020-05-01,103.56,103.58,103.56,103.58,300,0.0,49.45503103771918,27.64976958525379,16.24123848232509,-0.16219728193262029,,
2020-05-02,103.355,103.42,103.3,103.42,403,0.0,46.39899351561076,33.48694316436282,25.652841781874283,-0.15867854437718165,,
2020-05-03,103.215,103.295,103.215,103.23,401,0.0,43.00083673850598,24.884792626728323,28.673835125448306,-0.16927009137076254,,
2020-05-04,103.25,103.25,103.095,103.095,210,0.0,40.71893911053459,11.367127496159958,23.246287762417026,-0.18640853882875774,-0.16824739364812066,-0.01816114518063708
2020-05-05,103.22,103.22,103.22,103.22,100,0.0,43.698160404835214,6.452292592743767,14.234737571877345,-0.1877402735741498,-0.1721459696333265,-0.015594303940823284
2020-05-06,102.89,102.96,102.89,102.96,200,0.0,39.27666279280305,5.435130865179436,7.7515169846943826,-0.20738490594077064,-0.17919375689481534,-0.028191149045955294
2020-05-07,102.785,102.785,102.785,102.785,100,0.0,36.592852066397924,5.435130865179436,5.774184774367541,-0.23437275288397075,-0.19022955609264644,-0.04414319679132431
2020-05-08,102.84,102.84,102.84,102.84,100,0.0,38.0261455816784,3.477374979389016,4.782545569915957,-0.2484586984618602,-0.2018753845664892,-0.04658331389537099
2020-05-09,102.805,102.805,102.805,102.805,110,0.0,37.44605866747892,2.478623418840247,3.7970430878028942,-0.25945528034240795,-0.21339136372167297,-0.046063916620734974
2020-05-10,102.81,102.81,102.69,102.69,220,0.0,35.52827605792747,2.478623418840247,2.8115406056898316,-0.2742878697890774,-0.22557066493515388,-0.0487172048539235
2020-05-11,102.68,102.68,102.49,102.49,454,0.0,32.418670513763956,0.7490636704123634,1.9021035026976143,-0.29873747269130035,-0.24020402648638317,-0.05853344620491718
2020-05-12,102.46,102.71,102.46,102.71,426,0.0,38.76745845974484,7.032348804500686,3.4200119645844276,-0.2969388712877361,-0.25155099544665377,-0.04538787584108234
2020-05-13,102.73,103.06,102.73,102.86,2233,0.0,42.718671392694034,18.28410689170195,8.68850645553833,-0.28017997991697996,-0.25727679234071904,-0.02290318757626092
2020-05-14,102.76,102.83,102.68,102.8,1000,0.0,41.56334856908703,28.40315451074963,17.90653673565075,-0.2686431849123494,-0.2595500708550451,-0.009093114057304286
2020-05-15,102.68,102.77,102.67,102.76,600,0.0,40.7716902920794,31.787472372915914,26.15824459178916,-0.25973380780146726,-0.25958681824432955,-0.0001469895571377111
2020-05-16,102.77,102.8,102.68,102.73,800,0.0,40.1539562772895,31.314157399487414,30.50159476105098,-0.25218675954874925,-0.2581068065052135,0.005920046956464253
2020-05-17,102.81,102.83,102.67,102.67,1200,0.0,38.88502002397175,30.055869274110886,31.0524996821714,-0.2481862316066099,-0.2561226915254928,0.007936459918882866
2020-05-18,102.76,102.79,102.76,102.79,300,0.0,42.779737744137165,34.112886817970676,31.82763783052299,-0.2326509321464414,-0.25142833964968253,0.01877740750324114
2020-05-19,102.8,102.8,102.69,102.77,600,0.0,42.2959437578831,40.55666592642002,34.90847400616719,-0.21942355015178805,-0.24502738175010363,0.025603831598315585
2020-05-20,102.78,102.81,102.75,102.81,500,0.0,43.66806255873859,51.140350877193505,41.93663454052806,-0.20336878021122118,-0.23669566144232715,0.03332688123110597
2020-05-21,102.81,102.82,102.81,102.82,700,0.0,44.02640091522725,56.66666666666643,49.454561156759986,-0.1876749430189193,-0.2268915177576456,0.039216574738726306
2020-05-22,102.81,102.81,102.73,102.8,700,0.0,43.43134663485302,58.33333333333314,55.38011695906437,-0.17483589743495997,-0.21648039369310848,0.041644496258148506
2020-05-23,102.82,102.83,102.74,102.78,600,0.0,42.80824978601582,56.66666666666642,57.22222222222201,-0.1643798258528335,-0.2060602801250535,0.04168045427222
2020-05-24,102.79,102.79,102.72,102.73,600,0.0,41.21624145108731,51.66666666666709,55.555555555555564,-0.15830307659786058,-0.19650883941961494,0.03820576282175436
2020-05-25,102.71,102.78,102.69,102.78,700,0.0,43.47987269566337,50.55555555555622,52.96296296296325,-0.14774946306079073,-0.18675696414785012,0.03900750108705939
2020-05-26,102.72,102.75,102.72,102.75,400,0.0,42.42427438681478,39.61538461538496,47.279202279202764,-0.1401903702547287,-0.17744364536922586,0.037253275114497164
2020-05-27,102.72,102.8,102.72,102.79,800,0.0,44.36378179880495,49.615384615386084,46.59544159544243,-0.12947950984819556,-0.1678508182650198,0.038371308416824235
2020-05-28,102.75,102.81,102.71,102.73,2100,0.0,42.074261651960335,44.33760683760889,44.52279202279332,-0.12439858491602251,-0.15916037159522037,0.034761786679197854
2020-05-29,102.74,102.82,102.67,102.7,700,0.0,40.936678379066194,43.75000000000258,45.900997150999196,-0.12139331797584418,-0.15160696087134515,0.030213642895500964
2020-05-30,102.67,102.81,102.67,102.81,1100,0.0,46.63419822528156,47.916666666668505,45.334757834760005,-0.10888043569535455,-0.14306165583614705,0.0341812201407925
2020-05-31,102.66,102.79,102.66,102.67,900,0.0,41.188384617834174,37.37745098039424,43.014705882355116,-0.10900418392921551,-0.13625016145476077,0.02724597752554525
2020-06-01,102.79,102.79,101.67,101.945,2337,0.0,24.943643300117827,39.02974983096836,41.44128915934371,-0.16569368258616635,-0.1421388656810419,-0.023554816905124454
2020-06-02,101.945,102.62,101.78,102.5,7815,0.0,43.359911263315766,33.71365787694466,36.70695289610243,-0.16394678059278078,-0.14650044866338968,-0.0174463319293911
2020-06-03,102.485,102.98,102.485,102.735,1066,0.0,49.059422008444045,58.85211020443945,43.86517263745083,-0.14196334705843583,-0.1455930283423989,0.003629681283963071
2020-06-04,103.21,103.58,103.2,103.58,502,0.0,63.34316781898137,84.28314468719829,58.94963758952748,-0.05571463591832071,-0.12761734985758327,0.07190271393926256
2020-06-05,103.52,103.525,103.395,103.525,557,0.0,62.12216824046045,92.80604292394389,78.64709927186054,0.008106600854333124,-0.1004725597152,0.10857916056953312
2020-06-06,103.27,103.27,103.27,103.27,100,0.0,56.668145895969005,93.63001745200704,90.23973502104974,0.03767473107959063,-0.07284310155624188,0.11051783263583251
2020-06-07,103.22,103.265,103.22,103.265,351,0.0,56.56328358423847,88.13263525305418,91.5228985430017,0.06001244301015163,-0.04627199264296318,0.10628443565311481
2020-06-08,103.36,103.38,103.21,103.27,580,0.0,56.649672394215514,83.6823734729493,88.48167539267017,0.0772284572804125,-0.021571902658288046,0.09880035993870054
2020-06-09,103.225,103.23,102.965,103.18,751,0.0,54.546734491476904,82.11169284467724,84.64223385689355,0.08265720399039367,-0.0007260813285517032,0.08338328531894537
2020-06-10,103.275,103.465,103.255,103.38,983,0.0,58.255273375204176,84.11867364746946,83.30424665503199,0.10192294908804911,0.019803724754768458,0.08211922433328064
2020-06-11,103.555,103.58,103.555,103.58,200,0.0,61.62697023189788,89.52879581151838,85.25305410122168,0.13181009468777916,0.0422049987413706,0.08960509594640856
2020-06-12,103.43,103.53,103.43,103.53,1711,0.0,60.31537560620728,95.63699825479927,89.76148923792903,0.1497352361726172,0.06371104622761992,0.08602418994499728
2020-06-13,103.61,103.915,103.58,103.89,3635,0.0,65.93663403425836,98.75620440225897,94.6406661561922,0.19079071470149245,0.08912697992239443,0.10166373477909801
2020-06-14,103.925,103.925,103.715,103.735,6106,0.0,61.87289689085306,95.94763086197815,96.78027783967879,0.20841776238421517,0.11298513641475859,0.09543262596945658
2020-06-15,103.74,103.98,103.7,103.92,2141,0.0,64.67154439373584,95.91114030192729,96.8716585220548,0.23461083094039736,0.13731027531988635,0.09730055562051101
2020-06-16,103.88,103.88,103.795,103.81,1640,0.0,61.768286685814616,92.49192306456352,94.78356474282299,0.2436839093711285,0.15858500213013477,0.08509890724099373
2020-06-17,103.81,104.07,103.81,104.07,1213,0.0,65.68904853088344,95.30049660484434,94.56785332377838,0.26875616273568426,0.18061923425124465,0.0881369284844396
2020-06-18,103.8,103.82,103.655,103.655,718,0.0,55.844678504029616,83.69073381861112,90.49438449600633,0.2522315046852839,0.19494168833805253,0.05728981634723135
2020-06-19,103.715,103.83,103.71,103.83,5860,0.0,58.65825299806761,80.24132730015101,86.4108525745355,0.2503705161308716,0.20602745389661634,0.04434306223425524
2020-06-20,103.8,103.92,103.775,103.79,1171,0.0,57.75241169748906,71.7948717948723,78.57564430454481,0.2428683682192201,0.2133956367611371,0.02947273145808299
2020-06-21,103.8,104.09,103.77,104.09,734,0.0,62.43755418163074,84.31372549019646,78.78330819507325,0.25815451024605807,0.2223474114581213,0.03580709878793675
2020-06-22,104.03,104.05,103.94,103.95,700,0.0,59.14142567949553,87.40539634657308,81.17133121054728,0.2560208094380698,0.22908209105411104,0.026938718383958782
2020-06-23,103.995,104.075,103.96,104.0,1725,0.0,59.95451537662134,92.25903748059422,87.99271977245458,0.25542009445246094,0.23434969173378103,0.02107040271867991
2020-06-24,104.025,104.11,103.93,104.08,1249,0.0,61.28212806477275,90.78844924530004,90.15096102415578,0.258420444883086,0.23916384236364202,0.019256602519444
2020-06-25,104.1,104.1,103.73,103.81,2059,0.0,54.69191533171021,80.23071504050701,87.75940058880042,0.23628772291409916,0.23858861847373347,-0.0023008955596343084
2020-06-26,103.83,103.83,103.37,103.62,4060,0.0,50.57057913664552,61.751457339692614,77.59020720849988,0.20109783848923257,0.2310904624768333,-0.02999262398760072
2020-06-27,102.455,103.245,102.455,103.245,814,0.0,43.58899305553771,45.80009189925679,62.59408809315213,0.14132117304536962,0.21313660459054057,-0.07181543154517095
2020-06-28,103.3,103.3,102.955,103.28,1347,0.0,44.361062662668104,43.788955118260475,50.44683478573662,0.09566912834668528,0.1896431093417695,-0.09397398099508422
2020-06-29,103.53,103.6,103.275,103.275,822,0.0,44.267851549867885,49.04330312185325,46.210783379790165,0.05841274998336132,0.16339703747008788,-0.10498428748672656
2020-06-30,103.025,103.195,102.99,103.195,2308,0.0,42.7211265186607,48.03625377643508,46.95617067218293,0.022175841009428154,0.13515279817795595,-0.11297695716852779
2020-07-01,103.22,103.7,103.22,103.63,18036,0.0,52.44993654805307,55.08559919436044,50.72171869754958,0.028233238924343595,0.11376888632723348,-0.08553564740288988
2020-07-02,103.645,103.77,103.355,103.355,6180,0.0,47.013481642005196,56.69687814702908,53.27291037260819,0.010719995251690762,0.09315910811212494,-0.08243911286043418
2020-07-03,103.37,103.37,103.0,103.015,1602,0.0,41.31211282432918,53.0715005035247,54.951325948304735,-0.030245879366489703,0.06847811061640202,-0.09872398998289172
2020-07-04,103.04,103.04,103.01,103.02,1542,0.0,41.4246115672048,40.78549848942603,50.1846257133266,-0.061598107293946214,0.04246286703433237,-0.10406097432827859
2020-07-05,102.875,102.875,102.45,102.58,1020,0.0,35.05619670377337,25.269052038971463,39.70868367730739,-0.12055956100013532,0.009858381427438834,-0.13041794242757415
2020-07-06,102.675,102.7,102.675,102.7,440,0.0,37.86191472833261,19.010179691575807,28.35491007332443,-0.15580788443377003,-0.023274871744802937,-0.13253301268896708
2020-07-07,102.61,102.61,102.49,102.605,808,0.0,36.51689937751404,10.74297188755012,18.340734539365787,-0.1892268514038875,-0.05646526767661986,-0.13276158372726765
2020-07-08,102.665,102.665,102.57,102.61,678,0.0,36.64446695244638,11.364853352805113,13.706001643977004,-0.21285451097986652,-0.0877431163372692,-0.12511139464259732
2020-07-09,102.49,102.87,102.49,102.87,2040,0.0,43.052766807237326,16.489700567751925,12.865841936035709,-0.20819977690430846,-0.11183444845067705,-0.09636532845363141
2020-07-10,103.0,103.075,102.84,102.95,2192,0.0,44.89954518727018,26.0035133948178,17.95268910512494,-0.1957984920655491,-0.12862725717365148,-0.06717123489189764
2020-07-11,103.005,103.07,102.76,102.77,3452,0.0,41.628405214978216,30.85199824330257,24.44840406862409,-0.19821003822247008,-0.1425438133834152,-0.05566622483905487
2020-07-12,102.79,103.09,102.755,102.99,2332,0.0,46.736100751618245,34.34343434343412,30.399648660518153,-0.18029076483290396,-0.15009320367331297,-0.03019756115959099
2020-07-13,103.0,103.0,102.53,102.645,10388,0.0,40.71882664893864,26.6414141414137,30.612282242716788,-0.19171821998544658,-0.15841820693573969,-0.033300013049706895
2020-07-14,102.53,102.595,101.95,102.105,16920,0.0,33.45771733214278,21.39943389943362,27.461427461427135,-0.2415634544213674,-0.17504725643286523,-0.06651619798850217
2020-07-15,102.14,102.24,101.99,102.18,6974,0.0,35.18644177176533,11.975524475524416,20.005457505457233,-0.271880222661224,-0.194413849678537,-0.07746637298268702
2020-07-16,102.275,102.48,102.1,102.34,12754,0.0,38.83700776303153,16.20621162874693,16.527056667901643,-0.27977079353107115,-0.21148523844904385,-0.0682855550820273
2020-07-17,102.31,102.45,101.51,102.09,17904,0.0,35.47483919423375,25.603670709750258,17.92846893800719,-0.30270761351705744,-0.22972971346264656,-0.07297790005441088
2020-07-18,101.86,102.32,99.96,101.165,13018,0.0,26.376263660252775,34.22401734926623,25.34463322925446,-0.3910175709019086,-0.261987284950499,-0.12903028595140958
2020-07-19,101.07,102.5,100.82,102.45,36764,0.0,46.79237147147547,51.58665965678548,37.13811590526731,-0.35324312075154296,-0.2802384521107078,-0.07300466864083516
2020-07-20,102.43,103.03,102.43,102.905,7126,0.0,51.88061741845324,70.71352502662411,52.17473401089194,-0.2833258948986952,-0.28085594066830527,-0.002469954230389926
2020-07-21,102.67,102.74,102.15,102.26,6432,0.0,45.27138565514486,82.37486687965921,68.2250171876896,-0.27677164792110887,-0.280039082118866,0.0032674341977571575
2020-07-22,102.23,102.3,101.415,101.715,5010,0.0,40.568579113688834,74.54739084132058,75.8785942492013,-0.31195824475722134,-0.2864229146465371,-0.025535330110684262
2020-07-23,101.625,102.45,101.625,102.38,5448,0.0,47.70677669330272,68.9563365282215,75.29286474973377,-0.2829225785204841,-0.2857228474213265,0.0028002689008423953
2020-07-24,102.88,102.88,101.905,102.06,4074,0.0,44.91138957145023,66.82641107561233,70.1100461483848,-0.2824767137649786,-0.28507362069005693,0.0025969069250783017
2020-07-25,101.98,102.3,101.835,102.3,3390,0.0,47.40074782424981,73.05644302449403,69.61306354277595,-0.2597629825318677,-0.2800114930584191,0.02024851052655141
2020-07-26,102.26,102.415,102.26,102.385,3448,0.0,48.291949745129216,73.61442105226644,71.16575838412426,-0.23222643546853305,-0.2704544815404419,0.03822804607190883
2020-07-27,102.405,102.405,102.04,102.095,2280,0.0,45.46181526386707,74.43152844699294,73.7007975079178,-0.2311396657127034,-0.2625915183748942,0.031451852662190805
2020-07-28,102.15,102.15,101.93,101.96,3622,0.0,44.16426615110661,71.22692725298585,73.09095891741507,-0.2384233684314978,-0.25775788838621494,0.019334519954717133
2020-07-29,101.79,101.89,101.79,101.88,1006,0.0,43.37422509119234,65.74375678610194,70.46740416202691,-0.24779466408375583,-0.25576524352572316,0.00797057944196733
