Date,Open,High,Low,Close,Volume,OpenInterest,rsi,stoc k,stoc d,macd,signal,histogram
2020-04-01,204.72,205.25,204.55,205.25,1572,0.0,,,,,,
2020-04-02,205.38,205.755,205.235,205.41,4157,0.0,,,,,,
2020-04-03,206.29,206.29,205.19,205.19,258,0.0,,,,,,
2020-04-04,207.05,207.05,206.66,206.66,487,0.0,,,,,,
2020-04-05,207.05,207.05,206.76,206.91,415,0.0,,,,,,
2020-04-06,207.1,207.46,207.1,207.46,202,0.0,,,,,,
2020-04-07,208.32,208.89,208.32,208.89,200,0.0,,,,,,
2020-04-08,208.15,208.15,208.115,208.115,509,0.0,,,,,,
2020-04-09,208.735,208.735,208.465,208.465,447,0.0,,,,,,
2020-04-10,208.835,208.835,208.55,208.55,530,0.0,,,,,,
2020-04-11,208.57,208.57,208.57,208.57,100,0.0,,,,,,
2020-04-12,207.11,207.11,207.09,207.09,202,0.0,,,,,,
2020-04-13,206.58,206.58,206.58,206.58,100,0.0,,,,,,
2020-04-14,206.81,206.81,206.81,206.81,100,0.0,,,,,,
2020-04-15,206.69,206.69,206.6,206.62,300,0.0,58.873056994818775,,,,,
2020-04-16,206.91,207.18,206.91,207.14,500,0.0,61.654589371980734,47.80836135674854,,,,
2020-04-17,207.26,207.26,206.43,206.43,500,0.0,56.07775206697533,30.450450450450507,,,,
2020-04-18,206.17,206.325,205.215,205.215,1112,0.0,48.06543614094334,17.567567567567526,31.942126458255526,,,
2020-04-19,205.39,205.435,204.76,205.05,1120,0.0,47.08162605118705,2.3405972558516646,16.786205091289897,,,
2020-04-20,205.32,205.34,204.055,204.1,2734,0.0,41.77932753315832,2.65083510486916,7.5196666427627825,,,
2020-04-21,204.1,204.68,204.095,204.68,1821,0.0,45.79313110437842,7.009273040712952,4.000235133811258,,,
2020-04-22,204.475,205.0,204.33,204.45,702,0.0,44.483460767838366,7.423208560314442,5.694438901965516,,,
2020-04-23,204.35,204.91,204.35,204.69,567,0.0,46.212138426419614,11.541143654114178,8.65787508504719,,,
2020-04-24,204.9,204.955,204.615,204.615,1488,0.0,45.73289623575835,11.317072643335012,10.09380828592121,,,
2020-04-25,204.875,205.075,204.445,204.655,1500,0.0,46.05421780923467,14.802789477866234,12.553668591771808,,,
2020-04-26,204.42,204.56,204.0,204.29,10603,0.0,43.521842499591244,13.339851708873063,13.153237943358102,-1.1270307257399281,,
2020-04-27,204.29,204.29,203.13,204.07,6410,0.0,42.021985920005854,16.79224830277533,14.978296496504877,-1.1256576007192507,,
2020-04-28,201.16,201.325,199.95,199.96,800,0.0,24.816035062677557,10.597598327993968,13.57656611321412,-1.4396170315352776,,
2020-04-29,200.18,200.77,199.87,200.77,1050,0.0,30.82728527965338,11.691903072979144,13.027249901249482,-1.6045753658608533,,
2020-04-30,200.79,201.11,200.44,200.79,844,0.0,30.974036498925216,8.254891471017158,10.181464290663424,-1.7139350253368661,,
2020-05-01,201.71,201.785,201.64,201.64,588,0.0,37.083269098054686,17.349493230082093,12.432095924692797,-1.7122773793384738,,
2020-05-02,201.355,201.355,199.9,200.34,1136,0.0,32.36522568493936,16.1051674472417,13.903184049446983,-1.795169225016764,,
2020-05-03,200.46,201.82,200.165,201.82,700,0.0,41.49172563604718,23.83841370208316,19.097691459802316,-1.7215925317446192,,
2020-05-04,201.97,202.11,201.77,202.11,400,0.0,43.11159116350641,29.043393223601427,22.99565812430876,-1.6211937830926786,-1.5401165187094124,-0.08107726438326623
2020-05-05,202.055,202.37,201.77,202.37,829,0.0,44.592705719445085,42.23842564542962,31.706744190371406,-1.5033179112646167,-1.5327567972204532,0.029438885955836547
2020-05-06,202.555,203.01,202.485,203.01,405,0.0,48.16986680504466,50.46429715017624,40.5820386730691,-1.342779061128482,-1.494761250002059,0.15198218887357706
2020-05-07,202.84,203.09,202.68,203.09,622,0.0,48.61643774707478,56.74031380083262,49.81434553214617,-1.195316667875062,-1.4348723335766596,0.2395556657015976
2020-05-08,203.225,203.225,202.64,202.64,300,0.0,46.204850834771136,58.46942042907458,55.22467712669448,-1.1020590473161178,-1.3683096763245515,0.26625062900843366
2020-05-09,202.43,202.56,202.43,202.445,500,0.0,45.15946795799641,56.66190114338415,57.29054512443045,-1.0319904380768605,-1.3010458286750133,0.26905539059815275
2020-05-10,202.69,202.69,202.275,202.395,964,0.0,44.87908482890329,55.08293585446807,56.738085808975605,-0.9693214087517958,-1.23470094469037,0.2653795359385742
2020-05-11,202.24,202.24,201.61,201.92,2037,0.0,42.19862298442056,57.71119319997391,56.485343399275386,-0.9470670819728468,-1.1771741721468654,0.23010709017401854
2020-05-12,201.76,201.85,200.715,200.715,774,0.0,36.27894119931461,47.80527251597649,53.53313385680617,-1.0149639247304378,-1.1447321226635798,0.12976819793314198
2020-05-13,200.68,201.15,200.67,201.15,615,0.0,39.574342871541106,41.29436855925204,48.93694475840082,-1.021892061651812,-1.1201641104612263,0.09827204880941443
2020-05-14,201.33,201.33,201.02,201.1,501,0.0,39.32261391002802,32.956833215677044,40.68549143030187,-1.0196631995628422,-1.1000639282815496,0.0804007287187074
2020-05-15,201.14,201.64,201.14,201.575,565,0.0,43.030049404487166,41.353383458646476,38.534861744525195,-0.9684051087573948,-1.0737321643767188,0.10532705561932398
2020-05-16,201.82,202.06,201.635,201.77,744,0.0,44.5284996844348,46.30571526856357,40.20531064762904,-0.9016541246932093,-1.039316556440017,0.1376624317468078
2020-05-17,201.84,202.02,201.84,202.02,300,0.0,46.47235834782215,51.88816454243349,46.515754423214524,-0.8191380645324386,-0.9952808580585014,0.17614279352606277
2020-05-18,202.155,202.195,202.115,202.135,401,0.0,47.385716166052546,54.20903521225885,50.80097167441864,-0.7359800337565616,-0.9434206931981135,0.20744065944155188
2020-05-19,202.495,202.495,201.96,202.365,400,0.0,49.250834642143595,58.83887801696068,54.97869259055101,-0.6440929152426236,-0.8835551376070157,0.23946222236439207
2020-05-20,202.495,202.795,202.38,202.68,401,0.0,51.77237562850813,67.44944553163772,60.165786253619096,-0.5396332877431576,-0.814770767634244,0.2751374798910865
2020-05-21,202.58,202.58,202.15,202.15,514,0.0,47.4962861956248,67.64514024788056,64.64448793215966,-0.4939212344288819,-0.7506008609931717,0.2566796265642898
2020-05-22,202.005,202.58,201.67,202.03,1873,0.0,46.55863992362651,66.86497064579315,67.31985214177048,-0.4620508652005526,-0.692890861834648,0.23083999663409538
2020-05-23,202.01,202.62,202.01,202.46,3693,0.0,50.34169903737035,68.72031004182567,67.74347364516647,-0.3975136714723533,-0.633815423762189,0.23630175228983574
2020-05-24,202.4,202.45,202.34,202.38,1100,0.0,49.63768173917993,76.23529411764771,70.60685826842219,-0.3488020391044131,-0.5768127468306339,0.22801070772622078
2020-05-25,202.45,202.46,202.41,202.42,600,0.0,50.01408880064714,82.35294117647105,75.76951511198148,-0.30347181956707914,-0.522144561377923,0.21867274181084384
2020-05-26,202.37,202.48,202.33,202.33,900,0.0,49.1244434897358,80.3137254901966,79.63398692810512,-0.2716778091652827,-0.4720512109353949,0.2003734017701122
2020-05-27,202.32,202.48,202.32,202.34,800,0.0,49.232500384069255,78.27892847279816,80.31519837982194,-0.24287420774888346,-0.4262158102980927,0.18334160254920923
2020-05-28,202.47,202.47,202.37,202.42,300,0.0,50.14478133014298,76.60841132334019,78.40035509544498,-0.21115771994115562,-0.3832041922267053,0.1720464722855497
2020-05-29,202.45,202.47,202.34,202.47,1100,0.0,50.74057633405417,74.56344851062882,76.48359610225572,-0.1799136600355098,-0.34254608578846624,0.16263242575295644
2020-05-30,202.46,202.49,202.41,202.49,600,0.0,50.992860653948256,74.07101241255937,75.08095741550945,-0.15178895600647024,-0.30439465983206704,0.1526057038255968
2020-05-31,202.49,202.49,202.45,202.45,300,0.0,50.43649474901564,71.4016602809716,73.34537373471993,-0.13121502600071722,-0.2697587330657971,0.1385437070650799
2020-06-01,203.52,204.54,203.52,204.54,300,0.0,69.29026414204677,80.7407407407414,75.40447114475745,0.05312312458497104,-0.2051823615356435,0.25830548612061455
2020-06-02,205.87,205.87,205.37,205.37,801,0.0,73.58727011402311,85.80952380952385,79.31730827707895,0.2631530360172576,-0.11151528202506328,0.37466831804232087
2020-06-03,205.895,206.68,205.895,205.93,500,0.0,76.02478361473146,91.04172607166623,85.86399687397716,0.4693798551049895,0.004663745400947272,0.4647161097040422
2020-06-04,206.04,206.04,205.86,205.86,300,0.0,75.09191259388263,85.58597091531233,87.47907359883413,0.6200204700016059,0.127735090321079,0.4922853796805269
2020-06-05,205.43,206.065,205.43,206.055,407,0.0,75.97627056012476,85.09312566871978,87.24027421856611,0.7465335389946688,0.25149478005579695,0.49503875893887184
2020-06-06,206.16,206.42,205.43,205.43,2262,0.0,67.68178246223007,80.52657070525223,83.73522242976145,0.787288410268502,0.358653506098338,0.42863490417016403
2020-06-07,205.845,206.0,205.62,205.62,699,0.0,68.79701647323105,77.87835032643794,81.16601556680332,0.8254036124315292,0.4520035273649763,0.37340008506655287
2020-06-08,205.57,205.68,205.57,205.68,312,0.0,69.15895105363526,74.69418960244657,77.69970354471225,0.8506459661213057,0.5317320151162422,0.3189139510050635
2020-06-09,205.2,205.2,204.95,204.95,200,0.0,60.03478446385365,71.02446483180422,74.53233492022959,0.8024951495976893,0.5858846420125317,0.21661050758515765
2020-06-10,205.5,205.5,205.5,205.5,200,0.0,63.899218710237555,70.06546033625041,71.92803825683374,0.7994995509014018,0.6286076237903058,0.17089192711109602
2020-06-11,205.49,205.49,205.49,205.49,100,0.0,63.77846518441864,68.57093532885176,69.88695349896881,0.7872437450749885,0.6603348480472424,0.1269088970277461
2020-06-12,205.42,205.71,205.42,205.71,227,0.0,65.33069756866522,74.22502581148802,70.95380715886341,0.7862200368625167,0.6855118858102973,0.10070815105221942
2020-06-13,205.745,205.745,205.745,205.745,115,0.0,65.58338757089969,75.91999953803354,72.90532022612446,0.7792502365608982,0.7042595559604176,0.07499068060048064
2020-06-14,205.63,205.755,205.63,205.755,310,0.0,65.66039893928368,75.30240051802521,75.14914195584895,0.7657069430304659,0.7165490333744272,0.04915790965603872
2020-06-15,206.195,206.41,206.195,206.41,613,0.0,70.34162909996101,77.67229759085019,76.29823254896966,0.7986208077227843,0.7329633882440987,0.06565741947868564
2020-06-16,206.82,207.04,206.82,207.04,300,0.0,74.01134531216402,85.0403038950267,79.33833400130071,0.8655633420803213,0.7594833790113433,0.10607996306897793
2020-06-17,206.68099999999998,206.72,206.68099999999998,206.72,411,0.0,69.31959069125503,89.69401959970867,84.13554036186186,0.8826201613965736,0.7841107354883894,0.09850942590818423
2020-06-18,206.24,206.325,206.24,206.325,200,0.0,63.93208592865998,83.49282296650728,86.0757154870809,0.8544154453463477,0.7981716774599811,0.05624376788636665
2020-06-19,206.42,206.435,206.42,206.435,300,0.0,64.75362164502137,73.84370015948991,82.34351424190197,0.8313557339640738,0.8048084887607997,0.026547245203274117
2020-06-20,206.29,206.29,206.265,206.265,200,0.0,62.38851362198894,66.58692185007983,74.64114832535903,0.79025361554244,0.8018975141171278,-0.011643898574687839
2020-06-21,206.065,206.16,206.065,206.16,519,0.0,60.90875226449256,63.95534290271155,68.12865497076045,0.7406692935250021,0.7896518699987027,-0.048982576473700634
2020-06-22,205.96,206.03,205.56,205.56,514,0.0,53.15085642170463,50.00000000000025,60.18075491759723,0.6455172544113452,0.7608249468812313,-0.11530769246988604
2020-06-23,206.07,206.07,205.87,206.07,728,0.0,58.0427284690953,42.401598834347766,52.118980579019876,0.6042953747136437,0.7295190324477138,-0.12522365773407007
2020-06-24,205.95,206.06,205.91,205.91,911,0.0,56.06485446732618,33.18565774706172,41.86241886046994,0.5523489404807833,0.6940850140543278,-0.14173607357354445
2020-06-25,205.94,206.105,205.94,206.105,1108,0.0,57.94573064726574,37.55144032921837,37.7128989702093,0.5209111479566957,0.6594502408348014,-0.13853909287810573
2020-06-26,206.02,206.155,205.485,205.54,4116,0.0,51.117387929330285,25.3559472298305,32.03101510203688,0.4452728643784951,0.6166147655435402,-0.1713419011650451
2020-06-27,205.255,205.255,204.81,204.88,400,0.0,44.51792026199579,16.31998052071954,26.409122693256155,0.32828819360491934,0.5589494511558161,-0.23066125755089673
2020-06-28,204.76,204.76,203.95,203.95,1678,0.0,37.22503946254078,2.225330314958216,14.633752688502769,0.15870432683240665,0.4789004262911342,-0.32019609945872757
2020-06-29,204.725,204.725,204.435,204.71,1620,0.0,45.135010215278946,9.244827569526201,9.263379468401336,0.08465765825758353,0.4000518726844241,-0.31539421442684057
2020-06-30,204.88,204.88,204.88,204.88,730,0.0,46.75129358205811,19.389825491960277,10.286661125481581,0.03924038050510603,0.3278895742485605,-0.2886491937434545
2020-07-01,204.89,204.89,204.635,204.635,1000,0.0,44.7071966530351,28.578289610001843,19.070980890496127,-0.01633430013291104,0.2590447993722662,-0.27537909950517725
2020-07-02,204.275,204.47,203.98,204.16,1806,0.0,40.9673173343223,23.196701266564627,23.7216054561756,-0.09758130860851111,0.18771957777611076,-0.28530088638462187
2020-07-03,204.13,204.13,204.06,204.06,402,0.0,40.20480101893116,13.572317093444141,21.782435990003552,-0.1681015425012049,0.11655535372064765,-0.28465689622185253
2020-07-04,204.42,204.42,204.215,204.215,400,0.0,42.00660092652185,8.380836384150902,15.049951581386571,-0.2090720785425333,0.051429867268011464,-0.26050194581054475
2020-07-05,204.255,204.255,204.145,204.145,604,0.0,41.39987810289885,8.511780780689078,10.15497808609472,-0.24437295916129642,-0.007730698017850111,-0.2366422611434463
2020-07-06,204.26,204.26,203.61,203.665,1056,0.0,37.40976129634706,7.66519594589159,8.185937703577205,-0.30753606552460155,-0.0676917715192004,-0.23984429400540114
2020-07-07,204.0,204.15,204.0,204.15,400,0.0,43.35083876691043,10.740904089206067,8.972626938595594,-0.31482868657249696,-0.11711915452985971,-0.19770953204263725
2020-07-08,204.29,204.46,204.29,204.46,674,0.0,46.825156002028635,18.925998690241958,12.444032908446554,-0.29222514253225995,-0.15214035213033977,-0.14008479040192018
2020-07-09,204.19,204.19,203.91,203.91,800,0.0,41.913625003987,22.134905042566857,17.267269274004978,-0.3150602559761353,-0.18472433289949888,-0.1303359230766364
2020-07-10,204.1,204.1,203.425,203.425,1852,0.0,38.11682193271591,15.062213490504059,18.707705741104306,-0.3680500427942377,-0.22138947487844668,-0.14666056791579102
2020-07-11,203.53,203.58,203.455,203.58,1254,0.0,39.98783485642176,7.456008010531612,14.88437551453419,-0.39300728269114416,-0.2557130364409862,-0.13729424625015796
2020-07-12,203.365,203.475,203.33,203.475,1000,0.0,39.12485782909746,6.625025524342707,9.714415675126139,-0.41645802867657267,-0.2878620348881035,-0.12859599378846914
2020-07-13,203.42,203.42,202.86,203.35,1638,0.0,38.07149810496973,14.67100253583675,9.584012023570368,-0.44005666979131774,-0.31830096186874635,-0.1217557079225714
2020-07-14,203.31,203.31,203.05,203.05,648,0.0,35.594622195593985,14.264136246894354,11.853388102357949,-0.47746236673546605,-0.3501332428420903,-0.12732912389337575
2020-07-15,202.79,203.01,202.78,202.78,1812,0.0,33.48327614594439,11.165845648604092,13.366994810445078,-0.5228661194212236,-0.38467981815791696,-0.13818630126330667
2020-07-16,203.02,203.02,202.6,202.705,1460,0.0,32.89949977862345,5.001589067217886,10.143856987572123,-0.5584631778567939,-0.41943649009769235,-0.13902668775910154
2020-07-17,202.94,202.94,202.14,202.24,8470,0.0,29.46897919057379,3.318502039303582,6.495312251708533,-0.6170823754589492,-0.45896566716994375,-0.15811670828900543
2020-07-18,203.49,203.79,203.49,203.79,606,0.0,48.67904630642197,27.02539859102758,11.78182989918303,-0.5323300957973061,-0.47363855289541623,-0.058691542901889826
2020-07-19,203.1,203.85,203.1,203.85,440,0.0,49.25520805818888,49.71264367816101,26.685514769497402,-0.45507597246358955,-0.4699260368090509,0.014850064345461322
2020-07-20,204.1,204.1,203.94,203.94,660,0.0,50.159089799312206,74.13793103448245,50.291991101223694,-0.3821836995102501,-0.45237756934929074,0.07019386983904063
2020-07-21,204.125,204.825,204.08,204.72,1770,0.0,57.26389046479832,82.46082964104535,68.7704681178963,-0.2584967768316062,-0.41360141084575386,0.15510463401414765
2020-07-22,204.62,204.8,204.06,204.8,5178,0.0,57.92634524680965,90.91483122498376,82.50453063350388,-0.1522634695838292,-0.361333822593369,0.2090703530095398
2020-07-23,204.75,205.11,204.75,205.11,866,0.0,60.48261037091481,98.38609559279992,90.58725215294304,-0.042567704992734434,-0.2975805990732421,0.25501289408050765
2020-07-24,205.265,205.265,204.77,205.01,3168,0.0,59.232414439389956,96.9696337678464,95.42352019521006,0.03588416418821794,-0.23088764642095008,0.266771810609168
2020-07-25,205.14,205.14,204.965,205.03,906,0.0,59.41311021760367,94.77333333333355,96.70968756465999,0.09853580911135396,-0.16500295531448927,0.26353876442584323
2020-07-26,204.825,204.86,204.825,204.86,420,0.0,57.096535150315646,90.45333333333384,94.0654334781713,0.13293768693873176,-0.10541482686384507,0.23835251380257683
2020-07-27,204.92,205.32,204.92,205.265,5472,0.0,60.9981147794278,92.59681341719117,92.60782669461956,0.19068345803492548,-0.04619516988409096,0.23687862791901643
2020-07-28,204.92,204.92,204.51,204.51,1160,0.0,51.58106209123913,86.61291404612182,89.88768693221566,0.17352492019824695,-0.0022511518676233827,0.17577607206587031
2020-07-29,204.815,204.815,204.81,204.81,620,0.0,54.581537050570006,85.5870020964361,88.26557651991641,0.18203575328692523,0.034606229163286345,0.14742952412363888
