Date,Open,High,Low,Close,Volume,OpenInterest,rsi,stoc k,stoc d,macd,signal,histogram
2020-04-01,297.85,298.01,297.51,297.51,515,0.0,,,,,,
2020-04-02,297.47,297.47,297.14,297.4,1163,0.0,,,,,,
2020-04-03,297.51,298.34,297.44,298.14,2955,0.0,,,,,,
2020-04-04,298.36,301.06,298.36,301.06,2457,0.0,,,,,,
2020-04-05,301.965,302.17,300.26,300.57,3049,0.0,,,,,,
2020-04-06,300.305,300.47,299.775,299.955,2176,0.0,,,,,,
2020-04-07,299.85,299.85,299.715,299.715,500,0.0,,,,,,
2020-04-08,300.935,301.46,300.885,301.46,1421,0.0,,,,,,
2020-04-09,301.855,301.855,301.1,301.47,1109,0.0,,,,,,
2020-04-10,301.75,301.805,301.72,301.72,684,0.0,,,,,,
2020-04-11,302.32,302.32,301.8,301.84,1913,0.0,,,,,,
2020-04-12,301.55,301.55,301.55,301.55,300,0.0,,,,,,
2020-04-13,301.53,302.01,301.53,302.01,200,0.0,,,,,,
2020-04-14,301.45,301.45,301.45,301.45,100,0.0,,,,,,
2020-04-15,299.5,299.5,299.5,299.5,100,0.0,59.476190476190524,,,,,
2020-04-16,297.95,297.95,297.935,297.935,261,0.0,51.249921090840274,46.3026404624766,,,,
2020-04-17,297.49,297.93,297.29,297.91,467,0.0,51.12826574558083,22.676443973457125,,,,
2020-04-18,298.65,298.65,298.43,298.43,300,0.0,53.59569271247805,15.04450075503268,28.007861730322134,,,
2020-04-19,298.09,298.09,297.61,297.84,864,0.0,50.48145491928037,15.308151093439081,17.67636527397629,,,
2020-04-20,297.98,298.345,297.785,297.885,1056,0.0,50.71667105096947,15.142478462557477,15.165043437009743,,,
2020-04-21,297.74,298.11,297.655,297.655,536,0.0,49.42443762884378,10.006626905234492,13.48575215374368,,,
2020-04-22,297.64,297.64,295.43,295.43,2591,0.0,39.056914299531805,6.36182902584445,10.503644797878804,,,
2020-04-23,295.12,295.86,294.71,295.86,2634,0.0,41.6062260784225,7.456052123526741,7.941502684868557,,,
2020-04-24,296.21,297.45,296.21,297.45,3269,0.0,49.94429445216667,17.038983793254648,10.285621647541943,,,
2020-04-25,297.41,299.55,297.025,299.365,12449,0.0,57.766243110634406,38.29469155581182,20.929909157531068,,,
2020-04-26,299.405,299.92,298.28,298.28,2687,0.0,52.737847727736465,49.55882970616654,34.964168351744334,-1.0833373558158996,,
2020-04-27,297.55,297.55,297.55,297.55,100,0.0,49.60893801951241,51.60257713101112,46.48536613099649,-1.0488769517433525,,
2020-04-28,297.95,297.95,297.13,297.5,2048,0.0,49.39278268869882,48.19715727632342,49.78618803783369,-1.013913649957317,,
2020-04-29,297.465,298.69,296.98,298.69,2692,0.0,54.476730740275606,57.359638980808114,52.38645779604755,-0.8800374032592799,,
2020-04-30,298.72,298.72,295.31,297.44,1207,0.0,48.917661666798054,60.780550223928266,55.44578216035327,-0.864834789427448,,
2020-05-01,297.78,300.1,297.78,299.605,2524,0.0,57.08582435266269,73.20237115959618,63.780853454777514,-0.6703616898221298,,
2020-05-02,300.43,301.095,299.59,299.59,300,0.0,57.01779723239012,73.21489651718247,69.06593930023563,-0.5115538574837615,,
2020-05-03,299.765,300.73,299.765,300.31,300,0.0,59.51186096040362,84.98367240396517,77.13364669358127,-0.3238661955949169,,
2020-05-04,299.86,299.86,299.535,299.535,200,0.0,55.761223705392204,79.90080918820125,79.36645936978296,-0.23495003661543024,-0.7368591033021706,0.5019090666867404
2020-05-05,299.38,300.175,299.17,300.03,801,0.0,57.599296772398475,82.19785956669249,82.36078038628631,-0.12312170651335919,-0.6141116239444084,0.49098991743104925
2020-05-06,300.47,300.47,300.47,300.47,100,0.0,59.221204779365046,83.0331506134167,81.71060645610349,0.0009958934983842482,-0.49109012045584993,0.4920860139542342
2020-05-07,300.11,300.11,300.08,300.08,200,0.0,57.135022857484074,85.32877966152891,83.5199299472127,0.06711656708597502,-0.37944878294748496,0.44656535003346
2020-05-08,298.6,298.6,298.6,298.6,100,0.0,49.94473258494845,76.51242524761027,81.6247851741853,9.297440294631087e-05,-0.30354043147739873,0.30363340588034504
2020-05-09,298.8,299.51,298.8,299.51,647,0.0,53.79505285647844,70.64246614808377,77.49455701907432,0.020173145669446058,-0.23879771604802977,0.25897086171747585
2020-05-10,298.735,298.735,298.735,298.735,188,0.0,50.2499587131759,62.89253817343689,70.01580985637698,-0.026147781636552736,-0.19626772916573437,0.17011994752918164
2020-05-11,298.27,298.38,298.27,298.38,266,0.0,48.667840803194,61.6248919619703,65.05329876116366,-0.09046021435045759,-0.17510622620267904,0.08464601185222145
2020-05-12,299.37,299.61,299.37,299.61,300,0.0,54.064366946012434,62.20109478536427,62.239508306923824,-0.04169690420496863,-0.14842436180313698,0.10672745759816835
2020-05-13,299.795,299.8,299.795,299.8,200,0.0,54.85391402292941,68.33765485450857,64.05454720061438,0.012139841968348719,-0.11631152104883985,0.12845136301718857
2020-05-14,299.3,300.11,299.3,300.11,319,0.0,56.17739969525959,74.07708689929436,68.20527884638906,0.07891062780817037,-0.0772670912774378,0.15617771908560818
2020-05-15,299.345,299.345,298.97,298.97,231,0.0,50.33372474716097,57.55995251400888,66.65823142260393,0.039384484203367265,-0.05393677618127679,0.09332126038464406
2020-05-16,298.915,298.935,298.45,298.895,1207,0.0,49.9654808280207,40.157280431972524,57.264773281758586,0.0019849758611485413,-0.04275242577279173,0.04473740163394027
2020-05-17,298.72,298.74,298.48,298.74,922,0.0,49.16493336197977,23.849633830208514,40.522288925396644,-0.039703926411107204,-0.04214272590045483,0.0024387994893476234
2020-05-18,298.46,299.16,298.09,298.35,2313,0.0,47.11927453755313,19.23150339219278,27.746139218124615,-0.10302481649443962,-0.05431914401925179,-0.04870567247518783
2020-05-19,298.55,298.67,298.55,298.67,400,0.0,48.99454715110474,18.885918003566307,20.65568507532254,-0.12593406295292198,-0.06864212780598583,-0.057291935146936146
2020-05-20,298.66,298.7,298.57,298.63,600,0.0,48.76176956467599,20.675596971462998,19.597672789074036,-0.14563863994510484,-0.08404143023380964,-0.0615972097112952
2020-05-21,298.61,298.68,298.61,298.68,400,0.0,49.08739135455158,26.77011398618943,22.110542987072918,-0.15542839525301133,-0.09831882323764998,-0.05710957201536135
2020-05-22,298.71,298.725,298.61,298.725,800,0.0,49.39906855960111,29.125412541255212,25.523707832969222,-0.15773742410965497,-0.11020254341205099,-0.047534880697603976
2020-05-23,298.72,298.73,298.67,298.73,400,0.0,49.43610782471016,30.775577557757206,28.890368028400626,-0.15735005442053307,-0.1196320456137474,-0.03771800880678566
2020-05-24,298.7,298.73,298.7,298.73,300,0.0,49.43610782471016,31.600660066008203,30.500550055006883,-0.15525339663656723,-0.12675631581831137,-0.02849708081825586
2020-05-25,298.69,298.69,298.69,298.69,200,0.0,49.10262923881548,31.023102310232222,31.13311331133255,-0.1550323297500995,-0.13241151860466902,-0.02262081114543049
2020-05-26,298.69,298.69,298.59,298.69,500,0.0,49.10262923881548,30.363036303631237,30.995599559957228,-0.153092379001464,-0.13654769068402803,-0.016544688317435968
2020-05-27,298.69,298.69,298.65,298.69,600,0.0,49.10262923881548,29.70297029703025,30.363036303631244,-0.1498278320730151,-0.13920371896182543,-0.01062411311118966
2020-05-28,298.64,298.69,298.64,298.68,800,0.0,48.99942234691453,35.47263092843205,31.846212509697853,-0.14636041972653402,-0.14063505911476715,-0.005725360611766872
2020-05-29,298.62,298.71,298.62,298.66,600,0.0,48.77859749891231,43.328650175217085,36.168083800226476,-0.14357130270605012,-0.14122230783302375,-0.0023489948730263666
2020-05-30,298.58,298.65,298.55,298.57,800,0.0,47.73603870912809,48.38093110424425,42.394070735964476,-0.14692944404094987,-0.14236373507460898,-0.004565708966340898
2020-05-31,298.6,298.65,298.6,298.64,600,0.0,48.65523368213754,49.84423676012475,47.18460601319538,-0.14230201125155872,-0.14235139030999894,4.9379058440213175e-05
2020-06-01,298.6,298.605,298.56,298.56,400,0.0,47.62434687865911,33.939079266179725,44.05474904351626,-0.1434366207612925,-0.14256843640025765,-0.000868184361034835
2020-06-02,298.57,298.58,298.57,298.58,300,0.0,47.9214212815331,24.541363793692767,36.10822660666577,-0.14109551287560862,-0.14227385169532786,0.001178338819719238
2020-06-03,298.55,298.63,298.55,298.62,800,0.0,48.549965921216,20.370370370361588,26.283604476744717,-0.13446250227713108,-0.1407115818116885,0.006249079534557417
2020-06-04,298.63,298.63,298.6,298.62,300,0.0,48.54996592121601,31.481481481472702,25.464405215175713,-0.12773336289342296,-0.1381159380280354,0.010382575134612437
2020-06-05,298.63,298.63,298.63,298.63,100,0.0,48.7293793531855,40.74074074073371,30.86419753085603,-0.12020787348575368,-0.13453432511957908,0.014326451633825399
2020-06-06,298.86,300.845,298.86,299.93,1088,0.0,65.54855653486344,47.82135076252175,40.01452432824275,-0.009238240776141993,-0.10947510825089166,0.10023686747474966
2020-06-07,302.83,306.45,302.83,306.45,1204,0.0,87.57092283524759,68.19172113289387,52.25127087871647,0.5979230183640993,0.03200451707210654,0.5659185012919928
2020-06-08,307.07,307.24,305.76,305.76,1178,0.0,81.62440448698564,81.03321625287346,65.68209604942972,1.0117624889911667,0.2279561114559186,0.7838063775352482
2020-06-09,305.785,305.785,304.13,304.13,301,0.0,69.60066818726064,82.39355581127718,77.20616439901485,1.1944371455908822,0.4212523182829113,0.7731848273079709
2020-06-10,304.15,304.15,303.97,303.97,401,0.0,68.5334842237158,69.85040276179508,77.75905827531527,1.3111829632050558,0.5992384472673402,0.7119445159377156
2020-06-11,303.565,303.565,303.565,303.565,107,0.0,65.78391096769593,61.43076332949744,71.2249073008566,1.355400535829176,0.7504708649797074,0.6049296708494687
2020-06-12,303.43,303.84,303.43,303.84,342,0.0,66.75911920296315,60.3183736095127,63.86651323360178,1.3965350951690993,0.8796837110175859,0.5168513841515134
2020-06-13,302.445,302.56,302.445,302.56,226,0.0,58.41377547688103,54.90985807441479,58.88633167114168,1.3107398343081513,0.965894935675699,0.3448448986324524
2020-06-14,302.33,302.485,302.33,302.485,555,0.0,57.95661088167806,50.76716532412717,55.33179900268493,1.2226012130146842,1.0172361911434962,0.205365021871188
2020-06-15,302.45,302.46,302.44,302.46,305,0.0,57.7942410628588,45.47372458764848,50.38358266206353,1.137619658291726,1.0413128845731423,0.09630677371858365
2020-06-16,302.35,302.475,301.59,301.59,1233,0.0,52.30274433696592,41.75297276563072,45.997954225802175,0.9886726321323067,1.0307848340849752,-0.042112201952668515
2020-06-17,302.39,302.39,302.31,302.31,334,0.0,56.026610261608624,40.97226661836333,42.732987990547564,0.91814521696881,1.0082569106617423,-0.09011169369293226
2020-06-18,302.48,302.8,302.48,302.8,467,0.0,58.406590924974516,42.11820311471677,41.61448083290366,0.8915138208496387,0.9849082926993216,-0.09339447184968286
2020-06-19,304.47,304.47,304.47,304.47,147,0.0,65.29978788226765,52.77232598750394,45.287598573528065,0.9937084384673653,0.9866683218529304,0.0070401166144349325
2020-06-20,304.83,304.83,304.83,304.83,100,0.0,66.58538059512355,57.574098630353284,50.82154257752472,1.0911690826013114,1.0075684740026065,0.08360060859870488
2020-06-21,304.85,304.88,304.85,304.88,209,0.0,66.76952562448724,60.84010954583534,57.062178054564235,1.159080765810529,1.037870932364191,0.12120983344633807
2020-06-22,304.65,304.65,304.65,304.65,105,0.0,64.99514449454894,62.83973405620506,60.41798074413128,1.1807314490562817,1.0664430357026091,0.11428841335367257
2020-06-23,304.46,304.565,304.39,304.39,700,0.0,62.95832755781025,72.09348413465857,65.25777591223303,1.163497865285251,1.0858540016191376,0.07764386366611342
2020-06-24,304.4,304.4,304.4,304.4,102,0.0,63.006346174813196,81.15356608496819,72.02892809194397,1.1375342556038959,1.0961900524160892,0.04134420318780663
2020-06-25,304.17,304.17,303.61,303.94,922,0.0,59.20432106396012,80.64842958459963,77.96515993474216,1.067533886131514,1.0904588191591742,-0.022924933027660188
2020-06-26,303.54,304.42,302.98,304.37,3404,0.0,61.54061929345036,80.44579533941237,80.7492636696601,1.0348266577855156,1.0793323868844424,-0.044505729098926805
2020-06-27,307.835,308.285,307.63,307.965,1065,0.0,74.62464450626726,83.71578844621597,81.60333779007603,1.2841890668275369,1.1203037228730612,0.16388534395447563
2020-06-28,307.65,307.65,306.82,307.31,1280,0.0,69.95498875519979,88.38522903798649,84.18227094120499,1.4126731301302016,1.1787776043244893,0.23389552580571227
2020-06-29,307.565,308.38,307.565,308.38,1725,0.0,72.93450480138674,93.552402290266,88.55113992482286,1.5825945685567149,1.2595409971709346,0.3230535713857803
2020-06-30,308.51,309.75,308.51,309.3,1330,0.0,75.21078089321189,93.12950203570303,91.68904445465188,1.771078948309082,1.3618485873985642,0.4092303609105179
2020-07-01,309.1,309.1,307.13,307.13,666,0.0,61.971671783429336,85.97103282010319,90.8843123820241,1.7254632464248516,1.4345715192038218,0.29089172722102985
2020-07-02,305.92,307.01,305.715,307.01,1019,0.0,61.32876343211444,72.48014163349553,83.86022549643394,1.6604884002600215,1.4797548954150619,0.18073350484495965
2020-07-03,307.07,307.91,307.03,307.91,1220,0.0,64.31857610772667,65.43669410248431,74.62928951869436,1.6624541088173714,1.5162947380955238,0.1461593707218476
2020-07-04,307.13,308.55,307.13,308.55,1379,0.0,66.31309944290481,71.54111275233876,69.81931616277289,1.6961029789541726,1.5522563862672536,0.14384659268691902
2020-07-05,308.23,308.23,307.22,307.22,703,0.0,58.93979877278414,72.5750861644512,69.85096433975811,1.597040378873828,1.5612131847885686,0.03582719408525947
2020-07-06,307.095,308.11,307.095,308.08,1483,0.0,61.89051339448657,73.41211225997044,72.50943705892017,1.5698313289091743,1.56293681361269,0.006894515296484327
2020-07-07,308.0,308.73,307.69,308.22,2248,0.0,62.364663882795504,71.78729689807982,72.59149844083386,1.5417919726245373,1.5587078454150596,-0.016915872790522313
2020-07-08,308.06,308.99,308.06,308.99,6061,0.0,64.94779150287614,80.50221565731165,75.23387493845401,1.5636780385253815,1.559701884037124,0.0039761544882574995
2020-07-09,309.31,310.03,309.31,309.765,1603,0.0,67.37494361953424,87.47181104231936,79.92044119923698,1.624828910230974,1.5727272892758941,0.052101620955079975
2020-07-10,310.91,310.91,310.175,310.635,1894,0.0,69.89506541682893,93.24052873805441,87.07151847922852,1.7236242779749205,1.6029066870156994,0.12071759095922108
2020-07-11,310.43,311.28,310.35,311.05,2532,0.0,71.04406884052747,95.60486977188646,92.10573651742011,1.8144910273130108,1.6452235550751617,0.1692674722378491
2020-07-12,311.135,312.39,310.93,311.94,2350,0.0,73.38970137380159,94.61063384339282,94.48534411777793,1.936002115514441,1.7033792671630177,0.23262284835142322
2020-07-13,312.21,312.44,311.835,312.15,3256,0.0,73.92640838846906,94.93772845466843,95.05107735664927,2.025892545125089,1.7678819227554319,0.258010622369657
2020-07-14,312.3,312.45,311.955,311.97,750,0.0,72.5752264952115,93.93973684441472,94.49603304749202,2.058873451001034,1.8260802284045525,0.2327932225964815
2020-07-15,311.87,312.21,311.7,311.77,2446,0.0,71.0219492809351,92.82142426742985,93.89962985550437,2.0452958308069356,1.8699233488850293,0.17537248192190624
2020-07-16,311.53,311.67,310.8,310.8,1442,0.0,63.88095931320637,84.11124534407953,90.29080215197473,1.9339709622125838,1.8827328715505405,0.05123809066204332
2020-07-17,310.75,312.31,310.38,312.31,5856,0.0,69.09099559771705,85.61543524077554,87.51603495076166,1.9451669089012285,1.8952196790206783,0.049947229880550115
2020-07-18,314.14,316.93,314.14,316.93,2884,0.0,79.04879322074447,88.98093882899632,86.23587313795049,2.3003185262908232,1.9762394484747074,0.3240790778161158
2020-07-19,318.38,320.73,318.36,320.13,3558,0.0,83.10808186160256,97.66172695700938,90.75270034226044,2.807627417108449,2.142517042201456,0.6651103749069933
2020-07-20,320.32,321.19,318.665,318.71,5741,0.0,76.06520671311031,92.40972986187491,93.01746521596023,3.059819540488604,2.3259775418588857,0.7338419986297184
2020-07-21,318.34,318.955,318.315,318.44,2805,0.0,74.76778445135112,85.42826248436792,91.83323976775075,3.200997762048644,2.500981585896837,0.7000161761518067
2020-07-22,318.495,319.2,318.495,319.2,762,0.0,76.00826908530385,81.31146191542216,86.38315142055502,3.335755653446995,2.6679363994068686,0.6678192540401264
2020-07-23,318.74,318.74,318.74,318.74,147,0.0,73.6481876438899,80.02078646163586,82.25350362047534,3.3666257318536736,2.80767426589623,0.5589514659574437
2020-07-24,319.0,319.47,318.7,318.7,1662,0.0,73.43466001436138,79.34542727087712,80.22589188264509,3.3492547023221846,2.915990353181421,0.4332643491407637
2020-07-25,319.42,319.42,318.95,318.95,3364,0.0,73.94314566367947,78.0218564823048,79.12935673827263,3.317419796537422,2.996276241852621,0.32114355468480094
2020-07-26,319.25,319.26,319.25,319.25,301,0.0,74.5721291572961,79.45387340089854,78.94038571802686,3.2786041889107196,3.0527418312642407,0.22586235764647888
2020-07-27,319.605,319.91,319.55,319.74,1564,0.0,75.60781371312038,82.63953129818066,80.03842039379471,3.24991840870274,3.0921771467519408,0.1577412619507994
2020-07-28,319.63,319.63,318.58,318.72,6884,0.0,69.2818625747854,81.93031144002475,81.3412387130347,3.1090401659905638,3.0955497505996656,0.013490415390898125
2020-07-29,318.65,318.9,318.65,318.9,2254,0.0,69.76265740614642,80.85106382978726,81.8069688559976,2.977593791603624,3.071958558800458,-0.09436476719683373
