Date,Open,High,Low,Close,Volume,OpenInterest,rsi,stoc k,stoc d,macd,signal,histogram
2020-04-01,34.63,34.97,34.53,34.7,8801,0.0,,,,,,
2020-04-02,34.69,34.89,34.65,34.865,8313,0.0,,,,,,
2020-04-03,34.84,34.895,34.79,34.8,6457,0.0,,,,,,
2020-04-04,34.8,34.805,34.71,34.8,8185,0.0,,,,,,
2020-04-05,34.81,34.93,34.75,34.93,9948,0.0,,,,,,
2020-04-06,34.94,35.05,34.89,34.97,14654,0.0,,,,,,
2020-04-07,35.0,35.055,34.94,34.965,13555,0.0,,,,,,
2020-04-08,34.955,35.0,34.9,34.97,17244,0.0,,,,,,
2020-04-09,34.97,35.09,34.97,35.06,22209,0.0,,,,,,
2020-04-10,35.07,35.11,35.06,35.11,5587,0.0,,,,,,
2020-04-11,35.12,35.31,35.11,35.31,9834,0.0,,,,,,
2020-04-12,35.3,35.46,35.3,35.45,9161,0.0,,,,,,
2020-04-13,35.44,35.8,35.43,35.76,17462,0.0,,,,,,
2020-04-14,35.79,35.84,35.58,35.58,21632,0.0,,,,,,
2020-04-15,35.61,35.64,35.54,35.63,13818,0.0,82.51748251748252,,,,,
2020-04-16,35.62,35.7,35.59,35.59,15492,0.0,80.1044386422977,80.12723970896192,,,,
2020-04-17,35.57,35.575,35.315,35.335,12604,0.0,66.71127019703601,71.84626062814505,,,,
2020-04-18,35.34,35.38,35.29,35.31,14620,0.0,65.55406365606405,61.52066249898513,71.16472094536404,,,
2020-04-19,35.3,35.3,35.15,35.16,23305,0.0,58.94698878166506,45.03564464461451,59.46752259058156,,,
2020-04-20,35.14,35.145,35.06,35.075,18516,0.0,55.53143701427505,32.80474023238847,46.453682458662705,,,
2020-04-21,35.08,35.14,35.06,35.12,16952,0.0,56.953489007887306,23.480776409107744,33.77372042870357,,,
2020-04-22,35.11,35.19,35.07,35.15,13945,0.0,57.91961879005866,20.90364392271948,25.729720188071894,,,
2020-04-23,35.15,35.18,35.085,35.15,19529,0.0,57.91961879005866,18.544124010007792,20.976181447278336,,,
2020-04-24,35.15,35.21,35.12,35.2,20023,0.0,59.66927089239528,16.72561155319756,18.72445982864161,,,
2020-04-25,35.19,35.23,35.09,35.17,33949,0.0,58.108120299999115,14.529914529914345,16.59988336437323,,,
2020-04-26,35.175,35.22,35.07,35.21,111316,0.0,59.624928916034364,17.094017094017,16.116514392376303,0.035373697582734565,,
2020-04-27,35.15,35.51,35.15,35.165,22377,0.0,57.119276404072295,15.598290598290347,15.740740740740565,0.02968613770917017,,
2020-04-28,35.135,35.325,35.12,35.21,15050,0.0,58.975870747981254,18.709935897435596,17.134081196580983,0.02848151230727325,,
2020-04-29,35.22,35.25,35.075,35.18,30608,0.0,57.19788485360314,18.549679487179116,17.619301994301683,0.024819979444735907,,
2020-04-30,35.195,35.23,35.115,35.205,18596,0.0,58.32541628476525,23.447613268607913,20.23574288440754,0.023662710342236437,,
2020-05-01,35.205,35.29,35.15,35.265,19987,0.0,60.98200486515512,30.8202984537932,24.272530403193404,0.027272682295063078,,
2020-05-02,35.265,35.28,34.98,34.98,22644,0.0,45.98648466398117,24.570298453793338,26.27940339206481,0.007055165365855487,,
2020-05-03,34.985,35.07,34.82,34.85,17472,0.0,41.03029769378382,16.63446054750409,24.008352485030205,-0.01923554066546984,,
2020-05-04,34.85,34.85,34.72,34.73,18698,0.0,37.05981511406384,1.8712162905888476,14.358658430628756,-0.04918711330351755,0.0119921367864535,-0.06117925008997105
2020-05-05,34.74,34.835,34.74,34.75,15508,0.0,38.134352724499,3.1370390753990236,7.2142386378306504,-0.07049746664326051,-0.004505783899489302,-0.06599168274377121
2020-05-06,34.75,34.925,34.725,34.84,18780,0.0,42.861706149322735,6.751054852320827,3.9197700727695626,-0.07921073530951617,-0.019446774181494673,-0.059763961128021494
2020-05-07,34.85,35.08,34.85,35.08,14023,0.0,53.14394421050623,21.518987341772384,10.46902708983074,-0.06598938471687177,-0.028755296288570095,-0.03723408842830167
2020-05-08,35.09,35.13,35.005,35.005,12132,0.0,50.109262795093265,32.27848101265858,20.18284106891726,-0.06086166690534611,-0.035176570411925304,-0.02568509649342081
2020-05-09,35.005,35.1,34.98,35.1,7905,0.0,53.714634486831734,43.24894514767961,32.34880450070352,-0.04857229634753679,-0.0378557155990476,-0.01071658074848919
2020-05-10,35.09,35.09,34.97,35.0,9507,0.0,49.64749954644269,39.87341772151934,38.46694796061917,-0.046367549655833784,-0.03955808241040484,-0.006809467245428941
2020-05-11,34.98,35.02,34.95,34.97,10999,0.0,48.461995107523684,41.62220594901847,41.5815229394058,-0.046504941283068035,-0.04094745418493748,-0.005557487098130552
2020-05-12,34.975,35.01,34.95,34.97,9196,0.0,48.46199510752368,40.2083337156924,40.56798579541006,-0.0460826134550274,-0.04197448603895547,-0.00410812741607193
2020-05-13,34.97,34.99,34.885,34.935,11078,0.0,46.94524657034653,40.96708713933603,40.932542268015624,-0.04801859463300673,-0.04318330775776572,-0.004835286875241006
2020-05-14,34.935,34.95,34.895,34.95,11506,0.0,47.70071435640173,40.643274853801564,40.606231902943314,-0.04779158735497191,-0.04410496367720697,-0.0036866236777649414
2020-05-15,34.94,34.965,34.91,34.93,13031,0.0,46.74495228789716,38.5233918128659,40.04458460200115,-0.04866454077126292,-0.04501687909601816,-0.0036476616752447594
2020-05-16,34.945,34.98,34.915,34.965,14926,0.0,48.682761076255716,45.86899158465309,41.67855275044017,-0.046001874179808055,-0.04521387811277614,-0.0007879960670319139
2020-05-17,34.96,35.005,34.94,34.98,11444,0.0,49.53035587608626,53.556910569105504,45.98309798887482,-0.04219492030696159,-0.044610086551613234,0.0024151662446516425
2020-05-18,35.0,35.005,34.935,34.95,7788,0.0,47.82886450268762,59.57542908762409,53.00044374712755,-0.04112457273925685,-0.043912983789141956,0.0027884110498851075
2020-05-19,34.945,34.98,34.93,34.97,18282,0.0,49.08460766513156,59.82133895412971,57.65122620361976,-0.03822188364502921,-0.04277476376031941,0.004552880115290203
2020-05-20,34.96,34.965,34.81,34.815,24416,0.0,40.873547230859806,39.2039609053491,52.86690964903429,-0.047876792375824095,-0.043795169483420354,-0.004081622892403741
2020-05-21,34.825,34.89,34.79,34.86,29545,0.0,43.812284741624865,27.548187484869697,42.19116244811616,-0.0513058314968049,-0.04529730188609727,-0.006008529610707629
2020-05-22,34.85,34.965,34.85,34.94,106694,0.0,48.694378146883274,23.51261068943627,30.088253026551673,-0.047025952386498204,-0.04564303198617746,-0.0013829204003207446
2020-05-23,34.83,34.94,34.83,34.83,400,0.0,43.14343462170873,27.436221800547695,26.16567332495121,-0.051911791232988946,-0.04689678383553976,-0.0050150073974491866
2020-05-24,34.81,34.92,34.81,34.92,700,0.0,48.33305158209383,39.414056412653494,30.120962967545807,-0.04796865310721188,-0.047111157689874186,-0.000857495417337692
2020-05-25,34.84,34.96,34.84,34.95,800,0.0,49.97224107003902,47.527448397014176,38.125908870071775,-0.04193948616413934,-0.04607682338472722,0.004137337220587879
2020-05-26,34.95,34.97,34.945,34.945,400,0.0,49.689289201799745,67.11401170450766,51.351838838058434,-0.03713669740631076,-0.04428879818904393,0.0071521007827331715
2020-05-27,34.83,34.97,34.83,34.97,700,0.0,51.1778125825709,76.18040873854825,63.60728961335669,-0.03095631650024444,-0.04162230185128404,0.010665985351039596
2020-05-28,34.86,34.99,34.86,34.86,800,0.0,44.885139794764484,62.79069767441778,68.69503937249122,-0.034536287966993484,-0.04020509907442593,0.005668811107432448
2020-05-29,34.82,34.97,34.82,34.97,400,0.0,51.32981598838741,66.66666666666556,68.54592435987718,-0.028172604210560337,-0.03779860010165281,0.009625995891092476
2020-05-30,34.95,34.96,34.86,34.93,600,0.0,49.082267851413974,60.46511627906889,63.30749354005072,-0.026056639965929662,-0.03545020807450818,0.00939356810857852
2020-05-31,34.93,34.93,34.93,34.93,200,0.0,49.082267851413974,71.31782945736333,66.14987080103256,-0.0241018914555724,-0.033180544750721026,0.009078653295148627
2020-06-01,34.68,34.68,33.875,33.875,48522,0.0,20.980961305387922,43.41085271317777,58.39793281653664,-0.10645527206477823,-0.047835490213532464,-0.058619781851245764
2020-06-02,33.86,34.12,33.84,34.05,41466,0.0,28.312813477470087,27.792382878327828,47.507021682956285,-0.15580387200571977,-0.06942916657196993,-0.08637470543374984
2020-06-03,34.035,34.115,33.99,34.07,38288,0.0,29.12222367590651,12.753623188405518,27.98561959330368,-0.19109632071152305,-0.09376259739988056,-0.09733372331164249
2020-06-04,34.075,34.21,34.075,34.14,56631,0.0,32.01549909484814,21.449275362318488,20.66509380968392,-0.21098531817946764,-0.11720714155579798,-0.09377817662366966
2020-06-05,34.14,34.16,34.09,34.115,29457,0.0,31.520617769065367,23.333333333333126,19.178743961352353,-0.22615777695715877,-0.13899726863607015,-0.08716050832108863
2020-06-06,34.095,34.175,34.03,34.03,23190,0.0,29.832164095562263,22.17391304347808,22.318840579709875,-0.2422483611623818,-0.15964748714133248,-0.08260087402104932
2020-06-07,34.04,34.16,34.04,34.145,29894,0.0,34.91210058295502,22.31884057971004,22.608695652173726,-0.2429204899708992,-0.17630208770724584,-0.06661840226365337
2020-06-08,34.12,34.14,34.085,34.11,32540,0.0,34.102881413103674,22.173913043478084,22.222222222222044,-0.24347078473573447,-0.1897358271129436,-0.053734957622790874
2020-06-09,34.12,34.215,34.115,34.21,35294,0.0,38.4897470633921,27.391304347825912,23.961352657004653,-0.23315012354311193,-0.19841868639897725,-0.03473143714413468
2020-06-10,34.215,34.26,34.195,34.195,15390,0.0,38.08023801176628,28.84057971014467,26.13526570048286,-0.22360373516092835,-0.2034556961513675,-0.02014803900956086
2020-06-11,34.19,34.21,34.17,34.17,15549,0.0,37.366668540654445,30.749006027959307,28.99363002864327,-0.21557048232405407,-0.20587865338590483,-0.009691828938149238
2020-06-12,34.18,34.37,34.18,34.37,15316,0.0,46.07269520281295,35.79817787060932,31.79592120290441,-0.19086556363620133,-0.20287603543596416,0.012010471799762834
2020-06-13,34.375,34.39,34.29,34.315,58640,0.0,44.25108366542349,40.03431668193756,35.52716686016871,-0.1737222163606873,-0.19704527162090882,0.02332305526022152
2020-06-14,34.315,34.34,34.255,34.28,14584,0.0,43.08369589448003,47.76012086791874,41.197538473488514,-0.16110310135724148,-0.18985683756817534,0.028753736210933856
2020-06-15,34.29,34.295,34.25,34.265,13305,0.0,42.56542584773405,57.74388710168506,48.5127748838471,-0.15057697876072496,-0.18200086580668529,0.03142388704596033
2020-06-16,34.27,34.29,34.23,34.24,28279,0.0,41.665811373616016,64.05122655122655,56.51841150694343,-0.14260834164083036,-0.1741223609735143,0.03151401933268394
2020-06-17,34.24,34.25,34.205,34.215,13497,0.0,40.73857602520356,63.72053872053896,61.83855079115017,-0.13673424313788018,-0.16664473740638747,0.02991049426850728
2020-06-18,34.22,34.22,34.125,34.125,12197,0.0,37.50291960763486,46.759259259259444,58.1770081770083,-0.13775329139753723,-0.16086644820461743,0.023113156807080204
2020-06-19,34.115,34.12,34.02,34.03,10111,0.0,34.397310310280034,26.82682682682677,45.7688749355417,-0.14456020053091123,-0.1576051986698762,0.01304499813896498
2020-06-20,34.025,34.1,34.025,34.1,15536,0.0,38.44235089279234,16.90440440440401,30.163496830163382,-0.1426617937205279,-0.15461651768000656,0.011954723959478664
2020-06-21,34.1,34.105,34.04,34.04,11625,0.0,36.37216978539493,9.909909909909258,17.880380380379986,-0.1443349873167108,-0.1525602116073474,0.008225224290636601
2020-06-22,34.045,34.06,34.0,34.01,18082,0.0,35.34720677969901,9.863709863709213,12.2260080593408,-0.14639421321324875,-0.15132701192852765,0.004932798715278908
2020-06-23,34.005,34.01,33.95,33.97,13154,0.0,33.972561350275384,4.171654171653331,7.98175798175724,-0.14953013990468378,-0.15096763752375889,0.0014374976190751065
2020-06-24,33.97,34.01,33.97,33.985,25658,0.0,34.99352009354209,5.021367521366783,6.352243852243082,-0.14908643415119371,-0.15059139684924586,0.0015049626980521424
2020-06-25,33.99,34.065,33.95,33.995,46322,0.0,35.70725857252651,7.575757575756616,5.589593089592216,-0.146242089938049,-0.1497215354670065,0.0034794455289575144
2020-06-26,33.99,34.015,33.65,33.84,213868,0.0,30.17668286566861,14.619164619164147,9.072096572095822,-0.15471171096833558,-0.15071957056727234,-0.003992140401063243
2020-06-27,33.74,33.8,33.715,33.78,10225,0.0,28.34640884410757,18.247842704364295,13.480921633094992,-0.1643706823058224,-0.15344979291498237,-0.010920889390840044
2020-06-28,33.79,33.89,33.68,33.89,19601,0.0,36.00922025131582,27.241852570467618,20.036286631331993,-0.16129015349837061,-0.15501786503166,-0.006272288466710602
2020-06-29,33.85,33.85,33.765,33.78,24752,0.0,32.29037622184677,25.454127345242327,23.647940873358053,-0.16581349812502566,-0.15717699165033316,-0.008636506474692496
2020-06-30,33.805,33.82,33.76,33.76,12382,0.0,31.65035434732802,25.285045219638334,25.993675045116067,-0.16906325818152368,-0.15955424495657128,-0.0095090132249524
2020-07-01,33.76,33.85,33.75,33.85,26014,0.0,37.64030056253252,24.577850877193196,25.105674480691263,-0.16250323249153098,-0.16014404246356323,-0.0023591900279677502
2020-07-02,33.84,33.9,33.75,33.75,32796,0.0,34.06779543983885,24.899216125420136,24.92070407408387,-0.16348893051228686,-0.16081302007330797,-0.0026759104389788846
2020-07-03,33.75,33.795,33.705,33.74,39386,0.0,33.72310281788178,25.381511607715936,24.9528595367764,-0.1631958001238516,-0.1612895760834167,-0.0019062240404348896
2020-07-04,33.74,33.75,33.585,33.585,70632,0.0,28.850531958931583,13.685605174967238,21.322110969367746,-0.17347103072979309,-0.16372586701269198,-0.009745163717101102
2020-07-05,33.575,33.655,33.57,33.65,32884,0.0,33.208821557924296,11.980611980612139,17.01590958776508,-0.1743593620509145,-0.16585256602033652,-0.008506796030577995
2020-07-06,33.65,33.675,33.585,33.59,18740,0.0,31.302707403717704,6.734006734006836,10.800074629862046,-0.17785467163810864,-0.16825298714389095,-0.009601684494217694
2020-07-07,33.58,33.66,33.575,33.645,30562,0.0,34.98649952157892,11.784511784512103,10.16637683304367,-0.1741788638031423,-0.16943816247574123,-0.0047407013274010645
2020-07-08,33.645,33.66,33.595,33.645,37724,0.0,34.98649952157892,11.447811447812072,9.988776655443646,-0.16931401306288762,-0.16941333259317054,9.931953028291529e-05
2020-07-09,33.65,33.68,33.63,33.655,73742,0.0,35.7134126985588,16.46805129951244,13.233458177278848,-0.16277529509758182,-0.16808572509405278,0.005310429996470967
2020-07-10,33.66,33.815,33.66,33.78,52310,0.0,44.12354003662004,32.62966746112858,20.181843402817673,-0.14582586882735882,-0.163633753840714,0.017807885013355174
2020-07-11,33.775,33.79,33.76,33.78,30650,0.0,44.12354003662004,48.791283622744714,32.629667461128555,-0.13088457053783742,-0.15708391718013867,0.026199346642301252
2020-07-12,33.78,33.855,33.78,33.81,39354,0.0,46.08671323936756,66.66666666666735,49.36253925018019,-0.11529370070373801,-0.14872587388485856,0.033432173181120545
2020-07-13,33.81,33.83,33.78,33.79,32084,0.0,44.95279979651322,67.67676767676816,61.044905988726725,-0.10336018501372735,-0.1396527361106323,0.03629255109690496
2020-07-14,33.79,33.85,33.79,33.835,57912,0.0,48.04991682484545,73.23232323232374,69.19191919191972,-0.08924292702283054,-0.12957077429307196,0.04032784727024141
2020-07-15,33.84,33.855,33.775,33.78,52016,0.0,44.73690365364527,70.20202020202056,70.3703703703708,-0.08155284823197206,-0.119967189080852,0.03841434084887993
2020-07-16,33.79,33.82,33.735,33.75,84576,0.0,42.995510315087806,69.03242955874593,70.82225766436339,-0.07699164293164529,-0.11137207985101066,0.034380436919365376
2020-07-17,33.75,33.77,33.625,33.64,192980,0.0,37.26734521764139,50.45188729399306,63.22877901825317,-0.08131558017006313,-0.10536077991482115,0.024045199744758022
2020-07-18,33.71,33.88,33.57,33.685,42568,0.0,40.7452682534264,41.60535747972124,53.69655811082007,-0.08018686341760173,-0.10032599661537728,0.02013913319777555
2020-07-19,33.72,33.74,33.565,33.595,33022,0.0,36.398875694710874,23.7273290753769,38.594857949697065,-0.08556821794581992,-0.09737444088146582,0.0118062229356459
2020-07-20,33.6,33.615,33.505,33.56,44674,0.0,34.84230495301213,20.429083461341655,28.587256672146594,-0.09160126530614576,-0.09621980576640182,0.00461854046025606
2020-07-21,33.57,33.7,33.565,33.64,38068,0.0,41.04794354384849,20.063492063491893,21.406634866736812,-0.08890235636843613,-0.09475631588680869,0.005853959518372559
2020-07-22,33.605,33.605,33.43,33.5,44710,0.0,34.801394610396315,22.07407407407382,20.855549866302454,-0.09694278547571855,-0.09519360980459067,-0.001749175671127881
2020-07-23,33.485,33.54,33.475,33.475,25416,0.0,33.81189658810301,20.518518518518395,20.885361552028034,-0.10413180787628562,-0.09698124941892966,-0.00715055845735596
2020-07-24,33.49,33.575,33.49,33.52,22220,0.0,37.269341864893455,15.185185185185448,19.25925925925922,-0.1049878019750139,-0.09858255993014652,-0.006405242044867379
2020-07-25,33.51,33.58,33.47,33.53,34134,0.0,38.043860544570215,17.40740740740774,17.703703703703855,-0.10366428963668994,-0.09959890587145522,-0.0040653837652347286
2020-07-26,33.53,33.55,33.51,33.535,24222,0.0,38.45303955712237,21.8518518518518,18.148148148148326,-0.10104712994557019,-0.09988855068627822,-0.0011585792592919697
2020-07-27,33.53,33.625,33.53,33.625,21834,0.0,45.43817851498249,29.629629629629296,22.962962962962944,-0.09066562728219907,-0.0980439660054624,0.007378338723263336
2020-07-28,33.63,33.82,33.62,33.78,49738,0.0,54.92603443597699,48.1481481481477,33.209876543209596,-0.06913407246295122,-0.09226198729696017,0.023127914834008945
2020-07-29,33.78,33.825,33.775,33.825,4930,0.0,57.250259613062155,69.6296296296295,49.135802469135506,-0.047887024414102086,-0.08338699472038855,0.03549997030628646
