Date,Open,High,Low,Close,Volume,OpenInterest,rsi,stoc k,stoc d,macd,signal,histogram
2020-04-01,223.03,225.52,223.03,225.035,734,0.0,,,,,,
2020-04-02,223.505,223.505,223.505,223.505,100,0.0,,,,,,
2020-04-03,223.89,224.37,223.72,224.37,445,0.0,,,,,,
2020-04-04,223.49,224.335,223.49,224.335,710,0.0,,,,,,
2020-04-05,224.005,224.005,223.77,223.77,200,0.0,,,,,,
2020-04-06,224.29,224.29,224.29,224.29,100,0.0,,,,,,
2020-04-07,224.17,224.17,224.02,224.08,868,0.0,,,,,,
2020-04-08,224.155,224.77,224.155,224.77,206,0.0,,,,,,
2020-04-09,224.81,225.075,224.81,225.075,200,0.0,,,,,,
2020-04-10,225.165,225.165,225.165,225.165,146,0.0,,,,,,
2020-04-11,225.16,225.645,225.16,225.645,1099,0.0,,,,,,
2020-04-12,226.25,226.25,226.16,226.16,200,0.0,,,,,,
2020-04-13,225.435,225.56,225.435,225.56,238,0.0,,,,,,
2020-04-14,225.56,225.56,225.465,225.465,311,0.0,,,,,,
2020-04-15,226.2,226.2,226.2,226.2,270,0.0,58.051140290255724,,,,,
2020-04-16,224.43,224.43,224.43,224.43,123,0.0,45.94605966255735,69.28916494133875,,,,
2020-04-17,223.81,223.81,223.81,223.81,100,0.0,42.595454204485755,47.94685990338144,,,,
2020-04-18,223.325,224.18,223.325,224.18,200,0.0,45.16540256471484,24.960981047937675,47.39900196421929,,,
2020-04-19,224.11,224.11,224.11,224.11,100,0.0,44.75715688067037,22.554192988975945,31.820677980098356,,,
2020-04-20,223.89,224.025,223.87,223.87,809,0.0,43.31165590292686,24.900284900285474,24.138486312399703,,,
2020-04-21,223.57,223.57,223.03,223.17,21895,0.0,39.32260430755123,16.605970519014264,21.353482802758563,,,
2020-04-22,223.35,225.06,222.79,225.06,12304,0.0,52.139679114958966,29.52908037854011,23.67844526594662,,,
2020-04-23,228.215,229.63,228.215,229.63,1875,0.0,69.12334181516587,56.65158750104708,34.26221279953382,,,
2020-04-24,229.595,230.31,229.0,230.31,2084,0.0,70.7846284091296,88.53564547206172,58.23877111721631,,,
2020-04-25,230.24,232.87,230.24,231.45,6004,0.0,73.37131934824896,95.30423280423275,80.16382192578052,,,
2020-04-26,231.515,233.52,231.515,233.52,2501,0.0,77.30125277412932,95.30423280423275,93.04803702684244,2.218578573015833,,
2020-04-27,233.46,234.14,232.54,233.61,2890,0.0,77.45702984287696,93.74769829615649,94.78538796820736,2.5120451173381753,,
2020-04-28,234.02,234.02,230.775,231.01,1030,0.0,63.82894504135267,89.251101321586,92.76767747399178,2.505934345883162,,
2020-04-29,230.455,230.74,229.51,229.51,732,0.0,57.53910390851942,75.65345080763593,86.2174168084595,2.352930928408341,,
2020-04-30,228.34,228.34,226.61,226.61,302,0.0,47.743566075671964,55.095447870778365,73.33333333333344,1.9749033970146002,,
2020-05-01,225.665,225.665,225.665,225.665,100,0.0,45.05204259880718,39.39794419970641,56.7156142927069,1.580837343677473,,
2020-05-02,226.865,227.21,226.79,227.075,432,0.0,49.61606134936796,32.24669603524238,42.24669603524239,1.366559525892768,,
2020-05-03,227.48,228.63,227.48,228.42,1132,0.0,53.57715806073544,37.56240822320118,36.40234948604999,1.2903981640854738,,
2020-05-04,229.1,229.62,229.1,229.62,300,0.0,56.8375727137735,49.17767988252575,39.66226138032311,1.3117486850161129,1.9015484533702154,-0.5897997683541025
2020-05-05,228.82,228.88,228.82,228.88,200,0.0,54.3046982005925,54.478707782672615,47.07293196279985,1.254496259135351,1.7721380145232426,-0.5176417553878916
2020-05-06,227.6,228.12,227.6,228.12,200,0.0,51.753834578174946,47.60005024712067,50.41881263743968,1.1347173356204223,1.6446538787426785,-0.5099365431222562
2020-05-07,228.12,228.12,227.21,227.21,717,0.0,48.79810128493647,33.618009261064266,45.23225576361918,0.9553496053950994,1.5067930240731628,-0.5514434186780635
2020-05-08,227.735,228.17,227.735,228.17,522,0.0,51.917860109866034,25.585054080629423,35.601037862938114,0.880513354017495,1.3815370900620294,-0.5010237360445344
2020-05-09,229.08,229.08,228.96,228.96,403,0.0,54.38117317179596,28.888888888889028,29.363984076860902,0.8748665661402413,1.2802029852776717,-0.40533641913743046
2020-05-10,228.455,229.62,228.455,229.62,675,0.0,56.39124261484482,38.367748279252844,30.9472304162571,0.9131220278758292,1.2067867937973031,-0.29366476592147395
2020-05-11,229.52,230.45,229.52,230.21,1568,0.0,58.16580442508229,46.64809548271856,37.96824421695348,0.979753833761265,1.1613802017900956,-0.1816263680288306
2020-05-12,230.125,230.55,229.92,230.335,1201,0.0,58.55064238886834,64.36164494481845,49.792496235596616,1.0307644641984268,1.135257054271762,-0.10449259007333511
2020-05-13,230.14,230.26,230.03,230.26,929,0.0,58.20467094204862,80.16057591263358,63.72343878005686,1.053000548282256,1.1188057530738609,-0.0658052047916049
2020-05-14,230.76,230.76,230.71,230.71,304,0.0,59.741760957351794,95.03393657823968,79.85205247856389,1.0943194113304742,1.1139084847251837,-0.0195890733947095
2020-05-15,230.82,230.82,230.82,230.82,234,0.0,60.12777832300566,97.69403510040718,90.96284919709348,1.1229957922220422,1.1157259462245555,0.007269845997486701
2020-05-16,230.895,231.0,230.27,231.0,1026,0.0,60.79031499973585,99.67288191036978,97.46695119633887,1.147024343721455,1.1219856257239353,0.025038717997519555
2020-05-17,230.7,231.255,230.42,231.255,1227,0.0,61.759736668036744,100.00000000000004,99.122305670259,1.1731205097825637,1.132212602535661,0.04090790724690274
2020-05-18,229.82,230.66,229.82,230.5,2856,0.0,57.24677302583493,93.77832715286367,97.81706968774449,1.1199694090066998,1.1297639638298689,-0.009794554823169044
2020-05-19,230.34,230.38,230.34,230.38,400,0.0,56.53959610512586,86.56777915121552,93.44870210135974,1.0559909749628673,1.1150093660564686,-0.0590183910936013
2020-05-20,230.44,230.49,230.3,230.39,700,0.0,56.58772357877951,79.43963741244328,86.59524790550749,0.9946290568377947,1.0909333042127338,-0.09630424737493914
2020-05-21,230.51,230.51,230.35,230.36,800,0.0,56.385990804479476,77.18593147170098,81.06444934511994,0.9328255134994663,1.0593117460700805,-0.1264862325706142
2020-05-22,230.34,230.48,230.34,230.41,500,0.0,56.66328682709779,74.33695566382528,76.98750818265653,0.8777620477671633,1.0230018064094972,-0.14523975864233396
2020-05-23,230.44,230.45,230.34,230.45,700,0.0,56.8993758848455,71.88176406926407,74.46821706826346,0.827809052703202,0.9839632556682383,-0.15615420296503624
2020-05-24,230.44,230.44,230.4,230.4,600,0.0,56.485138980753476,63.930629888843065,70.0497832073108,0.7752497653715977,0.9422205576089102,-0.16697079223731248
2020-05-25,230.44,230.45,230.41,230.41,400,0.0,56.55326501498496,54.36181455783272,63.391402838646606,0.7260338021873167,0.8989832065245916,-0.1729494043372749
2020-05-26,230.4,230.45,230.4,230.45,800,0.0,56.844308753036486,45.24596089929614,54.51280178199064,0.6823912805792531,0.855664821335524,-0.17327354075627088
2020-05-27,230.46,230.47,230.34,230.47,800,0.0,56.99941531206987,43.43786295005816,47.68187946906233,0.6420173245549279,0.8129353219794049,-0.170917997424477
2020-05-28,230.48,230.48,230.41,230.425,400,0.0,56.507303408422736,43.78629500580763,44.156706285053964,0.5994791273899693,0.7702440830615178,-0.17076495567154848
2020-05-29,230.41,230.41,230.41,230.41,200,0.0,56.3327141282824,42.85714285714348,43.360433604336414,0.5581232278744892,0.7278199120241121,-0.1696966841496229
2020-05-30,230.4,230.42,230.3,230.3,1400,0.0,54.99090733437458,38.90824622532032,41.850561362757134,0.5105865746601239,0.6843732445513145,-0.17378666989119063
2020-05-31,230.34,230.42,230.31,230.33,500,0.0,55.30359815063726,45.092915214867645,42.28610143244381,0.46991727000883543,0.6414820496428187,-0.1715647796339833
2020-06-01,230.35,230.44,230.3,230.35,900,0.0,55.52542804342812,39.324428958574515,41.10853013292081,0.4342941137149978,0.6000444624572546,-0.1657503487422568
2020-06-02,230.32,230.44,230.31,230.44,900,0.0,56.56999100590502,50.396825396824205,44.93805652342211,0.40861449993821,0.5617584699534457,-0.15314397001523572
2020-06-03,230.3,230.44,230.3,230.44,400,0.0,56.56999100590502,52.38095238095051,47.36740224544973,0.3838385689172128,0.5261744897461992,-0.14233592082898638
2020-06-04,230.43,230.45,230.3,230.3,1300,0.0,54.270449984116105,44.444444444444514,49.07407407407306,0.3488849070754725,0.49071657321205386,-0.14183166613658138
2020-06-05,230.44,230.44,230.44,230.44,100,0.0,56.18836430851751,48.1481481481488,48.32451499118127,0.32869175426984043,0.45831160942361115,-0.12961985515377072
2020-06-06,230.15,230.15,227.78,228.09,1746,0.0,31.9587478324716,29.753086419753775,40.78189300411569,0.12166074561278606,0.39098143666144614,-0.2693206910486601
2020-06-07,228.12,228.32,227.49,228.025,1237,0.0,31.553447329730417,35.7174119492967,37.87288217239975,-0.047114668527200365,0.30336221562371685,-0.3504768841509172
2020-06-08,227.335,227.335,226.17,226.17,541,0.0,22.70416336843475,9.791486023370188,25.087328130806878,-0.3267864070297719,0.17733249109301913,-0.5041188981227911
2020-06-09,228.05,228.5,227.585,227.585,2140,0.0,37.1776375352076,16.907867679581805,20.805588550749558,-0.42930088697301017,0.05600581547981327,-0.4853067024528234
2020-06-10,227.925,227.925,226.72,226.72,619,0.0,33.09765533723858,15.19721577726248,13.965523160071486,-0.573729030666783,-0.06994115374950599,-0.503787876917277
2020-06-11,224.81,225.52,224.81,225.52,257,0.0,28.435496027380637,19.39343327135237,17.166172242732213,-0.7760732568579556,-0.21116757437119593,-0.5649056824867597
2020-06-12,225.0,225.02,223.94,224.045,1056,0.0,23.96667358668961,8.987525529915649,14.526058192843495,-1.043424735989447,-0.37761900669484616,-0.6658057292946009
2020-06-13,224.325,225.425,224.325,225.135,2667,0.0,32.41899662955119,10.852643505354598,13.077867435540869,-1.1540456984316165,-0.5329043450422003,-0.6211413533894162
2020-06-14,225.11,225.25,224.64,225.005,1131,0.0,31.96262765764287,12.109575012800802,10.649914682690346,-1.2379333960893462,-0.6739101552516296,-0.5640232408377166
2020-06-15,225.005,225.83,224.93,225.83,1703,0.0,37.933892441398626,21.2493599590375,14.737192825730963,-1.2237379068344012,-0.7838757055681839,-0.43986220126621733
2020-06-16,225.49,225.715,225.49,225.715,210,0.0,37.4406160186245,24.219150025601824,19.192694999146703,-1.2078441428103304,-0.8686693930166132,-0.3391747497937172
2020-06-17,225.35,225.35,225.35,225.35,101,0.0,35.847309888275134,25.98566308243746,23.81805768902559,-1.2107439670899396,-0.9370843078312785,-0.2736596592586611
2020-06-18,225.84,225.84,225.275,225.275,222,0.0,35.51288752649353,23.154397573752547,24.453070227263936,-1.2052011631256505,-0.9907076788901529,-0.21449348423549763
2020-06-19,225.355,225.355,224.865,225.06,1116,0.0,34.51872950268542,20.077624814885326,23.07256182369177,-1.2042750214085913,-1.0334211473938406,-0.17085387401475072
2020-06-20,224.57,225.05,224.57,225.05,328,0.0,34.4703944815175,20.971997844232988,21.401340077623615,-1.1906232007310393,-1.0648615580612804,-0.12576164266975898
2020-06-21,225.025,225.08,225.025,225.08,300,0.0,34.765508831569136,22.459177331412537,21.169599996843612,-1.163965811872771,-1.0846824088235785,-0.07928340304919246
2020-06-22,224.7,224.815,224.7,224.815,213,0.0,33.33729752213783,22.843567251462236,22.091580809035914,-1.150955426734555,-1.0979370124057737,-0.053018414328781294
2020-06-23,224.74,224.75,224.74,224.75,226,0.0,32.9794162211183,21.504939942914735,22.269228175263162,-1.1328309890708965,-1.1049158077387982,-0.02791518133209836
2020-06-24,224.86,224.86,224.86,224.86,100,0.0,34.26549050724864,29.311957486774514,24.55348822705049,-1.0969462474361649,-1.1033218956782715,0.00637564824210668
2020-06-25,225.005,225.01,224.79,224.79,724,0.0,33.82072530246573,37.828039358119405,29.54831226260288,-1.0619146550165226,-1.0950404475459217,0.03312579252939907
2020-06-26,225.0,225.52,225.0,225.52,1221,0.0,42.24060675002471,57.34526084187402,41.495085895589305,-0.9641330409553746,-1.0688589662278123,0.10472592527243774
2020-06-27,226.33,226.33,225.86,225.935,494,0.0,46.41449860365777,67.05718269195343,54.07682763064895,-0.8434308300418536,-1.0237733389906207,0.18034250894876713
2020-06-28,226.17,226.17,225.77,225.84,1470,0.0,45.6021102257151,76.19793229322941,66.8667919423523,-0.7468301710065646,-0.9683847053938095,0.22155453438724493
2020-06-29,222.255,222.58,221.78,222.58,595,0.0,27.6908785486241,55.766108891108836,66.34040795876389,-0.9226919889019314,-0.9592461620954339,0.036554173193502515
2020-06-30,223.1,223.1,223.1,223.1,101,0.0,32.26121666191361,39.584165834165816,57.18273567283469,-1.0084789745589546,-0.9690927245881381,-0.03938624997081652
2020-07-01,222.67,222.75,222.67,222.75,200,0.0,30.847928767940473,22.63736263736266,39.32921245421243,-1.0921185903921184,-0.9936978977489341,-0.09842069264318432
2020-07-02,222.9,222.99,222.875,222.89,811,0.0,32.128726557801755,24.908424908424735,29.043317793317726,-1.1340343168666323,-1.0217651815724738,-0.1122691352941585
2020-07-03,223.04,223.2,222.87,222.98,700,0.0,32.987991648332596,24.02930402930382,23.858363858363727,-1.1467713183282626,-1.0467664089236315,-0.10000490940463114
2020-07-04,222.83,222.83,222.425,222.425,305,0.0,30.42956988343002,21.648351648351525,23.52869352869335,-1.1879553357887573,-1.0750041942966568,-0.1129511414921005
2020-07-05,221.975,222.025,221.555,221.56,501,0.0,26.924678247999097,13.551387530445098,19.743014402700137,-1.2756869125935566,-1.115140737956037,-0.16054617463751963
2020-07-06,221.51,221.845,221.51,221.845,202,0.0,29.79391872972994,7.076914562196347,14.092217913664314,-1.3071496931375464,-1.153542528992339,-0.15360716414520748
2020-07-07,221.92,222.19,221.92,222.19,954,0.0,33.212533024302104,7.054267776064044,9.227523289568486,-1.2893823594539242,-1.180710495084656,-0.10867186436926812
2020-07-08,221.52,221.61,221.52,221.52,906,0.0,30.14280802919815,7.088520055325287,7.073234131195217,-1.3142155611610065,-1.2074115082999262,-0.1068040528610803
2020-07-09,221.795,221.87,221.42,221.545,562,0.0,30.401300848300238,5.620392514782186,6.587726782057163,-1.316700655818579,-1.2292693378036568,-0.08743131801492221
2020-07-10,221.565,221.69,221.47,221.64,630,0.0,31.439497515537298,2.4113151526933145,5.0400759076002535,-1.2960641840452638,-1.2426283070519781,-0.05343587699328567
2020-07-11,222.65,223.04,222.65,223.04,231,0.0,44.56342965234007,13.71057991210211,7.247429193192527,-1.1534451342621992,-1.2247916724940224,0.07134653823182324
2020-07-12,222.79,222.875,222.13,222.825,1586,0.0,43.195927876194844,39.172833052906256,18.431576039233885,-1.0457128857511293,-1.188975915145444,0.14326302939431468
2020-07-13,223.0,223.0,223.0,223.0,100,0.0,44.68386771025779,67.26729745712626,40.0502368073782,-0.9354302080201933,-1.138266773720394,0.2028365657002007
2020-07-14,223.155,223.395,223.155,223.395,435,0.0,47.995130448537395,89.23220973782799,65.22411341595348,-0.8068562558604242,-1.0719846701484,0.26512841428797573
2020-07-15,223.8,223.81,223.8,223.81,402,0.0,51.29396330516203,96.25468164794034,84.25139628096485,-0.6638213217653117,-0.9903520004717823,0.32653067870647057
2020-07-16,223.87,223.87,222.795,222.795,889,0.0,43.95076338870726,85.37414965986387,90.2870136818774,-0.6251606603316588,-0.9173137324437577,0.29215307211209884
2020-07-17,222.795,222.89,222.69,222.69,1001,0.0,43.26080698190186,69.3197278911564,83.64951973298686,-0.5961226986918291,-0.853075525693372,0.25695282700154287
2020-07-18,222.79,222.82,221.175,221.615,3784,0.0,36.8778155017469,41.42857142857136,65.37414965986387,-0.6523337236327791,-0.8129271652812534,0.16059344164847433
2020-07-19,220.77,220.77,220.35,220.35,312,0.0,31.068593362145492,22.721088435374213,44.48979591836733,-0.7898513788015293,-0.8083120079853087,0.01846062918377933
2020-07-20,220.89,221.685,220.89,221.685,503,0.0,41.53554312392954,18.08422232529384,27.411294063079808,-0.7820962496168988,-0.8030688563116267,0.02097260669472789
2020-07-21,221.13,221.18,220.98,220.98,1162,0.0,38.233801991855884,18.607954545454586,19.804421768707552,-0.8233468321689372,-0.8071244514830889,-0.01622238068584836
2020-07-22,221.3,221.3,221.3,221.3,100,0.0,40.54407759659404,27.604166666666842,21.43211451247176,-0.8207557292433876,-0.8098507070351486,-0.010905022208238968
2020-07-23,221.18,221.18,221.18,221.18,100,0.0,39.94076108644528,22.821969696969926,23.011363636363793,-0.8189449707775793,-0.8116695597836348,-0.0072754109939445755
2020-07-24,221.17,221.37,220.79,221.11,522,0.0,39.57085228279209,24.053030303030752,24.82638888888918,-0.8137776247342572,-0.8120911727737593,-0.0016864519604978812
2020-07-25,221.945,221.945,221.745,221.915,560,0.0,45.78883608786111,29.87689393939419,25.583964646464963,-0.7362387909426786,-0.7969206964075433,0.06068190546486463
2020-07-26,221.99,222.19,221.675,221.9,400,0.0,45.69448498815845,36.69507575757597,30.20833333333364,-0.6682953879328295,-0.7711956347126006,0.10290024677977105
2020-07-27,222.73,223.43,222.73,223.28,563,0.0,54.90155490955929,57.24431818181822,41.272095959596136,-0.49736200508544925,-0.7164289087871704,0.2190669037017211
2020-07-28,223.215,223.955,223.215,223.955,1851,0.0,58.59896852214138,75.75757575757586,56.56565656565669,-0.3039257421128241,-0.6339282754523011,0.33000253333947704
2020-07-29,223.93,224.81,223.93,224.65,603,0.0,62.04901710425816,93.2170641391494,75.4063193595145,-0.09346797776547078,-0.525836215914935,0.43236823814946423
