Date,Open,High,Low,Close,Volume,OpenInterest,rsi,stoc k,stoc d,macd,signal,histogram
2020-04-01,1441.06,1441.73,1435.02,1435.02,865,0.0,,,,,,
2020-04-02,1427.98,1427.98,1416.06,1416.46,976,0.0,,,,,,
2020-04-03,1416.13,1429.87,1416.13,1416.25,1129,0.0,,,,,,
2020-04-04,1415.1,1434.0,1376.73,1403.245,76479,0.0,,,,,,
2020-04-05,1400.28,1412.37,1367.12,1410.99,50325,0.0,,,,,,
2020-04-06,1410.04,1423.0,1403.76,1409.33,45770,0.0,,,,,,
2020-04-07,1408.7,1444.76,1408.7,1444.38,37239,0.0,,,,,,
2020-04-08,1446.31,1446.67,1416.49,1431.81,21597,0.0,,,,,,
2020-04-09,1435.11,1457.98,1427.21,1457.94,14720,0.0,,,,,,
2020-04-10,1454.42,1464.89,1444.06,1447.93,21034,0.0,,,,,,
2020-04-11,1450.51,1452.38,1438.03,1444.13,14135,0.0,,,,,,
2020-04-12,1442.67,1444.23,1426.92,1435.94,13007,0.0,,,,,,
2020-04-13,1437.98,1438.54,1427.08,1437.44,7451,0.0,,,,,,
2020-04-14,1437.395,1437.395,1419.25,1419.41,10536,0.0,,,,,,
2020-04-15,1421.06,1434.98,1419.64,1433.13,9561,0.0,49.444705605829164,,,,,
2020-04-16,1433.21,1436.28,1424.55,1424.55,8743,0.0,46.898339092631815,59.912720330026296,,,,
2020-04-17,1424.4,1429.77,1422.01,1426.0,6703,0.0,47.39142552255788,62.15948995942859,,,,
2020-04-18,1424.77,1431.96,1412.0,1412.0,13600,0.0,43.21859885416416,54.95550782448603,59.00923937131364,,,
2020-04-19,1408.5,1419.24,1404.01,1419.24,6541,0.0,45.87284378799352,43.81656855506342,53.64385544632601,,,
2020-04-20,1418.68,1434.53,1418.5,1430.8,8936,0.0,49.89981197828897,38.41044419828928,45.72750685927957,,,
2020-04-21,1431.26,1441.95,1431.26,1432.76,8007,0.0,50.57127990713665,38.85057615807525,40.35919630380931,,,
2020-04-22,1433.96,1451.17,1433.77,1445.03,11311,0.0,54.66737440060479,52.869031975470755,43.37668411061176,,,
2020-04-23,1446.0,1447.65,1439.02,1447.65,10225,0.0,55.51507957079763,62.094831362242594,51.27147983192953,,,
2020-04-24,1448.76,1448.76,1436.99,1438.34,5528,0.0,51.80774547822006,70.01139694559488,61.65842009443608,,,
2020-04-25,1438.84,1438.84,1425.905,1432.21,8156,0.0,49.46541642736201,67.484059695715,66.53009600118416,,,
2020-04-26,1433.69,1441.34,1430.98,1437.72,8278,0.0,51.58433805123137,67.41674985645983,68.3040688325899,3.478940498551765,,
2020-04-27,1435.18,1435.18,1422.75,1422.75,12200,0.0,45.947414268664,57.00452360757699,63.96844438658394,2.335594842189039,,
2020-04-28,1424.21,1429.43,1417.64,1422.33,13807,0.0,45.79620931968377,50.02120441051727,58.14749262485136,1.3796904693442684,,
2020-04-29,1422.075,1424.99,1414.92,1415.34,37533,0.0,43.245514129467324,34.20271416454606,47.07614739421343,0.057432735983411476,,
2020-04-30,1419.73,1419.79,1419.73,1419.79,200,0.0,45.33299188390512,32.11054566016379,38.77815474507569,-0.6241929267464457,,
2020-05-01,1417.0,1417.02,1416.9,1417.02,400,0.0,44.242148718436965,28.357364998586224,31.55687494109868,-1.372085478153167,,
2020-05-02,1416.96,1417.08,1416.9,1416.9,600,0.0,44.19253714186817,29.459994345490504,29.975968334746824,-1.9519775286494223,,
2020-05-03,1416.9,1417.06,1416.9,1417.03,900,0.0,44.26545234456671,20.246704298402033,26.021354547492905,-2.3736937787118677,,
2020-05-04,1416.94,1417.07,1416.94,1417.07,500,0.0,44.289571585129465,13.028069764947707,20.9115894696134,-2.6738567235902337,-0.1937942099758503,-2.4800625136143832
2020-05-05,1417.08,1417.08,1417.0,1417.01,400,0.0,44.25863210030675,5.839080459769801,13.0379515077065,-2.8833421450922287,-0.731703796999126,-2.151638348093103
2020-05-06,1416.9,1417.04,1416.9,1417.03,600,0.0,44.27260684090366,5.977258770141801,8.28146966495309,-3.013014858290717,-1.1879660092574442,-1.8250488490332726
2020-05-07,1417.03,1417.03,1416.93,1417.02,400,0.0,44.266631023877544,6.068805195510717,5.961714808474092,-3.0810716579953805,-1.5665871390050317,-1.5144845189903489
2020-05-08,1416.98,1417.02,1416.98,1417.01,500,0.0,44.260197332472956,6.783857359058,6.276640441570159,-3.1000783055362717,-1.8732853723112797,-1.226792933224992
2020-05-09,1417.01,1417.05,1416.97,1417.01,600,0.0,44.260197332472956,7.342340407635597,6.73166765406809,-3.0796410259113145,-2.1145565030312867,-0.9650845228800278
2020-05-10,1416.97,1417.0,1416.94,1416.94,600,0.0,44.208035555380285,8.597244153035293,7.574480639909615,-3.0341173336021257,-2.298468669145455,-0.7356486644566709
2020-05-11,1417.0,1417.05,1416.94,1417.01,900,0.0,44.27875592480283,10.7616393781299,8.900407979600248,-2.9582897418090397,-2.4304328836781717,-0.527856858130868
2020-05-12,1416.94,1416.995,1416.94,1416.96,500,0.0,44.235623718852565,14.877479017936151,11.41212084970043,-2.8691565602980518,-2.518177619002148,-0.3509789412959039
2020-05-13,1417.0,1417.0,1416.95,1416.98,500,0.0,44.259013469153196,12.476739382902458,12.705285926322821,-2.7650304886265076,-2.56754819292702,-0.1974822956994875
2020-05-14,1417.01,1417.01,1416.94,1416.94,300,0.0,44.219065659001,15.082860321208281,14.145692907348947,-2.655130797275433,-2.5850647137967027,-0.07006608347873033
2020-05-15,1416.94,1417.01,1416.92,1416.92,800,0.0,44.197585154513675,12.033833141098759,13.19781094840315,-2.5403645912622324,-2.5761246892898084,0.03576009802757607
2020-05-16,1416.95,1416.98,1416.95,1416.96,400,0.0,44.25590930606116,22.222222222222204,16.446305228176396,-2.4183071410666344,-2.544561179645174,0.12625403857853978
2020-05-17,1416.94,1416.94,1416.9,1416.9,400,0.0,44.181314256059466,14.814814814814797,16.356956726045237,-2.2999053536930205,-2.495630014454744,0.19572466076172335
2020-05-18,1416.93,1416.98,1416.93,1416.98,200,0.0,44.316083853694884,25.925925925925906,20.98765432098762,-2.1745489065635866,-2.4314137928765125,0.2568648863129259
2020-05-19,1411.99,1411.99,1392.98,1392.98,742,0.0,24.89608195502109,14.814814814814794,18.51851851851848,-3.9660838963447986,-2.7383478135701695,-1.227736082774629
2020-05-20,1376.0,1393.85,1376.0,1387.99,1442,0.0,22.671529270973593,24.55090900888708,21.763883249875907,-5.722573316870239,-3.3351929142301833,-2.387380402640056
2020-05-21,1403.01,1403.01,1396.01,1397.97,583,0.0,35.15180696658362,27.57612667478688,22.313950166162897,-6.237400374924391,-3.915634406369025,-2.321765968555366
2020-05-22,1411.06,1411.06,1411.01,1411.01,500,0.0,47.15328100411327,56.00487210718642,36.043969263620106,-5.529445501606006,-4.238396625416422,-1.291048876189584
2020-05-23,1403.51,1403.51,1403.31,1403.31,210,0.0,42.188208327800304,68.4449857896874,50.67532819055355,-5.526011392862074,-4.495919578905553,-1.0300918139565214
2020-05-24,1409.89,1409.89,1409.89,1409.89,155,0.0,47.29539902507574,78.12423873325221,67.52469887670865,-4.935446078115547,-4.583824878747552,-0.35162119936799474
2020-05-25,1419.98,1437.4,1419.98,1432.05,731,0.0,60.084405184162385,80.12437495123264,75.56453315805739,-2.6487587679512217,-4.196811656588286,1.5480528886370646
2020-05-26,1439.35,1444.83,1439.35,1444.83,413,0.0,65.31211914596369,91.28150040799271,83.1767046974925,0.19247782853608442,-3.318953759563412,3.5114315880994966
2020-05-27,1433.52,1442.85,1417.901,1437.0,18837,0.0,60.117147643066154,93.30359713296991,88.23649083073174,1.7917090328662653,-2.296821201077477,4.088530233943742
2020-05-28,1440.84,1478.8,1433.77,1478.22,20054,0.0,72.51243446910253,96.01998137104653,93.53502630400304,6.312454745285777,-0.5749660118048261,6.887420757090603
2020-05-29,1479.71,1479.99,1457.45,1458.28,12550,0.0,62.40799052677039,89.06097890286047,92.79485246895895,8.191757457349013,1.1783786820259419,7.013378775323071
2020-05-30,1456.01,1468.57,1445.18,1450.25,15733,0.0,58.851415918153684,83.3199621733557,89.46697414908755,8.930222460164032,2.72874743765356,6.201475022510472
2020-05-31,1457.5,1467.37,1449.53,1461.55,7717,0.0,62.122700412974034,77.59720485944153,83.32604864521922,10.308447491313473,4.244687448385543,6.06376004292793
2020-06-01,1462.61,1468.16,1458.33,1462.67,5595,0.0,62.44141133478231,79.0043914478956,79.9738528268976,11.360122971657802,5.667774553039995,5.692348418617807
2020-06-02,1462.32,1462.32,1446.58,1446.58,5807,0.0,55.2491385151635,77.8279962816937,78.14319752967693,10.771092388204806,6.6884381200729575,4.082654268131849
2020-06-03,1447.08,1448.06,1428.57,1430.57,7367,0.0,49.17906835801981,64.12303950519843,73.65180907826256,8.909702701588458,7.132691036376058,1.7770116652123997
2020-06-04,1429.62,1435.92,1417.26,1429.87,10196,0.0,48.92596437111504,47.887340170185134,63.279458652359075,7.293973429150128,7.164947514930873,0.12902591421925536
2020-06-05,1432.48,1444.89,1432.48,1440.875,5269,0.0,53.01962519196335,41.59313865250717,51.20117277596356,6.822858205112425,7.096529652967183,-0.27367144785475794
2020-06-06,1440.53,1449.69,1440.53,1448.78,3942,0.0,55.762457075261146,46.368216431255064,45.28289841798244,7.006595756591878,7.078542873692122,-0.07194711710024393
2020-06-07,1447.65,1450.91,1441.88,1441.88,5359,0.0,52.86141900009009,47.90492129475965,45.28875879284061,6.520275083174511,6.9668893155886,-0.44661423241408915
2020-06-08,1440.735,1462.49,1440.735,1457.65,3906,0.0,58.212321717452895,53.03750443730841,49.10354738777435,7.322955181400857,7.0381024887510515,0.28485269264980584
2020-06-09,1457.77,1460.99,1454.1,1459.63,3173,0.0,58.84400851396714,57.059354907274695,52.667260213114226,8.026331837488442,7.2357483584985305,0.7905834789899115
2020-06-10,1462.51,1462.51,1456.21,1459.59,3719,0.0,58.824662455980445,66.47005685743135,58.85563873400479,8.482751361916144,7.4851489591820535,0.9976024027340902
2020-06-11,1463.63,1473.27,1462.7,1473.27,5728,0.0,63.27198366715724,74.77017907433975,66.09986361301524,9.834957526502876,7.955110672646219,1.879846853856657
2020-06-12,1471.4,1477.98,1466.56,1477.97,7281,0.0,64.68334225529978,85.58354268150906,75.6079262044267,11.157227797600854,8.595534097637147,2.5616936999637065
2020-06-13,1476.64,1479.01,1471.13,1478.33,6284,0.0,64.79493459392191,96.05657955762682,85.47010043782518,12.09476458780432,9.295380195670582,2.7993843921337387
2020-06-14,1484.32,1504.34,1483.18,1498.77,10371,0.0,70.4953700052599,97.49529976638586,93.04514066850722,14.322011194512925,10.30070639543905,4.021304799073874
2020-06-15,1503.85,1503.85,1488.04,1495.77,13494,0.0,68.73617777207959,94.22028110097158,95.92405347499472,15.664474932595112,11.373460102870263,4.291014829724849
2020-06-16,1499.61,1501.84,1492.4,1501.84,5327,0.0,70.34849877189122,93.63037819629464,95.115319687884,17.021966750949105,12.503161432486031,4.518805318463073
2020-06-17,1497.01,1512.595,1494.8,1501.61,10919,0.0,70.20076658699872,91.92167528221705,93.25744485982773,17.873198611472162,13.577168868283259,4.296029743188903
2020-06-18,1508.4,1525.98,1508.4,1523.91,13811,0.0,75.559802913742,94.46421571259559,93.33875639703574,20.115352364172622,14.884805567461132,5.23054679671149
2020-06-19,1524.37,1540.12,1519.7,1540.12,12979,0.0,78.57591043373029,95.42119014223881,93.93569371235044,22.9358961605717,16.495023686083247,6.4408724744884545
2020-06-20,1539.88,1547.02,1533.17,1539.76,22110,0.0,78.34467426545808,96.98513506340412,95.6235136394128,24.855628238541158,18.16714459657483,6.688483641966329
2020-06-21,1539.96,1543.52,1526.01,1540.3,38197,0.0,78.44713261168611,95.61556193253985,96.00729571272755,26.11951373280749,19.757618423821363,6.361895308986128
2020-06-22,1541.01,1541.01,1539.95,1539.95,201,0.0,78.18891445739882,93.0793300484819,95.22667568147524,26.78415890657425,21.16292652037194,5.621232386202308
2020-06-23,1548.88,1548.88,1548.88,1548.88,100,0.0,79.99796988459458,95.3562270706393,94.68370635055363,27.71202439705712,22.472746095708978,5.239278301348143
2020-06-24,1514.97,1520.0,1506.63,1519.4,6062,0.0,61.78054358859517,86.06127720544464,91.49894477485525,25.77149708165689,23.13249629289856,2.639000788758331
2020-06-25,1521.84,1521.84,1512.0,1521.36,6236,0.0,62.393714813369776,77.45400406844648,86.2905027815101,24.113801924786003,23.32875741927605,0.7850445055099513
2020-06-26,1521.76,1539.6,1521.76,1535.64,10035,0.0,66.59829565417803,71.77769109952901,78.43099079114,23.679382050601816,23.398882345541203,0.2804997050606133
2020-06-27,1540.69,1564.325,1540.69,1548.32,16444,0.0,69.82450405617105,76.60553169269319,75.27907562022286,24.08068406312873,23.53524268905871,0.5454413740700197
2020-06-28,1548.51,1553.0,1539.38,1539.38,7152,0.0,65.05362670224963,76.84912192053966,75.07744823758726,23.40750832863432,23.50969581697383,-0.10218748833950997
2020-06-29,1539.23,1541.1,1524.93,1527.21,7070,0.0,59.130640529479365,65.32464703173497,72.92643354832258,21.64251300014257,23.13625925360758,-1.4937462534650088
2020-06-30,1528.25,1534.465,1520.41,1533.03,6308,0.0,60.961195620536124,56.89510221542319,66.35629038923258,20.477317081807087,22.604470819247485,-2.1271537374403984
2020-07-01,1532.01,1544.08,1529.38,1539.98,4624,0.0,63.087405109940065,53.72967339133493,58.64980754616434,19.88547051237856,22.0606707578737,-2.175200245495141
2020-07-02,1543.54,1544.78,1538.29,1538.29,2379,0.0,62.20027276008874,55.888718752595764,55.50449811978461,19.060343194309098,21.46060524516078,-2.4002620508516834
2020-07-03,1540.07,1540.07,1514.81,1518.55,5041,0.0,52.851617187487726,44.44637028049783,51.35492080814282,16.621963179362183,20.492876832001066,-3.870913652638883
2020-07-04,1517.09,1526.53,1514.59,1521.2,3507,0.0,53.854317958165744,33.596209954646376,44.64376632924664,14.733523416319713,19.341006148864796,-4.607482732545083
2020-07-05,1525.48,1525.48,1503.37,1504.7,7952,0.0,47.1330278469127,16.031931616065553,31.358170617069902,11.769833876428265,17.82677169437749,-6.056937817949226
2020-07-06,1507.99,1523.21,1507.99,1514.98,3994,0.0,51.21796933226713,15.494087832204174,21.707409800972016,10.13378271125498,16.28817389775299,-6.15439118649801
2020-07-07,1512.51,1513.5,1503.12,1510.525,4470,0.0,49.43527202919771,11.109153358012989,14.211724268760888,8.381106924167398,14.706760503035873,-6.325653578868476
2020-07-08,1508.465,1512.99,1502.06,1503.04,4873,0.0,46.50642310943751,10.906480170195875,12.503240453470994,6.315322681587077,13.028472938746114,-6.713150257159038
2020-07-09,1504.62,1505.99,1494.02,1499.07,7082,0.0,44.98411484118159,6.951863695684275,9.655832407964361,4.30816610769557,11.284411572536007,-6.976245464840437
2020-07-10,1502.02,1514.92,1500.63,1511.3,7324,0.0,50.373329029343644,11.111842686241486,9.656728850707195,3.662124163960698,9.759954090820944,-6.097829926860246
2020-07-11,1512.42,1512.42,1499.87,1499.87,2605,0.0,45.85262570855387,13.893408869154966,10.652371750360224,2.2024374654338317,8.248450765743522,-6.04601330030969
2020-07-12,1497.19,1500.36,1490.98,1493.42,5956,0.0,43.48122320402652,13.010851394980937,12.672034316792447,0.5191793686910842,6.702596486333035,-6.183417117641951
2020-07-13,1492.81,1498.39,1490.36,1494.0,22516,0.0,43.76287797588843,7.047549949535971,11.31727007122394,-0.7592613551810246,5.210224918030224,-5.969486273211248
2020-07-14,1498.08,1498.08,1475.01,1475.34,15876,0.0,37.31931152216355,3.899005341915922,7.985802228810925,-3.240783160434603,3.5200233023372585,-6.760806462771861
2020-07-15,1471.92,1471.92,1471.92,1471.92,100,0.0,36.265381354734444,2.387233346872516,4.444596212774785,-5.42088391201014,1.7318418594677787,-7.152725771477919
2020-07-16,1479.74,1479.74,1479.74,1479.74,100,0.0,40.40939643587396,3.982556948374443,3.422931879054276,-6.443345937751701,0.09680430002388274,-6.540150237775584
2020-07-17,1478.95,1478.95,1478.95,1478.95,100,0.0,40.125557456635164,8.115929450875274,4.828573248707394,-7.234011673728446,-1.3693588947265831,-5.864652779001863
2020-07-18,1500.0,1517.0,1492.34,1497.05,15584,0.0,48.96966923406746,23.75571038191828,11.951398927055983,-6.327165607342977,-2.3609202372498617,-3.966245370093115
2020-07-19,1496.935,1508.26,1489.3329999999999,1505.21,8617,0.0,52.384413212079465,41.56596087159569,24.479200234796398,-4.893629052683991,-2.8674620003366877,-2.0261670523473034
2020-07-20,1504.78,1513.64,1499.635,1500.88,7135,0.0,50.45503787811796,58.68871038779357,41.33679388043583,-4.06013313034191,-3.1059962263377323,-0.9541369040041778
2020-07-21,1504.5,1505.14,1495.03,1496.1,5956,0.0,48.33846990004506,60.92825510005127,53.72764211981349,-3.7421504774490586,-3.2332270765599977,-0.5089234008890609
2020-07-22,1497.14,1511.84,1495.11,1509.65,6179,0.0,54.203330122456364,67.1916592724046,62.2695415867498,-2.3694614989440197,-3.060473961036802,0.6910124620927824
2020-07-23,1508.18,1508.18,1501.19,1507.94,3733,0.0,53.37974518354027,72.41200828157346,66.84397421800978,-1.4034007722068509,-2.7290593232708122,1.3256585510639614
2020-07-24,1506.83,1529.78,1505.11,1523.24,10148,0.0,59.33359902253799,84.09830079704683,74.56732278367497,0.5899904042644266,-2.0652493777637644,2.655239782028191
2020-07-25,1526.235,1528.69,1515.37,1525.14,6504,0.0,60.01648987830319,86.85996438281359,81.12342448714463,2.296607532220378,-1.192877995766936,3.4894855279873136
2020-07-26,1523.11,1533.31,1522.63,1532.68,4728,0.0,62.693801848578744,93.21709054595549,88.05845190860532,4.209010039511213,-0.11250038871130619,4.32151042822252
2020-07-27,1529.32,1532.99,1525.775,1526.81,3618,0.0,59.36128180001317,93.4554578354086,91.17750425472592,5.1911030575936365,0.9482203005496824,4.2428827570439545
2020-07-28,1523.02,1526.71,1516.36,1525.94,5825,0.0,58.861882252796505,92.12683933322482,92.93312923819633,5.831989575377747,1.9249741555152955,3.907015419862452
2020-07-29,1526.27,1526.27,1525.43,1525.43,769,0.0,58.55091534874713,87.6369302875983,91.07307581874393,6.226963461671858,2.7853720167466083,3.4415914449252494
