Date,Open,High,Low,Close,Volume,OpenInterest,rsi,stoc k,stoc d,macd,signal,histogram
2020-04-01,19.4,19.435,19.31,19.38,11259,0.0,,,,,,
2020-04-02,19.375,19.38,19.315,19.375,13665,0.0,,,,,,
2020-04-03,19.38,19.41,19.335,19.4,11187,0.0,,,,,,
2020-04-04,19.405,19.42,19.31,19.405,11853,0.0,,,,,,
2020-04-05,19.405,19.45,19.39,19.41,8608,0.0,,,,,,
2020-04-06,19.42,19.425,19.39,19.415,5226,0.0,,,,,,
2020-04-07,19.415,19.485,19.405,19.485,6611,0.0,,,,,,
2020-04-08,19.475,19.57,19.475,19.565,12660,0.0,,,,,,
2020-04-09,19.565,19.565,19.455,19.48,10016,0.0,,,,,,
2020-04-10,19.475,19.5,19.44,19.445,11657,0.0,,,,,,
2020-04-11,19.44,19.45,19.415,19.445,12638,0.0,,,,,,
2020-04-12,19.46,19.465,19.39,19.395,10421,0.0,,,,,,
2020-04-13,19.39,19.395,19.315,19.315,8204,0.0,,,,,,
2020-04-14,19.315,19.34,19.275,19.34,7375,0.0,,,,,,
2020-04-15,19.34,19.34,19.265,19.295,5739,0.0,41.7475728155342,,,,,
2020-04-16,19.295,19.33,19.215,19.225,11438,0.0,36.41693811074932,11.562288429102358,,,,
2020-04-17,19.225,19.345,19.2,19.34,15276,0.0,48.13391652699998,16.8302682733533,,,,
2020-04-18,19.36,19.4,19.33,19.36,13395,0.0,49.86428365172723,27.965994163177395,18.786183621877683,,,
2020-04-19,19.345,19.345,19.29,19.345,6122,0.0,48.555877567032105,40.09009009009,28.2954508422069,,,
2020-04-20,19.34,19.36,19.27,19.29,9569,0.0,43.99724520297667,35.58558558558544,34.54722327961762,,,
2020-04-21,19.27,19.29,19.2,19.21,6967,0.0,38.35641811995824,22.072072072072093,32.58258258258251,,,
2020-04-22,19.225,19.335,19.225,19.3,9891,0.0,46.64416417420181,18.141429100333387,25.26636225266364,,,
2020-04-23,19.3,19.31,19.17,19.195,13928,0.0,39.903654798590416,12.558573517477711,17.590691563294396,,,
2020-04-24,19.195,19.2,19.07,19.135,18903,0.0,36.64487316913708,17.14290468408733,15.947635767299479,,,
2020-04-25,19.13,19.24,19.12,19.17,79147,0.0,39.73657682474371,16.449303158164025,15.38359378657636,,,
2020-04-26,19.19,19.42,19.13,19.405,11898,0.0,55.45474805877867,45.828812537673485,26.47367345997495,-0.06866016707859401,,
2020-04-27,19.405,19.48,19.17,19.25,29366,0.0,46.78673635325656,54.97772681162621,39.08528083582125,-0.06615097635118872,,
2020-04-28,19.255,19.47,19.255,19.435,23267,0.0,55.68928275664185,76.21370499419258,59.00674811449744,-0.04867339414195371,,
2020-04-29,19.43,19.46,19.35,19.355,16599,0.0,51.66409520991438,67.4796747967478,66.22370220085556,-0.04080721555475009,,
2020-04-30,19.37,19.42,19.36,19.4,16370,0.0,53.69168763535286,79.67479674796719,74.45605884630254,-0.030589472039935117,,
2020-05-01,19.405,19.405,19.25,19.31,21435,0.0,49.242642261414225,69.51219512195092,72.22222222222199,-0.029415006641830388,,
2020-05-02,19.33,19.33,19.185,19.185,6020,0.0,43.812513408308924,55.691056910568676,68.29268292682895,-0.03813113766449305,,
2020-05-03,19.195,19.215,19.055,19.06,6495,0.0,39.161833140534874,29.253945480630914,51.48573250438352,-0.054496982338495314,,
2020-05-04,19.06,19.17,19.06,19.12,9814,0.0,42.32644849803602,14.839789574366193,33.26159732185528,-0.061911852298596415,-0.04875957823442631,-0.013152274064170105
2020-05-05,19.115,19.125,19.07,19.105,8180,0.0,41.74187190117878,9.411764705882396,17.835166586959847,-0.06821225637219896,-0.052650113861980846,-0.015562142510218119
2020-05-06,19.12,19.215,19.09,19.215,7482,0.0,47.471312892801116,21.568627450980504,15.273393910409709,-0.06359619396408078,-0.05483932988240084,-0.008756864081679944
2020-05-07,19.225,19.225,19.125,19.135,11633,0.0,44.07628974782103,22.745098039215843,17.90849673202626,-0.06563664428291816,-0.0569987927625043,-0.008637851520413853
2020-05-08,19.13,19.185,19.13,19.14,3671,0.0,44.34419833848669,25.490196078431538,23.26797385620931,-0.06608843135001052,-0.058816720480005545,-0.0072717108700049785
2020-05-09,19.14,19.145,19.02,19.03,4820,0.0,39.824136327028185,13.66581415174794,20.633702756465123,-0.07446417983448228,-0.0619462123509009,-0.012517967483581381
2020-05-10,19.035,19.04,18.89,18.89,11609,0.0,34.942340515205174,7.391304347826238,15.515771526001918,-0.0913458724666576,-0.06782614437405224,-0.023519728092605358
2020-05-11,18.905,18.91,18.865,18.865,4130,0.0,34.13758729246685,0.7246376811595153,7.26058539357791,-0.10552559321874,-0.0753660341429898,-0.0301595590757502
2020-05-12,18.84,18.885,18.84,18.845,4515,0.0,33.47340799527194,0.2688172043010046,2.7949197444289315,-0.11702793177699533,-0.0836984136697909,-0.03332951810720443
2020-05-13,18.85,18.955,18.85,18.955,6350,0.0,40.347687236844045,6.878012606599744,2.623822497353434,-0.115931155071614,-0.09014496195015553,-0.025786193121458467
2020-05-14,18.94,18.94,18.89,18.92,3166,0.0,38.967940457191226,11.597776618399251,6.248202143100013,-0.11654272711074753,-0.09542451498227394,-0.02111821212847359
2020-05-15,18.915,18.94,18.91,18.915,6778,0.0,38.76400346463164,16.43100023042473,11.635596485141255,-0.11609261714583852,-0.09955813541498687,-0.016534481730851647
2020-05-16,18.91,18.94,18.85,18.86,8590,0.0,36.501071291278116,11.553406559727676,13.194061136183898,-0.11880443848790989,-0.10340739602957147,-0.015397042458338422
2020-05-17,18.87,18.905,18.865,18.88,4925,0.0,37.920274840025954,10.296846011131544,12.760417600427994,-0.11797974650819043,-0.10632186612529526,-0.01165788038289517
2020-05-18,18.865,18.885,18.83,18.835,9522,0.0,35.97217083661633,5.616746123075299,9.15566623131152,-0.11957886536729134,-0.10897326597369449,-0.010605599393596857
2020-05-19,18.83,18.835,18.69,18.7,14313,0.0,30.851540195272534,4.5081973509750455,6.807263161727309,-0.1302382449250814,-0.11322626176397188,-0.017011983161109523
2020-05-20,18.705,18.95,18.705,18.925,45296,0.0,44.923551212900506,15.686738436058235,8.603893970036205,-0.11915669620340097,-0.1144123486518577,-0.004744347551543265
2020-05-21,18.92,18.955,18.86,18.89,74119,0.0,43.44253759943354,28.73281097580147,16.309248920944928,-0.11190868286074007,-0.11391161549363418,0.002002932632894111
2020-05-22,18.82,18.98,18.82,18.98,200,0.0,48.173964225509174,49.355179261721304,31.258242891193685,-0.09777524012377015,-0.11068434041966138,0.012909100295891235
2020-05-23,18.83,18.93,18.75,18.77,1100,0.0,39.80612121314123,42.33248233248224,40.14015752333502,-0.10233991900365069,-0.10901545613645926,0.006675537132808565
2020-05-24,18.81,18.85,18.78,18.85,600,0.0,43.81029799102523,47.255273462169974,46.31431168545785,-0.09836820110038147,-0.1068860051292437,0.008517804028862236
2020-05-25,18.81,18.89,18.77,18.83,900,0.0,43.03947864302485,42.10180623973691,43.89652067812972,-0.0957308927590681,-0.10465498265520859,0.008924089896140491
2020-05-26,18.88,18.9,18.81,18.89,700,0.0,46.1031736653327,57.47126436781583,48.942781356574244,-0.08778735040893793,-0.10128145620595445,0.013494105797016528
2020-05-27,18.9,18.925,18.84,18.925,400,0.0,47.86476195023359,66.09195402298819,55.22167487684698,-0.07777132890488403,-0.09657943074574038,0.01880810184085635
2020-05-28,18.92,18.92,18.85,18.85,700,0.0,44.507736518346526,68.3908045977012,63.98467432950175,-0.07502064164210509,-0.09226767292501332,0.017247031282908235
2020-05-29,18.82,18.92,18.81,18.9,800,0.0,47.16802654154018,69.5402298850573,68.00766283524892,-0.06802200470811215,-0.0874185392816331,0.019396534573520946
2020-05-30,18.87,18.92,18.8,18.8,800,0.0,42.75351136301674,55.17241379310323,64.36781609195394,-0.06974077058936601,-0.08388298554317968,0.014142214953813667
2020-05-31,18.89,18.91,18.89,18.91,200,0.0,48.46696132662402,62.06896551724103,62.26053639846722,-0.0615176866434588,-0.0794099257632355,0.017892239119776693
2020-06-01,18.88,18.88,18.33,18.345,14629,0.0,31.227409291128254,38.70026525198931,51.980548187444555,-0.09944526831953127,-0.08341699427449466,-0.01602827404503661
2020-06-02,18.35,18.36,18.22,18.26,19349,0.0,29.525884569813314,27.810973055982192,42.86006794173755,-0.13480795745811136,-0.093695186911218,-0.04111277054689336
2020-06-03,18.26,18.31,18.22,18.27,11286,0.0,30.009065579608034,4.716599190283546,23.742612499418385,-0.16017977421958562,-0.10699210437289153,-0.0531876698466941
2020-06-04,18.28,18.29,18.22,18.26,11210,0.0,29.78911630848637,5.701754385965145,12.74310887741033,-0.17903028850028946,-0.12139974119837113,-0.05763054730191833
2020-06-05,18.24,18.27,18.22,18.22,7927,0.0,28.877373351726874,3.9473684210527495,4.788573999100517,-0.19494986192818686,-0.13610976534433428,-0.058840096583852586
2020-06-06,18.22,18.22,18.13,18.15,9432,0.0,27.30251950679599,2.592960388392436,4.080694398470148,-0.21078485692807192,-0.15104478366108182,-0.0597400732669901
2020-06-07,18.15,18.15,18.01,18.105,8576,0.0,26.30919911269835,4.299412310547397,3.613247039997565,-0.22437882900002748,-0.16571159272887095,-0.058667236271156525
2020-06-08,18.11,18.155,18.07,18.12,9946,0.0,27.259208889548106,8.30669828504647,5.066356994662139,-0.23127577203075944,-0.17882442858924866,-0.052451343441510784
2020-06-09,18.11,18.15,18.06,18.1,4819,0.0,26.76377513696987,10.746812386156568,7.784307660583518,-0.2356391801371096,-0.19018737889882087,-0.045451801238288736
2020-06-10,18.11,18.17,18.09,18.125,4018,0.0,28.512797417711113,11.498428711543363,10.18397979424884,-0.23437815594536104,-0.19902553430812892,-0.03535262163723213
2020-06-11,18.15,18.23,18.14,18.2,7728,0.0,33.633441910156264,14.450849696751169,12.232030264817071,-0.22473629190971423,-0.204167685828446,-0.02056860608126823
2020-06-12,18.18,18.205,18.16,18.19,2286,0.0,33.291031473080906,17.76556776556759,14.571615391287411,-0.2154187483842378,-0.20641789833960436,-0.00900085004463344
2020-06-13,18.2,18.25,18.145,18.145,7468,0.0,31.72577634281609,18.55311355311337,16.92317700514408,-0.20925350774879092,-0.20698502022144166,-0.002268487527349261
2020-06-14,18.15,18.265,18.15,18.225,6424,0.0,37.36402092788235,19.83095448612682,18.716545268269297,-0.19565676927089015,-0.2047193700313314,0.009062600760441242
2020-06-15,18.225,18.28,18.2,18.27,10446,0.0,40.348154348860206,37.99945265462497,25.46117356462176,-0.17918460357713784,-0.1996124167404927,0.020427813163354874
2020-06-16,18.255,18.31,18.235,18.305,3412,0.0,42.63725305827438,65.77723043240292,41.20254585771827,-0.16144504807830984,-0.19197894300805615,0.030533894929746314
2020-06-17,18.28,18.32,18.27,18.3,3131,0.0,42.387011133210166,88.72247823860737,64.16638710854512,-0.14610556672647945,-0.18280426775174083,0.03669870102526138
2020-06-18,18.315,18.4,18.315,18.39,7807,0.0,48.272098371649065,96.43920595533528,83.64630487544856,-0.12524294667332114,-0.1712920035360569,0.04604905686273575
2020-06-19,18.4,18.41,18.3,18.31,6651,0.0,43.97233832001008,88.66142817755724,91.27437079050002,-0.11385208541602054,-0.15980401991204962,0.04595193449602908
2020-06-20,18.31,18.325,18.21,18.23,6668,0.0,40.12348489525465,75.81196581196576,86.97086664828613,-0.11001192818689987,-0.14984560156701968,0.03983367338011981
2020-06-21,18.23,18.23,18.2,18.205,9595,0.0,38.97539205391683,57.14285714285685,73.87208371079332,-0.10774386280012749,-0.14142525381364124,0.03368139101351375
2020-06-22,18.205,18.205,18.155,18.19,26580,0.0,38.26785623607015,44.523809523809575,59.15954415954409,-0.10593561940251206,-0.13432732693141541,0.028391707528903354
2020-06-23,18.175,18.2,18.145,18.15,6204,0.0,36.37169653500403,32.440476190476126,44.70238095238088,-0.10650254415478244,-0.1287623703760888,0.022259826221306372
2020-06-24,18.155,18.19,18.155,18.175,6923,0.0,38.42525971079093,22.951940035273424,33.3054085831864,-0.10373870976804511,-0.12375763825448008,0.020018928486434967
2020-06-25,18.16,18.27,18.155,18.27,11541,0.0,45.60903542967786,26.29425809457239,27.228891440107336,-0.09281275735942529,-0.11756866207546912,0.02475590471604383
2020-06-26,18.26,18.265,18.165,18.21,77603,0.0,42.25590882491667,28.22035872350349,25.822185617783123,-0.08798116778162424,-0.11165116321670016,0.02366999543507592
2020-06-27,18.49,18.63,18.49,18.63,5184,0.0,62.84688753297781,57.2327044025158,37.24910707353058,-0.049688826456776525,-0.09925869586471543,0.04956986940793891
2020-06-28,18.62,18.72,18.62,18.7,4726,0.0,65.0817719583282,73.68334700574256,53.04547004392064,-0.013537404319571067,-0.08211443755568656,0.0685770332361155
2020-06-29,18.69,18.73,18.655,18.725,12254,0.0,65.87136877617795,98.5556794252447,76.49057694450104,0.016934933871343816,-0.06230456327028049,0.07923949714162432
2020-06-30,18.73,18.74,18.66,18.665,9134,0.0,62.234083094525175,94.35399875297583,88.8643417279877,0.03582995742409523,-0.04267765913140535,0.07850761655550058
2020-07-01,18.665,18.69,18.61,18.65,16790,0.0,61.322440005427,90.47140223610818,94.46036013810958,0.049028851006173824,-0.024336357103889518,0.07336520811006333
2020-07-02,18.65,18.69,18.6,18.61,12510,0.0,58.84688028148583,83.47338935574233,89.43293011494211,0.05562024796072507,-0.008345036090966602,0.06396528405169166
2020-07-03,18.62,18.63,18.515,18.515,6316,0.0,53.339429266577454,75.07002801120457,83.00493986768502,0.05257225129593124,0.0038384213864129666,0.04873382990951827
2020-07-04,18.51,18.57,18.505,18.55,4744,0.0,55.010027616333936,69.46778711484613,76.00373482726434,0.05237712853809384,0.013546162816749143,0.0388309657213447
2020-07-05,18.56,18.585,18.54,18.56,3142,0.0,55.50025343234276,66.66666666666681,70.40149393090583,0.052425085026534646,0.021321947258706245,0.0311031377678284
2020-07-06,18.545,18.58,18.545,18.57,4662,0.0,56.01637987113699,69.747899159664,68.62745098039233,0.0526629417052078,0.027590146148006554,0.025072795557201245
2020-07-07,18.58,18.63,18.57,18.63,3644,0.0,59.08285749082077,74.12435059493886,70.17963880708989,0.05703547395539488,0.033479211709484216,0.02355626224591066
2020-07-08,18.63,18.68,18.63,18.68,12348,0.0,61.492212684144015,80.78958078958088,74.88727684806126,0.0637998741633119,0.039543344200249755,0.024256529963062143
2020-07-09,18.68,18.7,18.66,18.7,5576,0.0,62.444811748949476,87.99454973368022,80.96949370606667,0.06996799541836651,0.045628274443873115,0.024339720974493398
2020-07-10,18.695,18.75,18.69,18.69,7720,0.0,61.62395785657089,86.57004830917901,85.1180596108134,0.07320549218038153,0.0511437179911748,0.022061774189206726
2020-07-11,18.69,18.69,18.62,18.64,7120,0.0,57.55041185649755,75.0228653334247,83.195821125428,0.07091913788075743,0.055098801969091324,0.01582033591166611
2020-07-12,18.64,18.69,18.63,18.68,8916,0.0,59.83767710136033,67.81789638932528,76.47027001064303,0.07151052254195278,0.05838114608366362,0.013129376458289162
2020-07-13,18.69,18.73,18.66,18.725,17800,0.0,62.29881132165399,72.1088435374153,71.64986842005511,0.07474866696264115,0.06165465025945913,0.01309401670318202
2020-07-14,18.725,18.73,18.7,18.7,18766,0.0,60.09552573862941,80.27210884353752,73.39961625675939,0.07443953604480313,0.06421162741652794,0.01022790862827519
2020-07-15,18.67,18.715,18.67,18.67,38964,0.0,57.468948289535355,78.91156462585072,77.09750566893453,0.0709558632625118,0.06556047458572473,0.005395388676787072
2020-07-16,18.665,18.7,18.53,18.53,26156,0.0,47.11905038098179,52.380952380952834,70.52154195011371,0.05624978500558697,0.06369833666969718,-0.007448551664110209
2020-07-17,18.53,18.55,18.395,18.45,139260,0.0,42.41795387417463,31.0146593848812,54.10239213056161,0.037705139248672026,0.05849969718549215,-0.020794557936820127
2020-07-18,18.58,18.585,18.44,18.54,2976,0.0,48.627636321496105,22.180703267222537,35.19210501101888,0.02992565736791164,0.05278488922197606,-0.022859231854064417
2020-07-19,18.52,18.64,18.52,18.545,11492,0.0,48.95696606601879,32.86384976525827,28.686404139120697,0.02388844897281217,0.04700560117214328,-0.02311715219933111
2020-07-20,18.57,18.59,18.46,18.53,9430,0.0,47.96357804059856,40.375586854460316,31.80671329564707,0.017689628162148807,0.04114240657014438,-0.023452778407995575
2020-07-21,18.535,18.64,18.535,18.535,12264,0.0,48.339868631814085,39.90610328638529,37.71517996870132,0.013030271365618518,0.03551997952923921,-0.02248970816362069
2020-07-22,18.55,18.56,18.46,18.515,16782,0.0,46.87956168952664,37.08920187793448,39.12363067292673,0.007635843432549194,0.029943152309901206,-0.022307308877352012
2020-07-23,18.52,18.62,18.515,18.62,8938,0.0,54.6288597389181,45.53990610328657,40.84507042253548,0.011698489998575923,0.02629421984763615,-0.014595729849060227
2020-07-24,18.66,18.72,18.6,18.63,6234,0.0,55.297705402338764,55.777450774297556,46.135519585172894,0.015545879872263413,0.024144551852561605,-0.008598671980298192
2020-07-25,18.65,18.65,18.62,18.64,5722,0.0,55.99629188850316,68.88795459323102,56.73510382360508,0.019180776441420022,0.02315179677033329,-0.003971020328913267
2020-07-26,18.65,18.66,18.62,18.645,7568,0.0,56.363485490425916,72.63681592039782,65.7674070959755,0.022208905930742873,0.022963218602415205,-0.0007543126716723324
2020-07-27,18.635,18.645,18.6,18.645,6110,0.0,56.363485490425916,74.12935323383071,71.88470791581989,0.024328279109774087,0.02323623070388698,0.0010920484058871069
2020-07-28,18.63,18.74,18.63,18.72,8308,0.0,61.89504855931646,81.15220996466927,75.97279303963263,0.031694417308621325,0.024927868024833853,0.006766549283787473
2020-07-29,18.71,18.73,18.705,18.73,2598,0.0,62.57623918604731,88.64373783257635,81.30843367702548,0.03790213906203377,0.02752272223227384,0.01037941682975993
